11:55:33.762 (index):2111 Tasks: 25; Collaborators: 30    =========================>
11:55:33.763 (index):1018 NODEACCESSREQUESTED_0
11:55:33.764 (index):1018 NODEACCESSREQUESTED_1
11:55:33.764 (index):1012 ATTRIBUTEACCESSREQUESTED_2
11:55:33.765 (index):1012 ATTRIBUTEACCESSREQUESTED_3
11:55:33.766 (index):1018 NODEACCESSREQUESTED_4
11:55:33.766 (index):1018 NODEACCESSREQUESTED_5
11:55:33.767 (index):1018 NODEACCESSREQUESTED_6
11:55:33.768 (index):1018 NODEACCESSREQUESTED_7
11:55:33.768 (index):1018 NODEACCESSREQUESTED_8
11:55:33.769 (index):1018 NODEACCESSREQUESTED_9
11:55:33.770 (index):1012 ATTRIBUTEACCESSREQUESTED_10
11:55:33.771 (index):1018 NODEACCESSREQUESTED_11
11:55:33.771 (index):1018 NODEACCESSREQUESTED_12
11:55:33.772 (index):1018 NODEACCESSREQUESTED_13
11:55:33.773 (index):1012 ATTRIBUTEACCESSREQUESTED_14
11:55:33.773 (index):1018 NODEACCESSREQUESTED_15
11:55:33.774 (index):1018 NODEACCESSREQUESTED_16
11:55:33.775 (index):1018 NODEACCESSREQUESTED_17
11:55:33.775 (index):1018 NODEACCESSREQUESTED_18
11:55:33.776 (index):1018 NODEACCESSREQUESTED_19
11:55:33.777 (index):1018 NODEACCESSREQUESTED_20
11:55:33.777 (index):1012 ATTRIBUTEACCESSREQUESTED_21
11:55:33.778 (index):1012 ATTRIBUTEACCESSREQUESTED_22
11:55:33.779 (index):1018 NODEACCESSREQUESTED_23
11:55:33.779 (index):1018 NODEACCESSREQUESTED_24
11:55:33.780 (index):1018 NODEACCESSREQUESTED_25
11:55:33.781 (index):1018 NODEACCESSREQUESTED_26
11:55:33.781 (index):1018 NODEACCESSREQUESTED_27
11:55:33.782 (index):1018 NODEACCESSREQUESTED_28
11:55:33.783 (index):1012 ATTRIBUTEACCESSREQUESTED_29
11:55:33.783 (index):957 NODEACCESSRELEASED_0
11:55:33.784 (index):957 NODEACCESSRELEASED_1
11:55:33.785 (index):961 ATTRIBUTEACCESSRELEASED_2
11:55:33.785 (index):961 ATTRIBUTEACCESSRELEASED_3
11:55:33.786 (index):957 NODEACCESSRELEASED_4
11:55:33.787 (index):957 NODEACCESSRELEASED_5
11:55:33.787 (index):1044 WAITING_6
11:55:33.788 (index):1044 WAITING_7
11:55:33.789 (index):957 NODEACCESSRELEASED_8
11:55:33.789 (index):957 NODEACCESSRELEASED_9
11:55:33.790 (index):961 ATTRIBUTEACCESSRELEASED_10
11:55:33.791 (index):1044 WAITING_11
11:55:33.791 (index):1044 WAITING_12
11:55:33.792 (index):1044 WAITING_13
11:55:33.793 (index):961 ATTRIBUTEACCESSRELEASED_14
11:55:33.793 (index):957 NODEACCESSRELEASED_15
11:55:33.794 (index):957 NODEACCESSRELEASED_16
11:55:33.795 (index):957 NODEACCESSRELEASED_17
11:55:33.795 (index):957 NODEACCESSRELEASED_18
11:55:33.796 (index):957 NODEACCESSRELEASED_19
11:55:33.797 (index):957 NODEACCESSRELEASED_20
11:55:33.797 (index):961 ATTRIBUTEACCESSRELEASED_21
11:55:33.798 (index):961 ATTRIBUTEACCESSRELEASED_22
11:55:33.799 (index):957 NODEACCESSRELEASED_23
11:55:33.799 (index):957 NODEACCESSRELEASED_24
11:55:33.800 (index):1044 WAITING_25
11:55:33.801 (index):957 NODEACCESSRELEASED_26
11:55:33.802 (index):957 NODEACCESSRELEASED_27
11:55:33.802 (index):1044 WAITING_28
11:55:33.803 (index):961 ATTRIBUTEACCESSRELEASED_29
11:55:33.804 (index):1018 NODEACCESSREQUESTED_0
11:55:33.804 (index):1018 NODEACCESSREQUESTED_1
11:55:33.805 (index):1012 ATTRIBUTEACCESSREQUESTED_2
11:55:33.806 (index):1012 ATTRIBUTEACCESSREQUESTED_3
11:55:33.806 (index):1018 NODEACCESSREQUESTED_4
11:55:33.807 (index):1018 NODEACCESSREQUESTED_5
11:55:33.808 (index):957 NODEACCESSRELEASED_6
11:55:33.808 (index):1044 WAITING_7
11:55:33.809 (index):1018 NODEACCESSREQUESTED_8
11:55:33.810 (index):1018 NODEACCESSREQUESTED_9
11:55:33.810 (index):1012 ATTRIBUTEACCESSREQUESTED_10
11:55:33.811 (index):1044 WAITING_11
11:55:33.812 (index):1044 WAITING_12
11:55:33.812 (index):957 NODEACCESSRELEASED_13
11:55:33.813 (index):1012 ATTRIBUTEACCESSREQUESTED_14
11:55:33.814 (index):1018 NODEACCESSREQUESTED_15
11:55:33.814 (index):1018 NODEACCESSREQUESTED_16
11:55:33.815 (index):1018 NODEACCESSREQUESTED_17
11:55:33.816 (index):1018 NODEACCESSREQUESTED_18
11:55:33.816 (index):1018 NODEACCESSREQUESTED_19
11:55:33.817 (index):1018 NODEACCESSREQUESTED_20
11:55:33.818 (index):1012 ATTRIBUTEACCESSREQUESTED_21
11:55:33.818 (index):1012 ATTRIBUTEACCESSREQUESTED_22
11:55:33.819 (index):1018 NODEACCESSREQUESTED_23
11:55:33.819 (index):1018 NODEACCESSREQUESTED_24
11:55:33.820 (index):1044 WAITING_25
11:55:33.821 (index):1018 NODEACCESSREQUESTED_26
11:55:33.821 (index):1018 NODEACCESSREQUESTED_27
11:55:33.822 (index):1044 WAITING_28
11:55:33.823 (index):1012 ATTRIBUTEACCESSREQUESTED_29
11:55:33.877 (index):982 UPDATE_0
11:55:33.878 (index):1044 WAITING_1
11:55:33.879 (index):985 UPDATE_2
11:55:33.880 (index):1044 WAITING_3
11:55:33.880 (index):982 UPDATE_4
11:55:33.881 (index):982 UPDATE_5
11:55:33.882 (index):1018 NODEACCESSREQUESTED_6
11:55:33.882 (index):1044 WAITING_7
11:55:33.883 (index):1044 WAITING_8
11:55:33.884 (index):982 UPDATE_9
11:55:33.884 (index):985 UPDATE_10
11:55:33.885 (index):1044 WAITING_11
11:55:33.885 (index):1044 WAITING_12
11:55:33.886 (index):1018 NODEACCESSREQUESTED_13
11:55:33.887 (index):1044 WAITING_14
11:55:33.888 (index):1044 WAITING_15
11:55:33.888 (index):1044 WAITING_16
11:55:33.889 (index):1044 WAITING_17
11:55:33.889 (index):1044 WAITING_18
11:55:33.890 (index):982 UPDATE_19
11:55:33.891 (index):1044 WAITING_20
11:55:33.891 (index):1044 WAITING_21
11:55:33.892 (index):985 UPDATE_22
11:55:33.893 (index):1044 WAITING_23
11:55:33.893 (index):1044 WAITING_24
11:55:33.894 (index):1044 WAITING_25
11:55:33.895 (index):1044 WAITING_26
11:55:33.895 (index):1044 WAITING_27
11:55:33.896 (index):1044 WAITING_28
11:55:33.897 (index):1044 WAITING_29
11:55:33.897 (index):957 NODEACCESSRELEASED_0
11:55:33.898 (index):1044 WAITING_1
11:55:33.899 (index):961 ATTRIBUTEACCESSRELEASED_2
11:55:33.899 (index):985 UPDATE_3
11:55:33.900 (index):957 NODEACCESSRELEASED_4
11:55:33.901 (index):957 NODEACCESSRELEASED_5
11:55:33.901 (index):1044 WAITING_6
11:55:33.902 (index):1044 WAITING_7
11:55:33.903 (index):982 UPDATE_8
11:55:33.904 (index):957 NODEACCESSRELEASED_9
11:55:33.904 (index):961 ATTRIBUTEACCESSRELEASED_10
11:55:33.905 (index):1044 WAITING_11
11:55:33.905 (index):1044 WAITING_12
11:55:33.906 (index):1044 WAITING_13
11:55:33.907 (index):1044 WAITING_14
11:55:33.907 (index):1044 WAITING_15
11:55:33.908 (index):1044 WAITING_16
11:55:33.909 (index):982 UPDATE_17
11:55:33.909 (index):1044 WAITING_18
11:55:33.910 (index):957 NODEACCESSRELEASED_19
11:55:33.911 (index):1044 WAITING_20
11:55:33.911 (index):1044 WAITING_21
11:55:33.912 (index):961 ATTRIBUTEACCESSRELEASED_22
11:55:33.913 (index):982 UPDATE_23
11:55:33.913 (index):982 UPDATE_24
11:55:33.914 (index):1044 WAITING_25
11:55:33.915 (index):1044 WAITING_26
11:55:33.915 (index):1044 WAITING_27
11:55:33.916 (index):1044 WAITING_28
11:55:33.917 (index):985 UPDATE_29
11:55:33.917 (index):1018 NODEACCESSREQUESTED_0
11:55:33.918 (index):1044 WAITING_1
11:55:33.919 (index):1018 NODEACCESSREQUESTED_2
11:55:33.919 (index):961 ATTRIBUTEACCESSRELEASED_3
11:55:33.920 (index):1012 ATTRIBUTEACCESSREQUESTED_4
11:55:33.921 (index):1012 ATTRIBUTEACCESSREQUESTED_5
11:55:33.921 (index):1044 WAITING_6
11:55:33.922 (index):1044 WAITING_7
11:55:33.923 (index):957 NODEACCESSRELEASED_8
11:55:33.923 (index):1018 NODEACCESSREQUESTED_9
11:55:33.924 (index):1012 ATTRIBUTEACCESSREQUESTED_10
11:55:33.925 (index):1044 WAITING_11
11:55:33.925 (index):1044 WAITING_12
11:55:33.926 (index):1044 WAITING_13
11:55:33.927 (index):985 UPDATE_14
11:55:33.927 (index):982 UPDATE_15
11:55:33.928 (index):1044 WAITING_16
11:55:33.929 (index):957 NODEACCESSRELEASED_17
11:55:33.929 (index):1044 WAITING_18
11:55:33.930 (index):1012 ATTRIBUTEACCESSREQUESTED_19
11:55:33.931 (index):1044 WAITING_20
11:55:33.931 (index):1044 WAITING_21
11:55:33.932 (index):1018 NODEACCESSREQUESTED_22
11:55:33.933 (index):957 NODEACCESSRELEASED_23
11:55:33.933 (index):957 NODEACCESSRELEASED_24
11:55:33.934 (index):1044 WAITING_25
11:55:33.934 (index):982 UPDATE_26
11:55:33.935 (index):982 UPDATE_27
11:55:33.936 (index):1044 WAITING_28
11:55:33.937 (index):961 ATTRIBUTEACCESSRELEASED_29
11:55:33.937 (index):982 UPDATE_0
11:55:33.938 (index):1044 WAITING_1
11:55:33.939 (index):982 UPDATE_2
11:55:33.939 (index):1018 NODEACCESSREQUESTED_3
11:55:33.940 (index):985 UPDATE_4
11:55:33.940 (index):985 UPDATE_5
11:55:33.941 (index):1044 WAITING_6
11:55:33.942 (index):1044 WAITING_7
11:55:33.942 (index):1018 NODEACCESSREQUESTED_8
11:55:33.943 (index):982 UPDATE_9
11:55:33.944 (index):985 UPDATE_10
11:55:33.944 (index):1044 WAITING_11
11:55:33.945 (index):1044 WAITING_12
11:55:33.946 (index):1044 WAITING_13
11:55:33.946 (index):961 ATTRIBUTEACCESSRELEASED_14
11:55:33.947 (index):957 NODEACCESSRELEASED_15
11:55:33.948 (index):982 UPDATE_16
11:55:33.948 (index):1018 NODEACCESSREQUESTED_17
11:55:33.949 (index):1044 WAITING_18
11:55:33.950 (index):1044 WAITING_19
11:55:33.950 (index):1044 WAITING_20
11:55:33.951 (index):985 UPDATE_21
11:55:33.952 (index):1044 WAITING_22
11:55:33.952 (index):1018 NODEACCESSREQUESTED_23
11:55:33.953 (index):1018 NODEACCESSREQUESTED_24
11:55:33.954 (index):1044 WAITING_25
11:55:33.954 (index):957 NODEACCESSRELEASED_26
11:55:33.955 (index):957 NODEACCESSRELEASED_27
11:55:33.956 (index):1044 WAITING_28
11:55:33.956 (index):1018 NODEACCESSREQUESTED_29
11:55:33.957 (index):957 NODEACCESSRELEASED_0
11:55:33.958 (index):1044 WAITING_1
11:55:33.958 (index):957 NODEACCESSRELEASED_2
11:55:33.959 (index):1044 WAITING_3
11:55:33.960 (index):961 ATTRIBUTEACCESSRELEASED_4
11:55:33.960 (index):961 ATTRIBUTEACCESSRELEASED_5
11:55:33.961 (index):982 UPDATE_6
11:55:33.962 (index):1044 WAITING_7
11:55:33.962 (index):982 UPDATE_8
11:55:33.963 (index):957 NODEACCESSRELEASED_9
11:55:33.964 (index):961 ATTRIBUTEACCESSRELEASED_10
11:55:33.964 (index):1044 WAITING_11
11:55:33.965 (index):1044 WAITING_12
11:55:33.966 (index):982 UPDATE_13
11:55:33.966 (index):1018 NODEACCESSREQUESTED_14
11:55:33.967 (index):1018 NODEACCESSREQUESTED_15
11:55:33.968 (index):957 NODEACCESSRELEASED_16
11:55:33.968 (index):1044 WAITING_17
11:55:33.969 (index):1044 WAITING_18
11:55:33.970 (index):985 UPDATE_19
11:55:33.970 (index):982 UPDATE_20
11:55:33.971 (index):961 ATTRIBUTEACCESSRELEASED_21
11:55:33.972 (index):1044 WAITING_22
11:55:33.972 (index):1044 WAITING_23
11:55:33.973 (index):1044 WAITING_24
11:55:33.974 (index):1044 WAITING_25
11:55:33.974 (index):1012 ATTRIBUTEACCESSREQUESTED_26
11:55:33.975 (index):1018 NODEACCESSREQUESTED_27
11:55:33.976 (index):1044 WAITING_28
11:55:33.976 (index):1044 WAITING_29
11:55:33.977 (index):1018 NODEACCESSREQUESTED_0
11:55:33.978 (index):1044 WAITING_1
11:55:33.978 (index):1018 NODEACCESSREQUESTED_2
11:55:33.979 (index):1044 WAITING_3
11:55:33.980 (index):1018 NODEACCESSREQUESTED_4
11:55:33.980 (index):1018 NODEACCESSREQUESTED_5
11:55:33.981 (index):957 NODEACCESSRELEASED_6
11:55:33.982 (index):1044 WAITING_7
11:55:33.982 (index):957 NODEACCESSRELEASED_8
11:55:33.983 (index):1012 ATTRIBUTEACCESSREQUESTED_9
11:55:33.984 (index):1018 NODEACCESSREQUESTED_10
11:55:33.984 (index):1044 WAITING_11
11:55:33.985 (index):1044 WAITING_12
11:55:33.986 (index):957 NODEACCESSRELEASED_13
11:55:33.986 (index):1044 WAITING_14
11:55:33.987 (index):982 UPDATE_15
11:55:33.988 (index):1018 NODEACCESSREQUESTED_16
11:55:33.988 (index):1044 WAITING_17
11:55:33.989 (index):1044 WAITING_18
11:55:33.990 (index):961 ATTRIBUTEACCESSRELEASED_19
11:55:33.990 (index):957 NODEACCESSRELEASED_20
11:55:33.991 (index):1012 ATTRIBUTEACCESSREQUESTED_21
11:55:33.992 (index):982 UPDATE_22
11:55:33.992 (index):982 UPDATE_23
11:55:33.993 (index):1044 WAITING_24
11:55:33.994 (index):1044 WAITING_25
11:55:33.994 (index):985 UPDATE_26
11:55:33.995 (index):1044 WAITING_27
11:55:33.996 (index):1044 WAITING_28
11:55:33.996 (index):1044 WAITING_29
11:55:33.997 (index):1044 WAITING_0
11:55:33.998 (index):1044 WAITING_1
11:55:33.998 (index):982 UPDATE_2
11:55:33.999 (index):982 UPDATE_3
11:55:34.000 (index):982 UPDATE_4
11:55:34.000 (index):982 UPDATE_5
11:55:34.001 (index):1018 NODEACCESSREQUESTED_6
11:55:34.002 (index):1044 WAITING_7
11:55:34.002 (index):1018 NODEACCESSREQUESTED_8
11:55:34.003 (index):985 UPDATE_9
11:55:34.004 (index):1044 WAITING_10
11:55:34.004 (index):1044 WAITING_11
11:55:34.005 (index):1044 WAITING_12
11:55:34.006 (index):1018 NODEACCESSREQUESTED_13
11:55:34.006 (index):1044 WAITING_14
11:55:34.007 (index):957 NODEACCESSRELEASED_15
11:55:34.008 (index):1044 WAITING_16
11:55:34.008 (index):1044 WAITING_17
11:55:34.009 (index):1044 WAITING_18
11:55:34.010 (index):1012 ATTRIBUTEACCESSREQUESTED_19
11:55:34.010 (index):1012 ATTRIBUTEACCESSREQUESTED_20
11:55:34.011 (index):1044 WAITING_21
11:55:34.012 (index):957 NODEACCESSRELEASED_22
11:55:34.012 (index):957 NODEACCESSRELEASED_23
11:55:34.013 (index):1044 WAITING_24
11:55:34.013 (index):1044 WAITING_25
11:55:34.014 (index):961 ATTRIBUTEACCESSRELEASED_26
11:55:34.014 (index):982 UPDATE_27
11:55:34.015 (index):1044 WAITING_28
11:55:34.015 (index):1044 WAITING_29
11:55:34.016 (index):1044 WAITING_0
11:55:34.016 (index):1044 WAITING_1
11:55:34.017 (index):957 NODEACCESSRELEASED_2
11:55:34.018 (index):957 NODEACCESSRELEASED_3
11:55:34.018 (index):957 NODEACCESSRELEASED_4
11:55:34.019 (index):957 NODEACCESSRELEASED_5
11:55:34.020 (index):982 UPDATE_6
11:55:34.021 (index):1044 WAITING_7
11:55:34.021 (index):982 UPDATE_8
11:55:34.022 (index):961 ATTRIBUTEACCESSRELEASED_9
11:55:34.023 (index):1044 WAITING_10
11:55:34.023 (index):1044 WAITING_11
11:55:34.024 (index):1044 WAITING_12
11:55:34.025 (index):982 UPDATE_13
11:55:34.025 (index):1044 WAITING_14
11:55:34.026 (index):1018 NODEACCESSREQUESTED_15
11:55:34.027 (index):1044 WAITING_16
11:55:34.027 (index):1044 WAITING_17
11:55:34.028 (index):1044 WAITING_18
11:55:34.029 (index):985 UPDATE_19
11:55:34.029 (index):1044 WAITING_20
11:55:34.030 (index):985 UPDATE_21
11:55:34.031 (index):1012 ATTRIBUTEACCESSREQUESTED_22
11:55:34.031 (index):1012 ATTRIBUTEACCESSREQUESTED_23
11:55:34.032 (index):982 UPDATE_24
11:55:34.033 (index):1044 WAITING_25
11:55:34.033 (index):1018 NODEACCESSREQUESTED_26
11:55:34.034 (index):957 NODEACCESSRELEASED_27
11:55:34.035 (index):1044 WAITING_28
11:55:34.035 (index):982 UPDATE_29
11:55:34.036 (index):1044 WAITING_0
11:55:34.037 (index):1044 WAITING_1
11:55:34.037 (index):1018 NODEACCESSREQUESTED_2
11:55:34.038 (index):1012 ATTRIBUTEACCESSREQUESTED_3
11:55:34.039 (index):1018 NODEACCESSREQUESTED_4
11:55:34.039 (index):1012 ATTRIBUTEACCESSREQUESTED_5
11:55:34.040 (index):957 NODEACCESSRELEASED_6
11:55:34.041 (index):1044 WAITING_7
11:55:34.041 (index):957 NODEACCESSRELEASED_8
11:55:34.042 (index):1018 NODEACCESSREQUESTED_9
11:55:34.043 (index):1044 WAITING_10
11:55:34.043 (index):1044 WAITING_11
11:55:34.044 (index):1044 WAITING_12
11:55:34.045 (index):957 NODEACCESSRELEASED_13
11:55:34.045 (index):1044 WAITING_14
11:55:34.046 (index):1044 WAITING_15
11:55:34.046 (index):982 UPDATE_16
11:55:34.047 (index):1044 WAITING_17
11:55:34.048 (index):1044 WAITING_18
11:55:34.048 (index):961 ATTRIBUTEACCESSRELEASED_19
11:55:34.049 (index):1044 WAITING_20
11:55:34.050 (index):961 ATTRIBUTEACCESSRELEASED_21
11:55:34.051 (index):985 UPDATE_22
11:55:34.051 (index):1044 WAITING_23
11:55:34.052 (index):957 NODEACCESSRELEASED_24
11:55:34.053 (index):1044 WAITING_25
11:55:34.053 (index):982 UPDATE_26
11:55:34.054 (index):1018 NODEACCESSREQUESTED_27
11:55:34.054 (index):1044 WAITING_28
11:55:34.055 (index):957 NODEACCESSRELEASED_29
11:55:34.056 (index):1044 WAITING_0
11:55:34.056 (index):1044 WAITING_1
11:55:34.057 (index):982 UPDATE_2
11:55:34.058 (index):985 UPDATE_3
11:55:34.058 (index):1044 WAITING_4
11:55:34.059 (index):985 UPDATE_5
11:55:34.060 (index):1018 NODEACCESSREQUESTED_6
11:55:34.060 (index):1044 WAITING_7
11:55:34.061 (index):1018 NODEACCESSREQUESTED_8
11:55:34.062 (index):1044 WAITING_9
11:55:34.062 (index):1044 WAITING_10
11:55:34.063 (index):957 NODEACCESSRELEASED_11
11:55:34.064 (index):1044 WAITING_12
11:55:34.064 (index):1018 NODEACCESSREQUESTED_13
11:55:34.065 (index):1044 WAITING_14
11:55:34.066 (index):1044 WAITING_15
11:55:34.066 (index):957 NODEACCESSRELEASED_16
11:55:34.067 (index):1044 WAITING_17
11:55:34.068 (index):982 UPDATE_18
11:55:34.068 (index):1018 NODEACCESSREQUESTED_19
11:55:34.069 (index):985 UPDATE_20
11:55:34.070 (index):1018 NODEACCESSREQUESTED_21
11:55:34.070 (index):961 ATTRIBUTEACCESSRELEASED_22
11:55:34.071 (index):985 UPDATE_23
11:55:34.072 (index):1018 NODEACCESSREQUESTED_24
11:55:34.072 (index):1044 WAITING_25
11:55:34.073 (index):957 NODEACCESSRELEASED_26
11:55:34.074 (index):1044 WAITING_27
11:55:34.075 (index):1044 WAITING_28
11:55:34.075 (index):1018 NODEACCESSREQUESTED_29
11:55:34.076 (index):1044 WAITING_0
11:55:34.077 (index):1044 WAITING_1
11:55:34.077 (index):957 NODEACCESSRELEASED_2
11:55:34.078 (index):961 ATTRIBUTEACCESSRELEASED_3
11:55:34.079 (index):982 UPDATE_4
11:55:34.079 (index):961 ATTRIBUTEACCESSRELEASED_5
11:55:34.080 (index):1044 WAITING_6
11:55:34.081 (index):1044 WAITING_7
11:55:34.081 (index):982 UPDATE_8
11:55:34.082 (index):1044 WAITING_9
11:55:34.083 (index):1044 WAITING_10
11:55:34.083 (index):1018 NODEACCESSREQUESTED_11
11:55:34.084 (index):1044 WAITING_12
11:55:34.085 (index):1044 WAITING_13
11:55:34.085 (index):1044 WAITING_14
11:55:34.086 (index):1044 WAITING_15
11:55:34.087 (index):1018 NODEACCESSREQUESTED_16
11:55:34.087 (index):1044 WAITING_17
11:55:34.088 (index):957 NODEACCESSRELEASED_18
11:55:34.089 (index):1044 WAITING_19
11:55:34.089 (index):961 ATTRIBUTEACCESSRELEASED_20
11:55:34.090 (index):1044 WAITING_21
11:55:34.091 (index):1018 NODEACCESSREQUESTED_22
11:55:34.091 (index):961 ATTRIBUTEACCESSRELEASED_23
11:55:34.092 (index):1044 WAITING_24
11:55:34.093 (index):1044 WAITING_25
11:55:34.093 (index):1018 NODEACCESSREQUESTED_26
11:55:34.094 (index):982 UPDATE_27
11:55:34.095 (index):1044 WAITING_28
11:55:34.095 (index):1044 WAITING_29
11:55:34.096 (index):982 UPDATE_0
11:55:34.096 (index):1044 WAITING_1
11:55:34.097 (index):1012 ATTRIBUTEACCESSREQUESTED_2
11:55:34.098 (index):1018 NODEACCESSREQUESTED_3
11:55:34.099 (index):957 NODEACCESSRELEASED_4
11:55:34.099 (index):1012 ATTRIBUTEACCESSREQUESTED_5
11:55:34.100 (index):982 UPDATE_6
11:55:34.100 (index):1044 WAITING_7
11:55:34.101 (index):957 NODEACCESSRELEASED_8
11:55:34.102 (index):1044 WAITING_9
11:55:34.103 (index):1044 WAITING_10
11:55:34.103 (index):1044 WAITING_11
11:55:34.104 (index):1044 WAITING_12
11:55:34.105 (index):1044 WAITING_13
11:55:34.105 (index):1044 WAITING_14
11:55:34.106 (index):1044 WAITING_15
11:55:34.107 (index):1044 WAITING_16
11:55:34.107 (index):1044 WAITING_17
11:55:34.108 (index):1018 NODEACCESSREQUESTED_18
11:55:34.108 (index):1044 WAITING_19
11:55:34.109 (index):1018 NODEACCESSREQUESTED_20
11:55:34.110 (index):1044 WAITING_21
11:55:34.110 (index):982 UPDATE_22
11:55:34.111 (index):1018 NODEACCESSREQUESTED_23
11:55:34.112 (index):1044 WAITING_24
11:55:34.112 (index):1044 WAITING_25
11:55:34.113 (index):982 UPDATE_26
11:55:34.114 (index):957 NODEACCESSRELEASED_27
11:55:34.114 (index):1044 WAITING_28
11:55:34.115 (index):982 UPDATE_29
11:55:34.116 (index):957 NODEACCESSRELEASED_0
11:55:34.117 (index):1044 WAITING_1
11:55:34.117 (index):985 UPDATE_2
11:55:34.118 (index):1044 WAITING_3
11:55:34.118 (index):1012 ATTRIBUTEACCESSREQUESTED_4
11:55:34.119 (index):985 UPDATE_5
11:55:34.120 (index):957 NODEACCESSRELEASED_6
11:55:34.120 (index):1044 WAITING_7
11:55:34.121 (index):1012 ATTRIBUTEACCESSREQUESTED_8
11:55:34.122 (index):1044 WAITING_9
11:55:34.122 (index):1044 WAITING_10
11:55:34.123 (index):1044 WAITING_11
11:55:34.124 (index):1044 WAITING_12
11:55:34.124 (index):982 UPDATE_13
11:55:34.125 (index):1044 WAITING_14
11:55:34.126 (index):982 UPDATE_15
11:55:34.126 (index):1044 WAITING_16
11:55:34.127 (index):1044 WAITING_17
11:55:34.128 (index):982 UPDATE_18
11:55:34.128 (index):1044 WAITING_19
11:55:34.129 (index):1044 WAITING_20
11:55:34.130 (index):1044 WAITING_21
11:55:34.130 (index):957 NODEACCESSRELEASED_22
11:55:34.131 (index):1044 WAITING_23
11:55:34.132 (index):1044 WAITING_24
11:55:34.132 (index):1044 WAITING_25
11:55:34.133 (index):957 NODEACCESSRELEASED_26
11:55:34.134 (index):1018 NODEACCESSREQUESTED_27
11:55:34.134 (index):1044 WAITING_28
11:55:34.135 (index):957 NODEACCESSRELEASED_29
11:55:34.136 (index):1012 ATTRIBUTEACCESSREQUESTED_0
11:55:34.136 (index):1044 WAITING_1
11:55:34.137 (index):961 ATTRIBUTEACCESSRELEASED_2
11:55:34.138 (index):982 UPDATE_3
11:55:34.139 (index):985 UPDATE_4
11:55:34.139 (index):961 ATTRIBUTEACCESSRELEASED_5
11:55:34.140 (index):1018 NODEACCESSREQUESTED_6
11:55:34.140 (index):1044 WAITING_7
11:55:34.141 (index):985 UPDATE_8
11:55:34.142 (index):1044 WAITING_9
11:55:34.142 (index):1044 WAITING_10
11:55:34.143 (index):1044 WAITING_11
11:55:34.144 (index):1044 WAITING_12
11:55:34.144 (index):957 NODEACCESSRELEASED_13
11:55:34.145 (index):1044 WAITING_14
11:55:34.146 (index):957 NODEACCESSRELEASED_15
11:55:34.146 (index):1044 WAITING_16
11:55:34.147 (index):1044 WAITING_17
11:55:34.148 (index):957 NODEACCESSRELEASED_18
11:55:34.148 (index):1044 WAITING_19
11:55:34.149 (index):982 UPDATE_20
11:55:34.150 (index):1044 WAITING_21
11:55:34.150 (index):1018 NODEACCESSREQUESTED_22
11:55:34.151 (index):1044 WAITING_23
11:55:34.152 (index):1044 WAITING_24
11:55:34.152 (index):1044 WAITING_25
11:55:34.153 (index):1018 NODEACCESSREQUESTED_26
11:55:34.154 (index):982 UPDATE_27
11:55:34.154 (index):1044 WAITING_28
11:55:34.155 (index):1018 NODEACCESSREQUESTED_29
11:55:34.156 (index):985 UPDATE_0
11:55:34.156 (index):1044 WAITING_1
11:55:34.157 (index):1018 NODEACCESSREQUESTED_2
11:55:34.157 (index):957 NODEACCESSRELEASED_3
11:55:34.158 (index):961 ATTRIBUTEACCESSRELEASED_4
11:55:34.159 (index):1018 NODEACCESSREQUESTED_5
11:55:34.160 (index):1044 WAITING_6
11:55:34.160 (index):1044 WAITING_7
11:55:34.161 (index):961 ATTRIBUTEACCESSRELEASED_8
11:55:34.162 (index):982 UPDATE_9
11:55:34.162 (index):1044 WAITING_10
11:55:34.163 (index):982 UPDATE_11
11:55:34.163 (index):1044 WAITING_12
11:55:34.164 (index):1012 ATTRIBUTEACCESSREQUESTED_13
11:55:34.165 (index):1044 WAITING_14
11:55:34.165 (index):1012 ATTRIBUTEACCESSREQUESTED_15
11:55:34.166 (index):1044 WAITING_16
11:55:34.167 (index):1044 WAITING_17
11:55:34.167 (index):1012 ATTRIBUTEACCESSREQUESTED_18
11:55:34.168 (index):1044 WAITING_19
11:55:34.169 (index):957 NODEACCESSRELEASED_20
11:55:34.169 (index):1044 WAITING_21
11:55:34.170 (index):982 UPDATE_22
11:55:34.171 (index):1044 WAITING_23
11:55:34.171 (index):1044 WAITING_24
11:55:34.172 (index):1044 WAITING_25
11:55:34.173 (index):1044 WAITING_26
11:55:34.173 (index):957 NODEACCESSRELEASED_27
11:55:34.174 (index):1044 WAITING_28
11:55:34.175 (index):982 UPDATE_29
11:55:34.175 (index):961 ATTRIBUTEACCESSRELEASED_0
11:55:34.176 (index):1044 WAITING_1
11:55:34.177 (index):1044 WAITING_2
11:55:34.177 (index):1012 ATTRIBUTEACCESSREQUESTED_3
11:55:34.178 (index):1018 NODEACCESSREQUESTED_4
11:55:34.179 (index):982 UPDATE_5
11:55:34.179 (index):1044 WAITING_6
11:55:34.180 (index):1044 WAITING_7
11:55:34.181 (index):1018 NODEACCESSREQUESTED_8
11:55:34.181 (index):957 NODEACCESSRELEASED_9
11:55:34.182 (index):1044 WAITING_10
11:55:34.183 (index):957 NODEACCESSRELEASED_11
11:55:34.183 (index):1044 WAITING_12
11:55:34.184 (index):985 UPDATE_13
11:55:34.185 (index):1044 WAITING_14
11:55:34.185 (index):985 UPDATE_15
11:55:34.186 (index):1044 WAITING_16
11:55:34.187 (index):1044 WAITING_17
11:55:34.187 (index):1044 WAITING_18
11:55:34.188 (index):982 UPDATE_19
11:55:34.189 (index):1018 NODEACCESSREQUESTED_20
11:55:34.189 (index):1044 WAITING_21
11:55:34.190 (index):957 NODEACCESSRELEASED_22
11:55:34.191 (index):982 UPDATE_23
11:55:34.191 (index):1044 WAITING_24
11:55:34.192 (index):1044 WAITING_25
11:55:34.193 (index):1044 WAITING_26
11:55:34.193 (index):1012 ATTRIBUTEACCESSREQUESTED_27
11:55:34.194 (index):1044 WAITING_28
11:55:34.195 (index):957 NODEACCESSRELEASED_29
11:55:34.195 (index):1012 ATTRIBUTEACCESSREQUESTED_0
11:55:34.196 (index):1044 WAITING_1
11:55:34.197 (index):1044 WAITING_2
11:55:34.197 (index):985 UPDATE_3
11:55:34.198 (index):982 UPDATE_4
11:55:34.199 (index):957 NODEACCESSRELEASED_5
11:55:34.199 (index):1044 WAITING_6
11:55:34.200 (index):1044 WAITING_7
11:55:34.201 (index):982 UPDATE_8
11:55:34.201 (index):1018 NODEACCESSREQUESTED_9
11:55:34.202 (index):1044 WAITING_10
11:55:34.203 (index):1012 ATTRIBUTEACCESSREQUESTED_11
11:55:34.203 (index):1044 WAITING_12
11:55:34.204 (index):961 ATTRIBUTEACCESSRELEASED_13
11:55:34.205 (index):1044 WAITING_14
11:55:34.205 (index):961 ATTRIBUTEACCESSRELEASED_15
11:55:34.206 (index):1044 WAITING_16
11:55:34.207 (index):1044 WAITING_17
11:55:34.207 (index):985 UPDATE_18
11:55:34.208 (index):957 NODEACCESSRELEASED_19
11:55:34.209 (index):1044 WAITING_20
11:55:34.209 (index):982 UPDATE_21
11:55:34.210 (index):1018 NODEACCESSREQUESTED_22
11:55:34.211 (index):957 NODEACCESSRELEASED_23
11:55:34.211 (index):1044 WAITING_24
11:55:34.212 (index):1044 WAITING_25
11:55:34.213 (index):1044 WAITING_26
11:55:34.213 (index):985 UPDATE_27
11:55:34.214 (index):1044 WAITING_28
11:55:34.215 (index):1018 NODEACCESSREQUESTED_29
11:55:34.215 (index):1044 WAITING_0
11:55:34.216 (index):1044 WAITING_1
11:55:34.217 (index):982 UPDATE_2
11:55:34.217 (index):961 ATTRIBUTEACCESSRELEASED_3
11:55:34.218 (index):957 NODEACCESSRELEASED_4
11:55:34.219 (index):1012 ATTRIBUTEACCESSREQUESTED_5
11:55:34.219 (index):982 UPDATE_6
11:55:34.220 (index):1044 WAITING_7
11:55:34.221 (index):957 NODEACCESSRELEASED_8
11:55:34.221 (index):1044 WAITING_9
11:55:34.222 (index):1044 WAITING_10
11:55:34.223 (index):985 UPDATE_11
11:55:34.223 (index):1044 WAITING_12
11:55:34.224 (index):1018 NODEACCESSREQUESTED_13
11:55:34.225 (index):1044 WAITING_14
11:55:34.225 (index):1018 NODEACCESSREQUESTED_15
11:55:34.226 (index):1044 WAITING_16
11:55:34.227 (index):1044 WAITING_17
11:55:34.227 (index):961 ATTRIBUTEACCESSRELEASED_18
11:55:34.228 (index):1018 NODEACCESSREQUESTED_19
11:55:34.229 (index):1044 WAITING_20
11:55:34.230 (index):957 NODEACCESSRELEASED_21
11:55:34.230 (index):982 UPDATE_22
11:55:34.231 (index):1012 ATTRIBUTEACCESSREQUESTED_23
11:55:34.232 (index):1044 WAITING_24
11:55:34.232 (index):1044 WAITING_25
11:55:34.233 (index):1044 WAITING_26
11:55:34.234 (index):961 ATTRIBUTEACCESSRELEASED_27
11:55:34.234 (index):1044 WAITING_28
11:55:34.235 (index):1044 WAITING_29
11:55:34.236 (index):985 UPDATE_0
11:55:34.236 (index):1044 WAITING_1
11:55:34.237 (index):957 NODEACCESSRELEASED_2
11:55:34.238 (index):1018 NODEACCESSREQUESTED_3
11:55:34.238 (index):1018 NODEACCESSREQUESTED_4
11:55:34.239 (index):1044 WAITING_5
11:55:34.240 (index):957 NODEACCESSRELEASED_6
11:55:34.240 (index):1044 WAITING_7
11:55:34.241 (index):1018 NODEACCESSREQUESTED_8
11:55:34.242 (index):1044 WAITING_9
11:55:34.242 (index):1044 WAITING_10
11:55:34.243 (index):961 ATTRIBUTEACCESSRELEASED_11
11:55:34.244 (index):1044 WAITING_12
11:55:34.244 (index):1044 WAITING_13
11:55:34.245 (index):1044 WAITING_14
11:55:34.246 (index):982 UPDATE_15
11:55:34.246 (index):982 UPDATE_16
11:55:34.247 (index):1044 WAITING_17
11:55:34.248 (index):1018 NODEACCESSREQUESTED_18
11:55:34.248 (index):982 UPDATE_19
11:55:34.249 (index):982 UPDATE_20
11:55:34.250 (index):1018 NODEACCESSREQUESTED_21
11:55:34.250 (index):957 NODEACCESSRELEASED_22
11:55:34.251 (index):985 UPDATE_23
11:55:34.252 (index):1044 WAITING_24
11:55:34.252 (index):1044 WAITING_25
11:55:34.253 (index):1044 WAITING_26
11:55:34.254 (index):1018 NODEACCESSREQUESTED_27
11:55:34.254 (index):1044 WAITING_28
11:55:34.255 (index):1044 WAITING_29
11:55:34.256 (index):961 ATTRIBUTEACCESSRELEASED_0
11:55:34.256 (index):1044 WAITING_1
11:55:34.257 (index):1018 NODEACCESSREQUESTED_2
11:55:34.258 (index):1044 WAITING_3
11:55:34.258 (index):982 UPDATE_4
11:55:34.259 (index):985 UPDATE_5
11:55:34.260 (index):1012 ATTRIBUTEACCESSREQUESTED_6
11:55:34.260 (index):1044 WAITING_7
11:55:34.261 (index):1044 WAITING_8
11:55:34.262 (index):1044 WAITING_9
11:55:34.262 (index):1044 WAITING_10
11:55:34.263 (index):1018 NODEACCESSREQUESTED_11
11:55:34.263 (index):1044 WAITING_12
11:55:34.264 (index):982 UPDATE_13
11:55:34.265 (index):1044 WAITING_14
11:55:34.266 (index):957 NODEACCESSRELEASED_15
11:55:34.266 (index):957 NODEACCESSRELEASED_16
11:55:34.267 (index):1044 WAITING_17
11:55:34.268 (index):1044 WAITING_18
11:55:34.268 (index):957 NODEACCESSRELEASED_19
11:55:34.269 (index):957 NODEACCESSRELEASED_20
11:55:34.270 (index):1044 WAITING_21
11:55:34.270 (index):1018 NODEACCESSREQUESTED_22
11:55:34.271 (index):961 ATTRIBUTEACCESSRELEASED_23
11:55:34.272 (index):1044 WAITING_24
11:55:34.272 (index):1044 WAITING_25
11:55:34.273 (index):982 UPDATE_26
11:55:34.274 (index):1044 WAITING_27
11:55:34.274 (index):1044 WAITING_28
11:55:34.275 (index):1044 WAITING_29
11:55:34.276 (index):1012 ATTRIBUTEACCESSREQUESTED_0
11:55:34.276 (index):1044 WAITING_1
11:55:34.277 (index):1044 WAITING_2
11:55:34.278 (index):982 UPDATE_3
11:55:34.278 (index):957 NODEACCESSRELEASED_4
11:55:34.279 (index):961 ATTRIBUTEACCESSRELEASED_5
11:55:34.280 (index):985 UPDATE_6
11:55:34.280 (index):1044 WAITING_7
11:55:34.281 (index):982 UPDATE_8
11:55:34.282 (index):1044 WAITING_9
11:55:34.282 (index):1044 WAITING_10
11:55:34.283 (index):1044 WAITING_11
11:55:34.283 (index):1044 WAITING_12
11:55:34.284 (index):957 NODEACCESSRELEASED_13
11:55:34.285 (index):1044 WAITING_14
11:55:34.285 (index):1012 ATTRIBUTEACCESSREQUESTED_15
11:55:34.286 (index):1018 NODEACCESSREQUESTED_16
11:55:34.287 (index):1044 WAITING_17
11:55:34.288 (index):1044 WAITING_18
11:55:34.288 (index):1018 NODEACCESSREQUESTED_19
11:55:34.289 (index):1018 NODEACCESSREQUESTED_20
11:55:34.289 (index):1044 WAITING_21
11:55:34.290 (index):1044 WAITING_22
11:55:34.291 (index):1018 NODEACCESSREQUESTED_23
11:55:34.291 (index):1044 WAITING_24
11:55:34.292 (index):1044 WAITING_25
11:55:34.293 (index):957 NODEACCESSRELEASED_26
11:55:34.294 (index):982 UPDATE_27
11:55:34.294 (index):1044 WAITING_28
11:55:34.295 (index):1044 WAITING_29
11:55:34.295 (index):985 UPDATE_0
11:55:34.296 (index):1044 WAITING_1
11:55:34.297 (index):982 UPDATE_2
11:55:34.297 (index):957 NODEACCESSRELEASED_3
11:55:34.298 (index):1012 ATTRIBUTEACCESSREQUESTED_4
11:55:34.299 (index):1012 ATTRIBUTEACCESSREQUESTED_5
11:55:34.300 (index):961 ATTRIBUTEACCESSRELEASED_6
11:55:34.300 (index):1044 WAITING_7
11:55:34.301 (index):957 NODEACCESSRELEASED_8
11:55:34.302 (index):1044 WAITING_9
11:55:34.302 (index):1044 WAITING_10
11:55:34.303 (index):1044 WAITING_11
11:55:34.304 (index):1044 WAITING_12
11:55:34.304 (index):1018 NODEACCESSREQUESTED_13
11:55:34.305 (index):1044 WAITING_14
11:55:34.305 (index):985 UPDATE_15
11:55:34.306 (index):982 UPDATE_16
11:55:34.307 (index):1044 WAITING_17
11:55:34.307 (index):982 UPDATE_18
11:55:34.308 (index):1044 WAITING_19
11:55:34.309 (index):1044 WAITING_20
11:55:34.309 (index):982 UPDATE_21
11:55:34.310 (index):1044 WAITING_22
11:55:34.311 (index):1044 WAITING_23
11:55:34.311 (index):1044 WAITING_24
11:55:34.312 (index):1044 WAITING_25
11:55:34.313 (index):1018 NODEACCESSREQUESTED_26
11:55:34.313 (index):957 NODEACCESSRELEASED_27
11:55:34.314 (index):1044 WAITING_28
11:55:34.315 (index):1044 WAITING_29
11:55:34.315 (index):961 ATTRIBUTEACCESSRELEASED_0
11:55:34.316 (index):1044 WAITING_1
11:55:34.317 (index):957 NODEACCESSRELEASED_2
11:55:34.317 (index):1018 NODEACCESSREQUESTED_3
11:55:34.318 (index):985 UPDATE_4
11:55:34.319 (index):985 UPDATE_5
11:55:34.319 (index):1012 ATTRIBUTEACCESSREQUESTED_6
11:55:34.320 (index):1044 WAITING_7
11:55:34.321 (index):1018 NODEACCESSREQUESTED_8
11:55:34.321 (index):1044 WAITING_9
11:55:34.322 (index):1044 WAITING_10
11:55:34.323 (index):1044 WAITING_11
11:55:34.323 (index):1044 WAITING_12
11:55:34.324 (index):982 UPDATE_13
11:55:34.325 (index):1044 WAITING_14
11:55:34.325 (index):961 ATTRIBUTEACCESSRELEASED_15
11:55:34.326 (index):957 NODEACCESSRELEASED_16
11:55:34.327 (index):1044 WAITING_17
11:55:34.327 (index):957 NODEACCESSRELEASED_18
11:55:34.328 (index):982 UPDATE_19
11:55:34.329 (index):1044 WAITING_20
11:55:34.329 (index):957 NODEACCESSRELEASED_21
11:55:34.330 (index):1044 WAITING_22
11:55:34.331 (index):1044 WAITING_23
11:55:34.331 (index):1044 WAITING_24
11:55:34.332 (index):1044 WAITING_25
11:55:34.333 (index):1044 WAITING_26
11:55:34.333 (index):1018 NODEACCESSREQUESTED_27
11:55:34.334 (index):1044 WAITING_28
11:55:34.335 (index):1044 WAITING_29
11:55:34.335 (index):1018 NODEACCESSREQUESTED_0
11:55:34.336 (index):1044 WAITING_1
11:55:34.337 (index):1018 NODEACCESSREQUESTED_2
11:55:34.337 (index):982 UPDATE_3
11:55:34.338 (index):961 ATTRIBUTEACCESSRELEASED_4
11:55:34.339 (index):961 ATTRIBUTEACCESSRELEASED_5
11:55:34.339 (index):985 UPDATE_6
11:55:34.342 (index):1044 WAITING_7
11:55:34.343 (index):982 UPDATE_8
11:55:34.343 (index):1044 WAITING_9
11:55:34.344 (index):1044 WAITING_10
11:55:34.345 (index):1044 WAITING_11
11:55:34.345 (index):1044 WAITING_12
11:55:34.346 (index):957 NODEACCESSRELEASED_13
11:55:34.400 (index):1044 WAITING_14
11:55:34.401 (index):1012 ATTRIBUTEACCESSREQUESTED_15
11:55:34.402 (index):1012 ATTRIBUTEACCESSREQUESTED_16
11:55:34.403 (index):1044 WAITING_17
11:55:34.404 (index):1012 ATTRIBUTEACCESSREQUESTED_18
11:55:34.404 (index):957 NODEACCESSRELEASED_19
11:55:34.405 (index):1044 WAITING_20
11:55:34.406 (index):1018 NODEACCESSREQUESTED_21
11:55:34.406 (index):1044 WAITING_22
11:55:34.407 (index):1044 WAITING_23
11:55:34.408 (index):1044 WAITING_24
11:55:34.408 (index):1044 WAITING_25
11:55:34.409 (index):982 UPDATE_26
11:55:34.410 (index):1044 WAITING_27
11:55:34.410 (index):1044 WAITING_28
11:55:34.411 (index):1044 WAITING_29
11:55:34.412 (index):982 UPDATE_0
11:55:34.412 (index):1044 WAITING_1
11:55:34.413 (index):982 UPDATE_2
11:55:34.414 (index):957 NODEACCESSRELEASED_3
11:55:34.414 (index):1018 NODEACCESSREQUESTED_4
11:55:34.415 (index):1018 NODEACCESSREQUESTED_5
11:55:34.416 (index):961 ATTRIBUTEACCESSRELEASED_6
11:55:34.416 (index):1044 WAITING_7
11:55:34.417 (index):957 NODEACCESSRELEASED_8
11:55:34.418 (index):1044 WAITING_9
11:55:34.418 (index):1044 WAITING_10
11:55:34.419 (index):1044 WAITING_11
11:55:34.420 (index):1044 WAITING_12
11:55:34.420 (index):1018 NODEACCESSREQUESTED_13
11:55:34.421 (index):1044 WAITING_14
11:55:34.422 (index):985 UPDATE_15
11:55:34.422 (index):985 UPDATE_16
11:55:34.423 (index):1044 WAITING_17
11:55:34.423 (index):1044 WAITING_18
11:55:34.424 (index):1018 NODEACCESSREQUESTED_19
11:55:34.425 (index):1044 WAITING_20
11:55:34.425 (index):982 UPDATE_21
11:55:34.426 (index):1044 WAITING_22
11:55:34.427 (index):1044 WAITING_23
11:55:34.427 (index):1044 WAITING_24
11:55:34.428 (index):1044 WAITING_25
11:55:34.429 (index):957 NODEACCESSRELEASED_26
11:55:34.429 (index):982 UPDATE_27
11:55:34.430 (index):1044 WAITING_28
11:55:34.431 (index):1044 WAITING_29
11:55:34.431 (index):957 NODEACCESSRELEASED_0
11:55:34.432 (index):1044 WAITING_1
11:55:34.433 (index):957 NODEACCESSRELEASED_2
11:55:34.433 (index):1018 NODEACCESSREQUESTED_3
11:55:34.434 (index):1044 WAITING_4
11:55:34.435 (index):1044 WAITING_5
11:55:34.435 (index):1018 NODEACCESSREQUESTED_6
11:55:34.436 (index):1044 WAITING_7
11:55:34.437 (index):1012 ATTRIBUTEACCESSREQUESTED_8
11:55:34.437 (index):1044 WAITING_9
11:55:34.438 (index):1044 WAITING_10
11:55:34.439 (index):1044 WAITING_11
11:55:34.439 (index):1044 WAITING_12
11:55:34.440 (index):982 UPDATE_13
11:55:34.441 (index):1044 WAITING_14
11:55:34.441 (index):961 ATTRIBUTEACCESSRELEASED_15
11:55:34.442 (index):961 ATTRIBUTEACCESSRELEASED_16
11:55:34.443 (index):1044 WAITING_17
11:55:34.443 (index):985 UPDATE_18
11:55:34.444 (index):982 UPDATE_19
11:55:34.445 (index):1044 WAITING_20
11:55:34.445 (index):957 NODEACCESSRELEASED_21
11:55:34.446 (index):1044 WAITING_22
11:55:34.447 (index):1044 WAITING_23
11:55:34.447 (index):1044 WAITING_24
11:55:34.448 (index):1044 WAITING_25
11:55:34.449 (index):1018 NODEACCESSREQUESTED_26
11:55:34.449 (index):957 NODEACCESSRELEASED_27
11:55:34.450 (index):1044 WAITING_28
11:55:34.451 (index):1044 WAITING_29
11:55:34.451 (index):1012 ATTRIBUTEACCESSREQUESTED_0
11:55:34.452 (index):1044 WAITING_1
11:55:34.453 (index):1012 ATTRIBUTEACCESSREQUESTED_2
11:55:34.453 (index):1044 WAITING_3
11:55:34.454 (index):1044 WAITING_4
11:55:34.455 (index):1044 WAITING_5
11:55:34.455 (index):982 UPDATE_6
11:55:34.456 (index):1044 WAITING_7
11:55:34.457 (index):1044 WAITING_8
11:55:34.457 (index):1044 WAITING_9
11:55:34.458 (index):1044 WAITING_10
11:55:34.459 (index):1044 WAITING_11
11:55:34.459 (index):1044 WAITING_12
11:55:34.460 (index):957 NODEACCESSRELEASED_13
11:55:34.461 (index):1044 WAITING_14
11:55:34.461 (index):1018 NODEACCESSREQUESTED_15
11:55:34.462 (index):1018 NODEACCESSREQUESTED_16
11:55:34.463 (index):1044 WAITING_17
11:55:34.463 (index):961 ATTRIBUTEACCESSRELEASED_18
11:55:34.464 (index):957 NODEACCESSRELEASED_19
11:55:34.465 (index):982 UPDATE_20
11:55:34.465 (index):1018 NODEACCESSREQUESTED_21
11:55:34.466 (index):1044 WAITING_22
11:55:34.467 (index):1044 WAITING_23
11:55:34.467 (index):1044 WAITING_24
11:55:34.468 (index):1044 WAITING_25
11:55:34.469 (index):1044 WAITING_26
11:55:34.469 (index):1018 NODEACCESSREQUESTED_27
11:55:34.470 (index):1044 WAITING_28
11:55:34.471 (index):1044 WAITING_29
11:55:34.471 (index):985 UPDATE_0
11:55:34.472 (index):1044 WAITING_1
11:55:34.473 (index):985 UPDATE_2
11:55:34.473 (index):1044 WAITING_3
11:55:34.474 (index):1044 WAITING_4
11:55:34.475 (index):982 UPDATE_5
11:55:34.475 (index):957 NODEACCESSRELEASED_6
11:55:34.476 (index):1044 WAITING_7
11:55:34.477 (index):985 UPDATE_8
11:55:34.477 (index):1044 WAITING_9
11:55:34.478 (index):1044 WAITING_10
11:55:34.479 (index):1044 WAITING_11
11:55:34.479 (index):1044 WAITING_12
11:55:34.480 (index):1018 NODEACCESSREQUESTED_13
11:55:34.481 (index):1044 WAITING_14
11:55:34.481 (index):982 UPDATE_15
11:55:34.482 (index):1044 WAITING_16
11:55:34.483 (index):1044 WAITING_17
11:55:34.483 (index):1012 ATTRIBUTEACCESSREQUESTED_18
11:55:34.484 (index):1018 NODEACCESSREQUESTED_19
11:55:34.485 (index):957 NODEACCESSRELEASED_20
11:55:34.485 (index):1044 WAITING_21
11:55:34.486 (index):1044 WAITING_22
11:55:34.487 (index):982 UPDATE_23
11:55:34.487 (index):1044 WAITING_24
11:55:34.488 (index):1044 WAITING_25
11:55:34.489 (index):1044 WAITING_26
11:55:34.489 (index):1044 WAITING_27
11:55:34.490 (index):1044 WAITING_28
11:55:34.491 (index):1044 WAITING_29
11:55:34.491 (index):961 ATTRIBUTEACCESSRELEASED_0
11:55:34.492 (index):1044 WAITING_1
11:55:34.493 (index):961 ATTRIBUTEACCESSRELEASED_2
11:55:34.493 (index):982 UPDATE_3
11:55:34.494 (index):1044 WAITING_4
11:55:34.495 (index):957 NODEACCESSRELEASED_5
11:55:34.495 (index):1018 NODEACCESSREQUESTED_6
11:55:34.496 (index):1044 WAITING_7
11:55:34.497 (index):961 ATTRIBUTEACCESSRELEASED_8
11:55:34.497 (index):1044 WAITING_9
11:55:34.498 (index):1044 WAITING_10
11:55:34.499 (index):1044 WAITING_11
11:55:34.499 (index):1044 WAITING_12
11:55:34.500 (index):1044 WAITING_13
11:55:34.501 (index):1044 WAITING_14
11:55:34.501 (index):957 NODEACCESSRELEASED_15
11:55:34.502 (index):982 UPDATE_16
11:55:34.503 (index):1044 WAITING_17
11:55:34.503 (index):985 UPDATE_18
11:55:34.504 (index):1044 WAITING_19
11:55:34.505 (index):1018 NODEACCESSREQUESTED_20
11:55:34.505 (index):982 UPDATE_21
11:55:34.506 (index):1044 WAITING_22
11:55:34.507 (index):957 NODEACCESSRELEASED_23
11:55:34.507 (index):1044 WAITING_24
11:55:34.508 (index):1044 WAITING_25
11:55:34.509 (index):1044 WAITING_26
11:55:34.509 (index):1044 WAITING_27
11:55:34.510 (index):1044 WAITING_28
11:55:34.511 (index):1044 WAITING_29
11:55:34.511 (index):1012 ATTRIBUTEACCESSREQUESTED_0
11:55:34.512 (index):1044 WAITING_1
11:55:34.513 (index):1018 NODEACCESSREQUESTED_2
11:55:34.514 (index):957 NODEACCESSRELEASED_3
11:55:34.514 (index):982 UPDATE_4
11:55:34.515 (index):1018 NODEACCESSREQUESTED_5
11:55:34.515 (index):1044 WAITING_6
11:55:34.516 (index):1044 WAITING_7
11:55:34.517 (index):1012 ATTRIBUTEACCESSREQUESTED_8
11:55:34.517 (index):982 UPDATE_9
11:55:34.518 (index):1044 WAITING_10
11:55:34.519 (index):1044 WAITING_11
