20:36:43.080 (index):1296 Tasks: 25; Collaborators: 16    =========================>
20:36:43.080 (index):926 NODEACCESSREQUESTED_0
20:36:43.081 (index):926 NODEACCESSREQUESTED_1
20:36:43.081 (index):926 NODEACCESSREQUESTED_2
20:36:43.082 (index):926 NODEACCESSREQUESTED_3
20:36:43.082 (index):926 NODEACCESSREQUESTED_4
20:36:43.083 (index):926 NODEACCESSREQUESTED_5
20:36:43.083 (index):926 NODEACCESSREQUESTED_6
20:36:43.084 (index):926 NODEACCESSREQUESTED_7
20:36:43.084 (index):926 NODEACCESSREQUESTED_8
20:36:43.085 (index):926 NODEACCESSREQUESTED_9
20:36:43.085 (index):926 NODEACCESSREQUESTED_10
20:36:43.085 (index):926 NODEACCESSREQUESTED_11
20:36:43.086 (index):926 NODEACCESSREQUESTED_12
20:36:43.086 (index):926 NODEACCESSREQUESTED_13
20:36:43.087 (index):926 NODEACCESSREQUESTED_14
20:36:43.087 (index):926 NODEACCESSREQUESTED_15
20:36:43.088 (index):896 NODEACCESSRELEASED_0
20:36:43.088 (index):896 NODEACCESSRELEASED_1
20:36:43.089 (index):896 NODEACCESSRELEASED_2
20:36:43.089 (index):896 NODEACCESSRELEASED_3
20:36:43.090 (index):896 NODEACCESSRELEASED_4
20:36:43.090 (index):896 NODEACCESSRELEASED_5
20:36:43.091 (index):896 NODEACCESSRELEASED_6
20:36:43.091 (index):896 NODEACCESSRELEASED_7
20:36:43.092 (index):896 NODEACCESSRELEASED_8
20:36:43.092 (index):896 NODEACCESSRELEASED_9
20:36:43.092 (index):896 NODEACCESSRELEASED_10
20:36:43.093 (index):896 NODEACCESSRELEASED_11
20:36:43.093 (index):896 NODEACCESSRELEASED_12
20:36:43.094 (index):896 NODEACCESSRELEASED_13
20:36:43.094 (index):945 WAITING_14
20:36:43.095 (index):896 NODEACCESSRELEASED_15
20:36:43.096 (index):926 NODEACCESSREQUESTED_0
20:36:43.096 (index):926 NODEACCESSREQUESTED_1
20:36:43.097 (index):926 NODEACCESSREQUESTED_2
20:36:43.097 (index):926 NODEACCESSREQUESTED_3
20:36:43.098 (index):926 NODEACCESSREQUESTED_4
20:36:43.098 (index):926 NODEACCESSREQUESTED_5
20:36:43.099 (index):926 NODEACCESSREQUESTED_6
20:36:43.099 (index):926 NODEACCESSREQUESTED_7
20:36:43.100 (index):926 NODEACCESSREQUESTED_8
20:36:43.100 (index):926 NODEACCESSREQUESTED_9
20:36:43.101 (index):926 NODEACCESSREQUESTED_10
20:36:43.101 (index):926 NODEACCESSREQUESTED_11
20:36:43.102 (index):926 NODEACCESSREQUESTED_12
20:36:43.103 (index):926 NODEACCESSREQUESTED_13
20:36:43.104 (index):896 NODEACCESSRELEASED_14
20:36:43.105 (index):926 NODEACCESSREQUESTED_15
20:36:43.105 (index):914 UPDATE_0
20:36:43.106 (index):914 UPDATE_1
20:36:43.106 (index):945 WAITING_2
20:36:43.107 (index):945 WAITING_3
20:36:43.107 (index):914 UPDATE_4
20:36:43.108 (index):914 UPDATE_5
20:36:43.108 (index):914 UPDATE_6
20:36:43.109 (index):914 UPDATE_7
20:36:43.109 (index):914 UPDATE_8
20:36:43.110 (index):914 UPDATE_9
20:36:43.110 (index):945 WAITING_10
20:36:43.110 (index):914 UPDATE_11
20:36:43.111 (index):945 WAITING_12
20:36:43.111 (index):914 UPDATE_13
20:36:43.112 (index):926 NODEACCESSREQUESTED_14
20:36:43.112 (index):914 UPDATE_15
20:36:43.113 (index):896 NODEACCESSRELEASED_0
20:36:43.113 (index):896 NODEACCESSRELEASED_1
20:36:43.114 (index):945 WAITING_2
20:36:43.115 (index):914 UPDATE_3
20:36:43.115 (index):896 NODEACCESSRELEASED_4
20:36:43.116 (index):896 NODEACCESSRELEASED_5
20:36:43.116 (index):896 NODEACCESSRELEASED_6
20:36:43.116 (index):896 NODEACCESSRELEASED_7
20:36:43.117 (index):896 NODEACCESSRELEASED_8
20:36:43.117 (index):896 NODEACCESSRELEASED_9
20:36:43.118 (index):914 UPDATE_10
20:36:43.118 (index):896 NODEACCESSRELEASED_11
20:36:43.119 (index):914 UPDATE_12
20:36:43.119 (index):896 NODEACCESSRELEASED_13
20:36:43.120 (index):914 UPDATE_14
20:36:43.120 (index):896 NODEACCESSRELEASED_15
20:36:43.120 (index):926 NODEACCESSREQUESTED_0
20:36:43.121 (index):926 NODEACCESSREQUESTED_1
20:36:43.121 (index):914 UPDATE_2
20:36:43.122 (index):896 NODEACCESSRELEASED_3
20:36:43.122 (index):926 NODEACCESSREQUESTED_4
20:36:43.123 (index):926 NODEACCESSREQUESTED_5
20:36:43.123 (index):926 NODEACCESSREQUESTED_6
20:36:43.124 (index):926 NODEACCESSREQUESTED_7
20:36:43.124 (index):926 NODEACCESSREQUESTED_8
20:36:43.124 (index):926 NODEACCESSREQUESTED_9
20:36:43.125 (index):896 NODEACCESSRELEASED_10
20:36:43.125 (index):926 NODEACCESSREQUESTED_11
20:36:43.126 (index):896 NODEACCESSRELEASED_12
20:36:43.126 (index):926 NODEACCESSREQUESTED_13
20:36:43.127 (index):896 NODEACCESSRELEASED_14
20:36:43.127 (index):926 NODEACCESSREQUESTED_15
20:36:43.128 (index):914 UPDATE_0
20:36:43.128 (index):914 UPDATE_1
20:36:43.128 (index):896 NODEACCESSRELEASED_2
20:36:43.129 (index):926 NODEACCESSREQUESTED_3
20:36:43.129 (index):945 WAITING_4
20:36:43.130 (index):945 WAITING_5
20:36:43.131 (index):914 UPDATE_6
20:36:43.131 (index):945 WAITING_7
20:36:43.132 (index):914 UPDATE_8
20:36:43.132 (index):914 UPDATE_9
20:36:43.132 (index):926 NODEACCESSREQUESTED_10
20:36:43.133 (index):914 UPDATE_11
20:36:43.133 (index):926 NODEACCESSREQUESTED_12
20:36:43.134 (index):914 UPDATE_13
20:36:43.134 (index):926 NODEACCESSREQUESTED_14
20:36:43.135 (index):945 WAITING_15
20:36:43.135 (index):896 NODEACCESSRELEASED_0
20:36:43.136 (index):896 NODEACCESSRELEASED_1
20:36:43.136 (index):926 NODEACCESSREQUESTED_2
20:36:43.137 (index):914 UPDATE_3
20:36:43.137 (index):945 WAITING_4
20:36:43.138 (index):945 WAITING_5
20:36:43.138 (index):896 NODEACCESSRELEASED_6
20:36:43.139 (index):914 UPDATE_7
20:36:43.140 (index):896 NODEACCESSRELEASED_8
20:36:43.140 (index):896 NODEACCESSRELEASED_9
20:36:43.141 (index):914 UPDATE_10
20:36:43.141 (index):896 NODEACCESSRELEASED_11
20:36:43.142 (index):945 WAITING_12
20:36:43.142 (index):896 NODEACCESSRELEASED_13
20:36:43.143 (index):945 WAITING_14
20:36:43.143 (index):914 UPDATE_15
20:36:43.144 (index):926 NODEACCESSREQUESTED_0
20:36:43.144 (index):926 NODEACCESSREQUESTED_1
20:36:43.145 (index):945 WAITING_2
20:36:43.146 (index):896 NODEACCESSRELEASED_3
20:36:43.146 (index):945 WAITING_4
20:36:43.147 (index):945 WAITING_5
20:36:43.148 (index):926 NODEACCESSREQUESTED_6
20:36:43.148 (index):896 NODEACCESSRELEASED_7
20:36:43.149 (index):926 NODEACCESSREQUESTED_8
20:36:43.150 (index):926 NODEACCESSREQUESTED_9
20:36:43.150 (index):896 NODEACCESSRELEASED_10
20:36:43.151 (index):926 NODEACCESSREQUESTED_11
20:36:43.151 (index):945 WAITING_12
20:36:43.152 (index):926 NODEACCESSREQUESTED_13
20:36:43.153 (index):945 WAITING_14
20:36:43.153 (index):896 NODEACCESSRELEASED_15
20:36:43.154 (index):945 WAITING_0
20:36:43.155 (index):914 UPDATE_1
20:36:43.155 (index):945 WAITING_2
20:36:43.156 (index):926 NODEACCESSREQUESTED_3
20:36:43.156 (index):945 WAITING_4
20:36:43.157 (index):945 WAITING_5
20:36:43.158 (index):914 UPDATE_6
20:36:43.158 (index):926 NODEACCESSREQUESTED_7
20:36:43.159 (index):914 UPDATE_8
20:36:43.159 (index):914 UPDATE_9
20:36:43.160 (index):926 NODEACCESSREQUESTED_10
20:36:43.161 (index):914 UPDATE_11
20:36:43.161 (index):945 WAITING_12
20:36:43.162 (index):945 WAITING_13
20:36:43.163 (index):945 WAITING_14
20:36:43.163 (index):926 NODEACCESSREQUESTED_15
20:36:43.164 (index):945 WAITING_0
20:36:43.165 (index):896 NODEACCESSRELEASED_1
20:36:43.165 (index):945 WAITING_2
20:36:43.166 (index):914 UPDATE_3
20:36:43.166 (index):945 WAITING_4
20:36:43.167 (index):945 WAITING_5
20:36:43.168 (index):896 NODEACCESSRELEASED_6
20:36:43.201 (index):914 UPDATE_7
20:36:43.202 (index):896 NODEACCESSRELEASED_8
20:36:43.202 (index):896 NODEACCESSRELEASED_9
20:36:43.203 (index):914 UPDATE_10
20:36:43.204 (index):896 NODEACCESSRELEASED_11
20:36:43.204 (index):945 WAITING_12
20:36:43.205 (index):945 WAITING_13
20:36:43.205 (index):945 WAITING_14
20:36:43.206 (index):914 UPDATE_15
20:36:43.207 (index):945 WAITING_0
20:36:43.207 (index):926 NODEACCESSREQUESTED_1
20:36:43.208 (index):945 WAITING_2
20:36:43.209 (index):896 NODEACCESSRELEASED_3
20:36:43.209 (index):945 WAITING_4
20:36:43.210 (index):945 WAITING_5
20:36:43.210 (index):926 NODEACCESSREQUESTED_6
20:36:43.211 (index):896 NODEACCESSRELEASED_7
20:36:43.212 (index):926 NODEACCESSREQUESTED_8
20:36:43.212 (index):926 NODEACCESSREQUESTED_9
20:36:43.213 (index):896 NODEACCESSRELEASED_10
20:36:43.214 (index):926 NODEACCESSREQUESTED_11
20:36:43.214 (index):945 WAITING_12
20:36:43.215 (index):945 WAITING_13
20:36:43.216 (index):945 WAITING_14
20:36:43.216 (index):896 NODEACCESSRELEASED_15
20:36:43.217 (index):945 WAITING_0
20:36:43.217 (index):914 UPDATE_1
20:36:43.218 (index):945 WAITING_2
20:36:43.219 (index):926 NODEACCESSREQUESTED_3
20:36:43.219 (index):945 WAITING_4
20:36:43.220 (index):945 WAITING_5
20:36:43.220 (index):914 UPDATE_6
20:36:43.221 (index):926 NODEACCESSREQUESTED_7
20:36:43.222 (index):914 UPDATE_8
20:36:43.222 (index):914 UPDATE_9
20:36:43.223 (index):926 NODEACCESSREQUESTED_10
20:36:43.223 (index):945 WAITING_11
20:36:43.224 (index):914 UPDATE_12
20:36:43.225 (index):945 WAITING_13
20:36:43.225 (index):945 WAITING_14
20:36:43.226 (index):926 NODEACCESSREQUESTED_15
20:36:43.226 (index):945 WAITING_0
20:36:43.227 (index):896 NODEACCESSRELEASED_1
20:36:43.227 (index):945 WAITING_2
20:36:43.228 (index):945 WAITING_3
20:36:43.228 (index):945 WAITING_4
20:36:43.229 (index):945 WAITING_5
20:36:43.230 (index):896 NODEACCESSRELEASED_6
20:36:43.231 (index):914 UPDATE_7
20:36:43.231 (index):896 NODEACCESSRELEASED_8
20:36:43.232 (index):896 NODEACCESSRELEASED_9
20:36:43.233 (index):945 WAITING_10
20:36:43.233 (index):945 WAITING_11
20:36:43.234 (index):896 NODEACCESSRELEASED_12
20:36:43.234 (index):945 WAITING_13
20:36:43.235 (index):945 WAITING_14
20:36:43.235 (index):914 UPDATE_15
20:36:43.236 (index):945 WAITING_0
20:36:43.236 (index):926 NODEACCESSREQUESTED_1
20:36:43.237 (index):914 UPDATE_2
20:36:43.237 (index):914 UPDATE_3
20:36:43.237 (index):945 WAITING_4
20:36:43.238 (index):945 WAITING_5
20:36:43.238 (index):926 NODEACCESSREQUESTED_6
20:36:43.239 (index):896 NODEACCESSRELEASED_7
20:36:43.239 (index):926 NODEACCESSREQUESTED_8
20:36:43.240 (index):926 NODEACCESSREQUESTED_9
20:36:43.240 (index):945 WAITING_10
20:36:43.241 (index):945 WAITING_11
20:36:43.241 (index):926 NODEACCESSREQUESTED_12
20:36:43.242 (index):945 WAITING_13
20:36:43.242 (index):945 WAITING_14
20:36:43.242 (index):896 NODEACCESSRELEASED_15
20:36:43.243 (index):945 WAITING_0
20:36:43.243 (index):945 WAITING_1
20:36:43.244 (index):896 NODEACCESSRELEASED_2
20:36:43.244 (index):896 NODEACCESSRELEASED_3
20:36:43.245 (index):945 WAITING_4
20:36:43.245 (index):945 WAITING_5
20:36:43.246 (index):945 WAITING_6
20:36:43.246 (index):926 NODEACCESSREQUESTED_7
20:36:43.247 (index):945 WAITING_8
20:36:43.247 (index):914 UPDATE_9
20:36:43.247 (index):945 WAITING_10
20:36:43.248 (index):945 WAITING_11
20:36:43.248 (index):914 UPDATE_12
20:36:43.249 (index):945 WAITING_13
20:36:43.249 (index):945 WAITING_14
20:36:43.250 (index):926 NODEACCESSREQUESTED_15
20:36:43.250 (index):914 UPDATE_0
20:36:43.251 (index):945 WAITING_1
20:36:43.251 (index):926 NODEACCESSREQUESTED_2
20:36:43.251 (index):926 NODEACCESSREQUESTED_3
20:36:43.252 (index):945 WAITING_4
20:36:43.252 (index):945 WAITING_5
20:36:43.253 (index):945 WAITING_6
20:36:43.253 (index):914 UPDATE_7
20:36:43.254 (index):945 WAITING_8
20:36:43.254 (index):896 NODEACCESSRELEASED_9
20:36:43.255 (index):945 WAITING_10
20:36:43.255 (index):945 WAITING_11
20:36:43.255 (index):896 NODEACCESSRELEASED_12
20:36:43.256 (index):945 WAITING_13
20:36:43.256 (index):945 WAITING_14
20:36:43.257 (index):945 WAITING_15
20:36:43.257 (index):896 NODEACCESSRELEASED_0
20:36:43.258 (index):945 WAITING_1
20:36:43.258 (index):945 WAITING_2
20:36:43.259 (index):914 UPDATE_3
20:36:43.259 (index):945 WAITING_4
20:36:43.259 (index):945 WAITING_5
20:36:43.260 (index):945 WAITING_6
20:36:43.260 (index):896 NODEACCESSRELEASED_7
20:36:43.261 (index):945 WAITING_8
20:36:43.261 (index):926 NODEACCESSREQUESTED_9
20:36:43.262 (index):914 UPDATE_10
20:36:43.262 (index):945 WAITING_11
20:36:43.263 (index):926 NODEACCESSREQUESTED_12
20:36:43.263 (index):945 WAITING_13
20:36:43.264 (index):945 WAITING_14
20:36:43.264 (index):945 WAITING_15
20:36:43.264 (index):926 NODEACCESSREQUESTED_0
20:36:43.265 (index):945 WAITING_1
20:36:43.266 (index):945 WAITING_2
20:36:43.266 (index):896 NODEACCESSRELEASED_3
20:36:43.267 (index):945 WAITING_4
20:36:43.267 (index):945 WAITING_5
20:36:43.267 (index):945 WAITING_6
20:36:43.268 (index):926 NODEACCESSREQUESTED_7
20:36:43.268 (index):945 WAITING_8
20:36:43.269 (index):914 UPDATE_9
20:36:43.269 (index):896 NODEACCESSRELEASED_10
20:36:43.270 (index):945 WAITING_11
20:36:43.270 (index):914 UPDATE_12
20:36:43.271 (index):945 WAITING_13
20:36:43.271 (index):945 WAITING_14
20:36:43.271 (index):914 UPDATE_15
20:36:43.272 (index):914 UPDATE_0
20:36:43.272 (index):945 WAITING_1
20:36:43.273 (index):945 WAITING_2
20:36:43.273 (index):926 NODEACCESSREQUESTED_3
20:36:43.274 (index):945 WAITING_4
20:36:43.274 (index):945 WAITING_5
20:36:43.275 (index):914 UPDATE_6
20:36:43.275 (index):945 WAITING_7
20:36:43.275 (index):945 WAITING_8
20:36:43.276 (index):896 NODEACCESSRELEASED_9
20:36:43.276 (index):926 NODEACCESSREQUESTED_10
20:36:43.277 (index):945 WAITING_11
20:36:43.277 (index):896 NODEACCESSRELEASED_12
20:36:43.278 (index):945 WAITING_13
20:36:43.278 (index):945 WAITING_14
20:36:43.279 (index):896 NODEACCESSRELEASED_15
20:36:43.279 (index):896 NODEACCESSRELEASED_0
20:36:43.280 (index):945 WAITING_1
20:36:43.280 (index):914 UPDATE_2
20:36:43.281 (index):914 UPDATE_3
20:36:43.281 (index):945 WAITING_4
20:36:43.281 (index):945 WAITING_5
20:36:43.282 (index):896 NODEACCESSRELEASED_6
20:36:43.282 (index):945 WAITING_7
20:36:43.283 (index):945 WAITING_8
20:36:43.283 (index):926 NODEACCESSREQUESTED_9
20:36:43.284 (index):914 UPDATE_10
20:36:43.284 (index):945 WAITING_11
20:36:43.284 (index):926 NODEACCESSREQUESTED_12
20:36:43.285 (index):945 WAITING_13
20:36:43.285 (index):945 WAITING_14
20:36:43.286 (index):926 NODEACCESSREQUESTED_15
20:36:43.286 (index):926 NODEACCESSREQUESTED_0
20:36:43.287 (index):945 WAITING_1
20:36:43.287 (index):896 NODEACCESSRELEASED_2
20:36:43.288 (index):896 NODEACCESSRELEASED_3
20:36:43.288 (index):945 WAITING_4
20:36:43.288 (index):945 WAITING_5
20:36:43.289 (index):926 NODEACCESSREQUESTED_6
20:36:43.289 (index):945 WAITING_7
20:36:43.290 (index):945 WAITING_8
20:36:43.290 (index):945 WAITING_9
20:36:43.291 (index):896 NODEACCESSRELEASED_10
20:36:43.291 (index):945 WAITING_11
20:36:43.292 (index):914 UPDATE_12
20:36:43.292 (index):945 WAITING_13
20:36:43.292 (index):945 WAITING_14
20:36:43.293 (index):945 WAITING_15
20:36:43.293 (index):945 WAITING_0
20:36:43.294 (index):945 WAITING_1
20:36:43.294 (index):926 NODEACCESSREQUESTED_2
20:36:43.295 (index):926 NODEACCESSREQUESTED_3
20:36:43.295 (index):945 WAITING_4
20:36:43.295 (index):945 WAITING_5
20:36:43.296 (index):914 UPDATE_6
20:36:43.296 (index):914 UPDATE_7
20:36:43.297 (index):945 WAITING_8
20:36:43.297 (index):945 WAITING_9
20:36:43.298 (index):926 NODEACCESSREQUESTED_10
20:36:43.298 (index):945 WAITING_11
20:36:43.299 (index):896 NODEACCESSRELEASED_12
20:36:43.299 (index):945 WAITING_13
20:36:43.299 (index):945 WAITING_14
20:36:43.300 (index):914 UPDATE_15
20:36:43.300 (index):945 WAITING_0
20:36:43.301 (index):945 WAITING_1
20:36:43.301 (index):914 UPDATE_2
20:36:43.302 (index):914 UPDATE_3
20:36:43.302 (index):945 WAITING_4
20:36:43.302 (index):945 WAITING_5
20:36:43.303 (index):896 NODEACCESSRELEASED_6
20:36:43.303 (index):896 NODEACCESSRELEASED_7
20:36:43.304 (index):945 WAITING_8
20:36:43.304 (index):914 UPDATE_9
20:36:43.305 (index):914 UPDATE_10
20:36:43.305 (index):945 WAITING_11
20:36:43.306 (index):926 NODEACCESSREQUESTED_12
20:36:43.306 (index):945 WAITING_13
20:36:43.306 (index):945 WAITING_14
20:36:43.307 (index):896 NODEACCESSRELEASED_15
20:36:43.307 (index):945 WAITING_0
20:36:43.308 (index):945 WAITING_1
20:36:43.308 (index):896 NODEACCESSRELEASED_2
20:36:43.309 (index):896 NODEACCESSRELEASED_3
20:36:43.309 (index):945 WAITING_4
20:36:43.310 (index):945 WAITING_5
20:36:43.310 (index):926 NODEACCESSREQUESTED_6
20:36:43.310 (index):926 NODEACCESSREQUESTED_7
20:36:43.311 (index):945 WAITING_8
20:36:43.311 (index):896 NODEACCESSRELEASED_9
20:36:43.312 (index):896 NODEACCESSRELEASED_10
20:36:43.312 (index):945 WAITING_11
20:36:43.313 (index):914 UPDATE_12
20:36:43.313 (index):945 WAITING_13
20:36:43.314 (index):945 WAITING_14
20:36:43.314 (index):926 NODEACCESSREQUESTED_15
20:36:43.315 (index):945 WAITING_0
20:36:43.315 (index):945 WAITING_1
20:36:43.315 (index):926 NODEACCESSREQUESTED_2
20:36:43.316 (index):926 NODEACCESSREQUESTED_3
20:36:43.316 (index):945 WAITING_4
20:36:43.317 (index):945 WAITING_5
20:36:43.317 (index):914 UPDATE_6
20:36:43.318 (index):914 UPDATE_7
20:36:43.318 (index):945 WAITING_8
20:36:43.319 (index):926 NODEACCESSREQUESTED_9
20:36:43.319 (index):926 NODEACCESSREQUESTED_10
20:36:43.319 (index):945 WAITING_11
20:36:43.320 (index):896 NODEACCESSRELEASED_12
20:36:43.320 (index):945 WAITING_13
20:36:43.321 (index):945 WAITING_14
20:36:43.321 (index):914 UPDATE_15
20:36:43.322 (index):945 WAITING_0
20:36:43.322 (index):945 WAITING_1
20:36:43.322 (index):914 UPDATE_2
20:36:43.323 (index):914 UPDATE_3
20:36:43.323 (index):945 WAITING_4
20:36:43.324 (index):945 WAITING_5
20:36:43.324 (index):896 NODEACCESSRELEASED_6
20:36:43.325 (index):896 NODEACCESSRELEASED_7
20:36:43.325 (index):945 WAITING_8
20:36:43.326 (index):914 UPDATE_9
20:36:43.326 (index):914 UPDATE_10
20:36:43.326 (index):945 WAITING_11
20:36:43.327 (index):926 NODEACCESSREQUESTED_12
20:36:43.327 (index):945 WAITING_13
20:36:43.328 (index):945 WAITING_14
20:36:43.328 (index):896 NODEACCESSRELEASED_15
20:36:43.329 (index):945 WAITING_0
20:36:43.329 (index):945 WAITING_1
20:36:43.330 (index):896 NODEACCESSRELEASED_2
20:36:43.330 (index):896 NODEACCESSRELEASED_3
20:36:43.331 (index):945 WAITING_4
20:36:43.332 (index):945 WAITING_5
20:36:43.332 (index):926 NODEACCESSREQUESTED_6
20:36:43.333 (index):926 NODEACCESSREQUESTED_7
20:36:43.334 (index):945 WAITING_8
20:36:43.334 (index):896 NODEACCESSRELEASED_9
20:36:43.336 (index):896 NODEACCESSRELEASED_10
20:36:43.336 (index):945 WAITING_11
20:36:43.337 (index):914 UPDATE_12
20:36:43.338 (index):945 WAITING_13
20:36:43.338 (index):945 WAITING_14
20:36:43.339 (index):926 NODEACCESSREQUESTED_15
20:36:43.340 (index):945 WAITING_0
20:36:43.340 (index):945 WAITING_1
20:36:43.341 (index):926 NODEACCESSREQUESTED_2
20:36:43.341 (index):926 NODEACCESSREQUESTED_3
20:36:43.342 (index):945 WAITING_4
20:36:43.343 (index):945 WAITING_5
20:36:43.343 (index):914 UPDATE_6
20:36:43.344 (index):914 UPDATE_7
20:36:43.345 (index):945 WAITING_8
20:36:43.345 (index):926 NODEACCESSREQUESTED_9
20:36:43.346 (index):926 NODEACCESSREQUESTED_10
20:36:43.346 (index):945 WAITING_11
20:36:43.347 (index):896 NODEACCESSRELEASED_12
20:36:43.348 (index):945 WAITING_13
20:36:43.348 (index):945 WAITING_14
20:36:43.349 (index):914 UPDATE_15
20:36:43.349 (index):945 WAITING_0
20:36:43.350 (index):945 WAITING_1
20:36:43.350 (index):914 UPDATE_2
20:36:43.351 (index):945 WAITING_3
20:36:43.352 (index):945 WAITING_4
20:36:43.353 (index):945 WAITING_5
20:36:43.353 (index):896 NODEACCESSRELEASED_6
20:36:43.354 (index):896 NODEACCESSRELEASED_7
20:36:43.355 (index):945 WAITING_8
20:36:43.356 (index):914 UPDATE_9
20:36:43.356 (index):945 WAITING_10
20:36:43.357 (index):945 WAITING_11
20:36:43.357 (index):926 NODEACCESSREQUESTED_12
20:36:43.358 (index):945 WAITING_13
20:36:43.359 (index):945 WAITING_14
20:36:43.359 (index):896 NODEACCESSRELEASED_15
20:36:43.360 (index):914 UPDATE_0
20:36:43.360 (index):945 WAITING_1
20:36:43.361 (index):896 NODEACCESSRELEASED_2
20:36:43.362 (index):914 UPDATE_3
20:36:43.362 (index):945 WAITING_4
20:36:43.363 (index):945 WAITING_5
20:36:43.363 (index):926 NODEACCESSREQUESTED_6
20:36:43.364 (index):926 NODEACCESSREQUESTED_7
20:36:43.364 (index):945 WAITING_8
20:36:43.365 (index):896 NODEACCESSRELEASED_9
20:36:43.366 (index):945 WAITING_10
20:36:43.367 (index):945 WAITING_11
20:36:43.367 (index):945 WAITING_12
20:36:43.368 (index):945 WAITING_13
20:36:43.368 (index):945 WAITING_14
20:36:43.369 (index):926 NODEACCESSREQUESTED_15
20:36:43.370 (index):896 NODEACCESSRELEASED_0
20:36:43.370 (index):945 WAITING_1
20:36:43.371 (index):926 NODEACCESSREQUESTED_2
20:36:43.372 (index):896 NODEACCESSRELEASED_3
20:36:43.372 (index):945 WAITING_4
20:36:43.373 (index):945 WAITING_5
20:36:43.373 (index):914 UPDATE_6
20:36:43.374 (index):914 UPDATE_7
20:36:43.375 (index):945 WAITING_8
20:36:43.375 (index):926 NODEACCESSREQUESTED_9
20:36:43.376 (index):945 WAITING_10
20:36:43.376 (index):945 WAITING_11
20:36:43.377 (index):914 UPDATE_12
20:36:43.377 (index):945 WAITING_13
20:36:43.378 (index):945 WAITING_14
20:36:43.379 (index):914 UPDATE_15
20:36:43.379 (index):926 NODEACCESSREQUESTED_0
20:36:43.380 (index):945 WAITING_1
20:36:43.381 (index):914 UPDATE_2
20:36:43.381 (index):926 NODEACCESSREQUESTED_3
20:36:43.382 (index):945 WAITING_4
20:36:43.382 (index):945 WAITING_5
20:36:43.383 (index):896 NODEACCESSRELEASED_6
20:36:43.384 (index):896 NODEACCESSRELEASED_7
20:36:43.384 (index):945 WAITING_8
20:36:43.385 (index):914 UPDATE_9
20:36:43.386 (index):945 WAITING_10
20:36:43.386 (index):945 WAITING_11
20:36:43.387 (index):896 NODEACCESSRELEASED_12
20:36:43.387 (index):945 WAITING_13
20:36:43.388 (index):945 WAITING_14
20:36:43.389 (index):896 NODEACCESSRELEASED_15
20:36:43.389 (index):945 WAITING_0
20:36:43.390 (index):945 WAITING_1
20:36:43.390 (index):896 NODEACCESSRELEASED_2
20:36:43.391 (index):914 UPDATE_3
20:36:43.392 (index):945 WAITING_4
20:36:43.392 (index):945 WAITING_5
20:36:43.393 (index):926 NODEACCESSREQUESTED_6
20:36:43.393 (index):926 NODEACCESSREQUESTED_7
20:36:43.394 (index):945 WAITING_8
20:36:43.395 (index):896 NODEACCESSRELEASED_9
20:36:43.395 (index):945 WAITING_10
20:36:43.396 (index):945 WAITING_11
20:36:43.396 (index):926 NODEACCESSREQUESTED_12
20:36:43.397 (index):945 WAITING_13
20:36:43.398 (index):945 WAITING_14
20:36:43.398 (index):926 NODEACCESSREQUESTED_15
20:36:43.399 (index):945 WAITING_0
20:36:43.400 (index):945 WAITING_1
20:36:43.400 (index):926 NODEACCESSREQUESTED_2
20:36:43.401 (index):896 NODEACCESSRELEASED_3
20:36:43.401 (index):945 WAITING_4
20:36:43.402 (index):945 WAITING_5
20:36:43.402 (index):914 UPDATE_6
20:36:43.403 (index):914 UPDATE_7
20:36:43.404 (index):945 WAITING_8
20:36:43.404 (index):926 NODEACCESSREQUESTED_9
20:36:43.405 (index):945 WAITING_10
20:36:43.405 (index):945 WAITING_11
20:36:43.406 (index):914 UPDATE_12
20:36:43.406 (index):945 WAITING_13
20:36:43.407 (index):945 WAITING_14
20:36:43.408 (index):914 UPDATE_15
20:36:43.408 (index):945 WAITING_0
20:36:43.409 (index):945 WAITING_1
20:36:43.409 (index):914 UPDATE_2
20:36:43.410 (index):926 NODEACCESSREQUESTED_3
20:36:43.411 (index):945 WAITING_4
20:36:43.411 (index):945 WAITING_5
20:36:43.412 (index):896 NODEACCESSRELEASED_6
20:36:43.412 (index):896 NODEACCESSRELEASED_7
20:36:43.413 (index):945 WAITING_8
20:36:43.414 (index):914 UPDATE_9
20:36:43.414 (index):945 WAITING_10
20:36:43.415 (index):945 WAITING_11
20:36:43.416 (index):896 NODEACCESSRELEASED_12
20:36:43.416 (index):945 WAITING_13
20:36:43.417 (index):945 WAITING_14
20:36:43.417 (index):896 NODEACCESSRELEASED_15
20:36:43.418 (index):945 WAITING_0
20:36:43.419 (index):945 WAITING_1
20:36:43.419 (index):896 NODEACCESSRELEASED_2
20:36:43.420 (index):914 UPDATE_3
20:36:43.421 (index):945 WAITING_4
20:36:43.421 (index):945 WAITING_5
20:36:43.422 (index):926 NODEACCESSREQUESTED_6
20:36:43.422 (index):926 NODEACCESSREQUESTED_7
20:36:43.423 (index):945 WAITING_8
20:36:43.423 (index):896 NODEACCESSRELEASED_9
20:36:43.424 (index):945 WAITING_10
20:36:43.425 (index):945 WAITING_11
20:36:43.425 (index):926 NODEACCESSREQUESTED_12
20:36:43.426 (index):945 WAITING_13
20:36:43.427 (index):945 WAITING_14
20:36:43.427 (index):926 NODEACCESSREQUESTED_15
20:36:43.428 (index):945 WAITING_0
20:36:43.428 (index):945 WAITING_1
20:36:43.429 (index):926 NODEACCESSREQUESTED_2
20:36:43.430 (index):896 NODEACCESSRELEASED_3
20:36:43.430 (index):945 WAITING_4
20:36:43.431 (index):945 WAITING_5
20:36:43.432 (index):914 UPDATE_6
20:36:43.432 (index):914 UPDATE_7
20:36:43.433 (index):945 WAITING_8
20:36:43.433 (index):926 NODEACCESSREQUESTED_9
20:36:43.434 (index):945 WAITING_10
20:36:43.435 (index):945 WAITING_11
20:36:43.435 (index):914 UPDATE_12
20:36:43.436 (index):945 WAITING_13
20:36:43.436 (index):945 WAITING_14
20:36:43.437 (index):945 WAITING_15
20:36:43.437 (index):945 WAITING_0
20:36:43.438 (index):945 WAITING_1
20:36:43.439 (index):945 WAITING_2
20:36:43.439 (index):926 NODEACCESSREQUESTED_3
20:36:43.440 (index):945 WAITING_4
20:36:43.440 (index):945 WAITING_5
20:36:43.441 (index):896 NODEACCESSRELEASED_6
20:36:43.442 (index):896 NODEACCESSRELEASED_7
20:36:43.442 (index):945 WAITING_8
20:36:43.443 (index):914 UPDATE_9
20:36:43.443 (index):945 WAITING_10
20:36:43.444 (index):945 WAITING_11
20:36:43.445 (index):896 NODEACCESSRELEASED_12
20:36:43.445 (index):945 WAITING_13
20:36:43.446 (index):945 WAITING_14
20:36:43.446 (index):914 UPDATE_15
20:36:43.447 (index):945 WAITING_0
20:36:43.448 (index):945 WAITING_1
20:36:43.448 (index):914 UPDATE_2
20:36:43.449 (index):945 WAITING_3
20:36:43.449 (index):945 WAITING_4
20:36:43.450 (index):945 WAITING_5
20:36:43.451 (index):926 NODEACCESSREQUESTED_6
20:36:43.451 (index):926 NODEACCESSREQUESTED_7
20:36:43.452 (index):945 WAITING_8
20:36:43.452 (index):896 NODEACCESSRELEASED_9
20:36:43.453 (index):945 WAITING_10
20:36:43.454 (index):945 WAITING_11
20:36:43.454 (index):926 NODEACCESSREQUESTED_12
20:36:43.455 (index):945 WAITING_13
20:36:43.456 (index):945 WAITING_14
20:36:43.456 (index):896 NODEACCESSRELEASED_15
20:36:43.457 (index):945 WAITING_0
20:36:43.457 (index):945 WAITING_1
20:36:43.458 (index):896 NODEACCESSRELEASED_2
20:36:43.459 (index):914 UPDATE_3
20:36:43.459 (index):945 WAITING_4
20:36:43.460 (index):945 WAITING_5
20:36:43.460 (index):914 UPDATE_6
20:36:43.461 (index):914 UPDATE_7
20:36:43.462 (index):945 WAITING_8
20:36:43.462 (index):926 NODEACCESSREQUESTED_9
20:36:43.463 (index):945 WAITING_10
20:36:43.463 (index):945 WAITING_11
20:36:43.464 (index):945 WAITING_12
20:36:43.464 (index):945 WAITING_13
20:36:43.464 (index):945 WAITING_14
20:36:43.465 (index):926 NODEACCESSREQUESTED_15
20:36:43.465 (index):945 WAITING_0
20:36:43.466 (index):945 WAITING_1
20:36:43.467 (index):926 NODEACCESSREQUESTED_2
20:36:43.467 (index):896 NODEACCESSRELEASED_3
20:36:43.468 (index):945 WAITING_4
20:36:43.469 (index):945 WAITING_5
20:36:43.470 (index):896 NODEACCESSRELEASED_6
20:36:43.470 (index):896 NODEACCESSRELEASED_7
20:36:43.471 (index):945 WAITING_8
20:36:43.472 (index):914 UPDATE_9
20:36:43.472 (index):945 WAITING_10
20:36:43.473 (index):945 WAITING_11
20:36:43.473 (index):914 UPDATE_12
20:36:43.474 (index):945 WAITING_13
20:36:43.475 (index):945 WAITING_14
20:36:43.475 (index):914 UPDATE_15
20:36:43.476 (index):945 WAITING_0
20:36:43.477 (index):945 WAITING_1
20:36:43.477 (index):914 UPDATE_2
20:36:43.478 (index):926 NODEACCESSREQUESTED_3
20:36:43.478 (index):945 WAITING_4
20:36:43.479 (index):945 WAITING_5
20:36:43.480 (index):926 NODEACCESSREQUESTED_6
20:36:43.480 (index):926 NODEACCESSREQUESTED_7
20:36:43.481 (index):945 WAITING_8
20:36:43.481 (index):956 END_9
20:36:43.482 (index):945 WAITING_10
20:36:43.483 (index):945 WAITING_11
20:36:43.483 (index):896 NODEACCESSRELEASED_12
20:36:43.484 (index):945 WAITING_13
20:36:43.485 (index):945 WAITING_14
20:36:43.485 (index):896 NODEACCESSRELEASED_15
20:36:43.486 (index):945 WAITING_0
20:36:43.486 (index):945 WAITING_1
20:36:43.487 (index):896 NODEACCESSRELEASED_2
20:36:43.488 (index):914 UPDATE_3
20:36:43.488 (index):945 WAITING_4
20:36:43.489 (index):945 WAITING_5
20:36:43.489 (index):914 UPDATE_6
20:36:43.490 (index):914 UPDATE_7
20:36:43.491 (index):945 WAITING_8
20:36:43.491 (index):945 WAITING_10
20:36:43.492 (index):945 WAITING_11
20:36:43.492 (index):926 NODEACCESSREQUESTED_12
20:36:43.493 (index):945 WAITING_13
20:36:43.494 (index):945 WAITING_14
20:36:43.494 (index):926 NODEACCESSREQUESTED_15
20:36:43.495 (index):945 WAITING_0
20:36:43.495 (index):945 WAITING_1
20:36:43.496 (index):926 NODEACCESSREQUESTED_2
20:36:43.497 (index):956 END_3
20:36:43.497 (index):945 WAITING_4
20:36:43.498 (index):945 WAITING_5
20:36:43.499 (index):956 END_6
20:36:43.499 (index):956 END_7
20:36:43.500 (index):945 WAITING_8
20:36:43.500 (index):945 WAITING_10
20:36:43.501 (index):945 WAITING_11
20:36:43.502 (index):945 WAITING_12
20:36:43.502 (index):945 WAITING_13
20:36:43.503 (index):945 WAITING_14
20:36:43.503 (index):914 UPDATE_15
20:36:43.504 (index):945 WAITING_0
20:36:43.504 (index):945 WAITING_1
20:36:43.505 (index):914 UPDATE_2
20:36:43.506 (index):945 WAITING_4
20:36:43.506 (index):945 WAITING_5
20:36:43.507 (index):945 WAITING_8
20:36:43.507 (index):945 WAITING_10
20:36:43.508 (index):945 WAITING_11
20:36:43.509 (index):945 WAITING_12
20:36:43.509 (index):945 WAITING_13
20:36:43.510 (index):945 WAITING_14
20:36:43.510 (index):956 END_15
20:36:43.511 (index):945 WAITING_0
20:36:43.512 (index):945 WAITING_1
20:36:43.512 (index):896 NODEACCESSRELEASED_2
20:36:43.513 (index):914 UPDATE_4
20:36:43.514 (index):945 WAITING_5
20:36:43.514 (index):945 WAITING_8
20:36:43.515 (index):945 WAITING_10
20:36:43.515 (index):945 WAITING_11
20:36:43.516 (index):945 WAITING_12
20:36:43.517 (index):945 WAITING_13
20:36:43.517 (index):945 WAITING_14
20:36:43.518 (index):945 WAITING_0
20:36:43.518 (index):945 WAITING_1
20:36:43.519 (index):926 NODEACCESSREQUESTED_2
20:36:43.520 (index):896 NODEACCESSRELEASED_4
20:36:43.520 (index):914 UPDATE_5
20:36:43.521 (index):945 WAITING_8
20:36:43.521 (index):945 WAITING_10
20:36:43.522 (index):945 WAITING_11
20:36:43.523 (index):945 WAITING_12
20:36:43.523 (index):945 WAITING_13
20:36:43.524 (index):945 WAITING_14
20:36:43.524 (index):945 WAITING_0
20:36:43.525 (index):945 WAITING_1
20:36:43.525 (index):945 WAITING_2
20:36:43.525 (index):926 NODEACCESSREQUESTED_4
20:36:43.526 (index):896 NODEACCESSRELEASED_5
20:36:43.526 (index):945 WAITING_8
20:36:43.527 (index):945 WAITING_10
20:36:43.527 (index):945 WAITING_11
20:36:43.528 (index):945 WAITING_12
20:36:43.528 (index):945 WAITING_13
20:36:43.528 (index):914 UPDATE_14
20:36:43.529 (index):945 WAITING_0
20:36:43.529 (index):945 WAITING_1
20:36:43.530 (index):945 WAITING_2
20:36:43.530 (index):945 WAITING_4
20:36:43.531 (index):926 NODEACCESSREQUESTED_5
20:36:43.531 (index):945 WAITING_8
20:36:43.531 (index):945 WAITING_10
20:36:43.532 (index):945 WAITING_11
20:36:43.532 (index):945 WAITING_12
20:36:43.533 (index):945 WAITING_13
20:36:43.533 (index):896 NODEACCESSRELEASED_14
20:36:43.534 (index):945 WAITING_0
20:36:43.534 (index):945 WAITING_1
20:36:43.535 (index):945 WAITING_2
20:36:43.535 (index):945 WAITING_4
20:36:43.535 (index):945 WAITING_5
20:36:43.536 (index):945 WAITING_8
20:36:43.536 (index):945 WAITING_10
20:36:43.537 (index):945 WAITING_11
20:36:43.537 (index):945 WAITING_12
20:36:43.537 (index):914 UPDATE_13
20:36:43.538 (index):926 NODEACCESSREQUESTED_14
20:36:43.538 (index):945 WAITING_0
20:36:43.539 (index):945 WAITING_1
20:36:43.539 (index):945 WAITING_2
20:36:43.540 (index):945 WAITING_4
20:36:43.540 (index):945 WAITING_5
20:36:43.540 (index):945 WAITING_8
20:36:43.541 (index):945 WAITING_10
20:36:43.541 (index):945 WAITING_11
20:36:43.542 (index):945 WAITING_12
20:36:43.542 (index):896 NODEACCESSRELEASED_13
20:36:43.543 (index):945 WAITING_14
20:36:43.543 (index):945 WAITING_0
20:36:43.544 (index):945 WAITING_1
20:36:43.544 (index):945 WAITING_2
20:36:43.544 (index):945 WAITING_4
20:36:43.545 (index):945 WAITING_5
20:36:43.545 (index):945 WAITING_8
20:36:43.546 (index):945 WAITING_10
20:36:43.546 (index):914 UPDATE_11
20:36:43.547 (index):945 WAITING_12
20:36:43.547 (index):926 NODEACCESSREQUESTED_13
20:36:43.547 (index):945 WAITING_14
20:36:43.548 (index):945 WAITING_0
20:36:43.548 (index):945 WAITING_1
20:36:43.549 (index):945 WAITING_2
20:36:43.549 (index):945 WAITING_4
20:36:43.550 (index):945 WAITING_5
20:36:43.550 (index):945 WAITING_8
20:36:43.550 (index):945 WAITING_10
20:36:43.551 (index):896 NODEACCESSRELEASED_11
20:36:43.551 (index):945 WAITING_12
20:36:43.552 (index):945 WAITING_13
20:36:43.552 (index):945 WAITING_14
20:36:43.553 (index):945 WAITING_0
20:36:43.553 (index):914 UPDATE_1
20:36:43.553 (index):945 WAITING_2
20:36:43.554 (index):945 WAITING_4
20:36:43.554 (index):945 WAITING_5
20:36:43.555 (index):945 WAITING_8
20:36:43.555 (index):945 WAITING_10
20:36:43.555 (index):926 NODEACCESSREQUESTED_11
20:36:43.556 (index):945 WAITING_12
20:36:43.556 (index):945 WAITING_13
20:36:43.557 (index):945 WAITING_14
20:36:43.557 (index):945 WAITING_0
20:36:43.558 (index):896 NODEACCESSRELEASED_1
20:36:43.558 (index):945 WAITING_2
20:36:43.558 (index):945 WAITING_4
20:36:43.559 (index):945 WAITING_5
20:36:43.559 (index):914 UPDATE_8
20:36:43.560 (index):945 WAITING_10
20:36:43.560 (index):945 WAITING_11
20:36:43.561 (index):945 WAITING_12
20:36:43.561 (index):945 WAITING_13
20:36:43.561 (index):945 WAITING_14
20:36:43.562 (index):945 WAITING_0
20:36:43.562 (index):926 NODEACCESSREQUESTED_1
20:36:43.563 (index):945 WAITING_2
20:36:43.563 (index):945 WAITING_4
20:36:43.564 (index):945 WAITING_5
20:36:43.564 (index):896 NODEACCESSRELEASED_8
20:36:43.564 (index):914 UPDATE_10
20:36:43.565 (index):945 WAITING_11
20:36:43.565 (index):945 WAITING_12
20:36:43.566 (index):945 WAITING_13
20:36:43.566 (index):945 WAITING_14
20:36:43.567 (index):945 WAITING_0
20:36:43.567 (index):945 WAITING_1
20:36:43.567 (index):945 WAITING_2
20:36:43.568 (index):945 WAITING_4
20:36:43.568 (index):945 WAITING_5
20:36:43.569 (index):926 NODEACCESSREQUESTED_8
20:36:43.569 (index):896 NODEACCESSRELEASED_10
20:36:43.570 (index):945 WAITING_11
20:36:43.570 (index):945 WAITING_12
20:36:43.570 (index):945 WAITING_13
20:36:43.571 (index):945 WAITING_14
20:36:43.571 (index):914 UPDATE_0
20:36:43.572 (index):945 WAITING_1
20:36:43.572 (index):945 WAITING_2
20:36:43.573 (index):945 WAITING_4
20:36:43.573 (index):945 WAITING_5
20:36:43.573 (index):945 WAITING_8
20:36:43.574 (index):926 NODEACCESSREQUESTED_10
20:36:43.574 (index):945 WAITING_11
20:36:43.575 (index):945 WAITING_12
20:36:43.575 (index):945 WAITING_13
20:36:43.576 (index):945 WAITING_14
20:36:43.576 (index):896 NODEACCESSRELEASED_0
20:36:43.577 (index):945 WAITING_1
20:36:43.577 (index):945 WAITING_2
20:36:43.577 (index):945 WAITING_4
20:36:43.578 (index):945 WAITING_5
20:36:43.579 (index):945 WAITING_8
20:36:43.579 (index):945 WAITING_10
20:36:43.580 (index):945 WAITING_11
20:36:43.581 (index):914 UPDATE_12
20:36:43.581 (index):945 WAITING_13
20:36:43.582 (index):945 WAITING_14
20:36:43.582 (index):926 NODEACCESSREQUESTED_0
20:36:43.582 (index):945 WAITING_1
20:36:43.583 (index):945 WAITING_2
20:36:43.583 (index):945 WAITING_4
20:36:43.584 (index):945 WAITING_5
20:36:43.584 (index):945 WAITING_8
20:36:43.585 (index):945 WAITING_10
20:36:43.585 (index):945 WAITING_11
20:36:43.585 (index):896 NODEACCESSRELEASED_12
20:36:43.586 (index):914 UPDATE_13
20:36:43.586 (index):945 WAITING_14
20:36:43.587 (index):945 WAITING_0
20:36:43.587 (index):914 UPDATE_1
20:36:43.588 (index):914 UPDATE_2
20:36:43.588 (index):945 WAITING_4
20:36:43.588 (index):914 UPDATE_5
20:36:43.589 (index):945 WAITING_8
20:36:43.589 (index):914 UPDATE_10
20:36:43.590 (index):945 WAITING_11
20:36:43.590 (index):926 NODEACCESSREQUESTED_12
20:36:43.591 (index):896 NODEACCESSRELEASED_13
20:36:43.591 (index):914 UPDATE_14
20:36:43.591 (index):945 WAITING_0
20:36:43.592 (index):896 NODEACCESSRELEASED_1
20:36:43.592 (index):896 NODEACCESSRELEASED_2
20:36:43.593 (index):945 WAITING_4
20:36:43.593 (index):896 NODEACCESSRELEASED_5
20:36:43.594 (index):914 UPDATE_8
20:36:43.594 (index):896 NODEACCESSRELEASED_10
20:36:43.594 (index):945 WAITING_11
20:36:43.595 (index):945 WAITING_12
20:36:43.595 (index):926 NODEACCESSREQUESTED_13
20:36:43.596 (index):896 NODEACCESSRELEASED_14
20:36:43.596 (index):914 UPDATE_0
20:36:43.597 (index):926 NODEACCESSREQUESTED_1
20:36:43.597 (index):926 NODEACCESSREQUESTED_2
20:36:43.598 (index):945 WAITING_4
20:36:43.598 (index):926 NODEACCESSREQUESTED_5
20:36:43.598 (index):896 NODEACCESSRELEASED_8
20:36:43.599 (index):926 NODEACCESSREQUESTED_10
20:36:43.599 (index):914 UPDATE_11
20:36:43.600 (index):945 WAITING_12
20:36:43.600 (index):914 UPDATE_13
20:36:43.601 (index):926 NODEACCESSREQUESTED_14
20:36:43.601 (index):896 NODEACCESSRELEASED_0
20:36:43.602 (index):914 UPDATE_1
20:36:43.602 (index):945 WAITING_2
20:36:43.602 (index):945 WAITING_4
20:36:43.603 (index):914 UPDATE_5
20:36:43.604 (index):926 NODEACCESSREQUESTED_8
20:36:43.604 (index):914 UPDATE_10
20:36:43.604 (index):896 NODEACCESSRELEASED_11
20:36:43.605 (index):945 WAITING_12
20:36:43.605 (index):896 NODEACCESSRELEASED_13
20:36:43.606 (index):914 UPDATE_14
20:36:43.606 (index):926 NODEACCESSREQUESTED_0
20:36:43.607 (index):896 NODEACCESSRELEASED_1
20:36:43.607 (index):914 UPDATE_2
20:36:43.608 (index):945 WAITING_4
20:36:43.608 (index):896 NODEACCESSRELEASED_5
20:36:43.609 (index):914 UPDATE_8
20:36:43.609 (index):896 NODEACCESSRELEASED_10
20:36:43.609 (index):926 NODEACCESSREQUESTED_11
20:36:43.610 (index):945 WAITING_12
20:36:43.610 (index):926 NODEACCESSREQUESTED_13
20:36:43.611 (index):896 NODEACCESSRELEASED_14
20:36:43.611 (index):914 UPDATE_0
20:36:43.612 (index):926 NODEACCESSREQUESTED_1
20:36:43.612 (index):956 END_2
20:36:43.613 (index):945 WAITING_4
20:36:43.613 (index):926 NODEACCESSREQUESTED_5
20:36:43.614 (index):896 NODEACCESSRELEASED_8
20:36:43.614 (index):926 NODEACCESSREQUESTED_10
20:36:43.615 (index):914 UPDATE_11
20:36:43.616 (index):945 WAITING_12
20:36:43.616 (index):914 UPDATE_13
20:36:43.617 (index):926 NODEACCESSREQUESTED_14
20:36:43.617 (index):896 NODEACCESSRELEASED_0
20:36:43.618 (index):914 UPDATE_1
20:36:43.618 (index):945 WAITING_4
20:36:43.619 (index):945 WAITING_5
20:36:43.619 (index):926 NODEACCESSREQUESTED_8
20:36:43.620 (index):914 UPDATE_10
20:36:43.620 (index):896 NODEACCESSRELEASED_11
20:36:43.620 (index):945 WAITING_12
20:36:43.621 (index):896 NODEACCESSRELEASED_13
20:36:43.621 (index):945 WAITING_14
20:36:43.622 (index):926 NODEACCESSREQUESTED_0
20:36:43.622 (index):896 NODEACCESSRELEASED_1
20:36:43.623 (index):945 WAITING_4
20:36:43.623 (index):945 WAITING_5
20:36:43.624 (index):914 UPDATE_8
20:36:43.624 (index):896 NODEACCESSRELEASED_10
20:36:43.625 (index):926 NODEACCESSREQUESTED_11
20:36:43.625 (index):945 WAITING_12
20:36:43.625 (index):926 NODEACCESSREQUESTED_13
20:36:43.626 (index):945 WAITING_14
20:36:43.626 (index):914 UPDATE_0
20:36:43.627 (index):926 NODEACCESSREQUESTED_1
20:36:43.627 (index):945 WAITING_4
20:36:43.628 (index):945 WAITING_5
20:36:43.628 (index):896 NODEACCESSRELEASED_8
20:36:43.629 (index):926 NODEACCESSREQUESTED_10
20:36:43.629 (index):914 UPDATE_11
20:36:43.630 (index):945 WAITING_12
20:36:43.630 (index):914 UPDATE_13
20:36:43.631 (index):945 WAITING_14
20:36:43.631 (index):896 NODEACCESSRELEASED_0
20:36:43.632 (index):914 UPDATE_1
20:36:43.632 (index):945 WAITING_4
20:36:43.633 (index):945 WAITING_5
20:36:43.634 (index):926 NODEACCESSREQUESTED_8
20:36:43.634 (index):945 WAITING_10
20:36:43.634 (index):896 NODEACCESSRELEASED_11
20:36:43.635 (index):945 WAITING_12
20:36:43.635 (index):896 NODEACCESSRELEASED_13
20:36:43.636 (index):945 WAITING_14
20:36:43.636 (index):926 NODEACCESSREQUESTED_0
20:36:43.637 (index):896 NODEACCESSRELEASED_1
20:36:43.637 (index):945 WAITING_4
20:36:43.638 (index):945 WAITING_5
20:36:43.638 (index):914 UPDATE_8
20:36:43.638 (index):914 UPDATE_10
20:36:43.639 (index):926 NODEACCESSREQUESTED_11
20:36:43.639 (index):945 WAITING_12
20:36:43.640 (index):926 NODEACCESSREQUESTED_13
20:36:43.640 (index):945 WAITING_14
20:36:43.641 (index):914 UPDATE_0
20:36:43.641 (index):926 NODEACCESSREQUESTED_1
20:36:43.642 (index):945 WAITING_4
20:36:43.642 (index):945 WAITING_5
20:36:43.643 (index):896 NODEACCESSRELEASED_8
20:36:43.643 (index):896 NODEACCESSRELEASED_10
20:36:43.644 (index):945 WAITING_11
20:36:43.644 (index):945 WAITING_12
20:36:43.645 (index):914 UPDATE_13
20:36:43.645 (index):945 WAITING_14
