20:36:43.966 (index):1332 Tasks: 25; Collaborators: 17    =========================>
20:36:43.966 (index):926 NODEACCESSREQUESTED_0
20:36:43.967 (index):926 NODEACCESSREQUESTED_1
20:36:43.968 (index):926 NODEACCESSREQUESTED_2
20:36:43.969 (index):926 NODEACCESSREQUESTED_3
20:36:43.969 (index):926 NODEACCESSREQUESTED_4
20:36:43.970 (index):926 NODEACCESSREQUESTED_5
20:36:43.971 (index):926 NODEACCESSREQUESTED_6
20:36:43.971 (index):926 NODEACCESSREQUESTED_7
20:36:43.972 (index):926 NODEACCESSREQUESTED_8
20:36:43.973 (index):926 NODEACCESSREQUESTED_9
20:36:43.973 (index):926 NODEACCESSREQUESTED_10
20:36:43.974 (index):926 NODEACCESSREQUESTED_11
20:36:43.975 (index):926 NODEACCESSREQUESTED_12
20:36:43.975 (index):926 NODEACCESSREQUESTED_13
20:36:43.976 (index):926 NODEACCESSREQUESTED_14
20:36:43.977 (index):926 NODEACCESSREQUESTED_15
20:36:43.977 (index):926 NODEACCESSREQUESTED_16
20:36:43.978 (index):896 NODEACCESSRELEASED_0
20:36:43.979 (index):896 NODEACCESSRELEASED_1
20:36:43.980 (index):896 NODEACCESSRELEASED_2
20:36:43.981 (index):945 WAITING_3
20:36:43.981 (index):896 NODEACCESSRELEASED_4
20:36:43.982 (index):896 NODEACCESSRELEASED_5
20:36:43.983 (index):896 NODEACCESSRELEASED_6
20:36:43.984 (index):896 NODEACCESSRELEASED_7
20:36:43.984 (index):896 NODEACCESSRELEASED_8
20:36:43.985 (index):945 WAITING_9
20:36:43.986 (index):896 NODEACCESSRELEASED_10
20:36:43.986 (index):896 NODEACCESSRELEASED_11
20:36:43.987 (index):945 WAITING_12
20:36:43.988 (index):896 NODEACCESSRELEASED_13
20:36:43.989 (index):896 NODEACCESSRELEASED_14
20:36:43.989 (index):896 NODEACCESSRELEASED_15
20:36:43.990 (index):945 WAITING_16
20:36:43.991 (index):926 NODEACCESSREQUESTED_0
20:36:43.992 (index):926 NODEACCESSREQUESTED_1
20:36:43.992 (index):926 NODEACCESSREQUESTED_2
20:36:43.993 (index):896 NODEACCESSRELEASED_3
20:36:43.994 (index):926 NODEACCESSREQUESTED_4
20:36:43.994 (index):926 NODEACCESSREQUESTED_5
20:36:43.995 (index):926 NODEACCESSREQUESTED_6
20:36:43.996 (index):926 NODEACCESSREQUESTED_7
20:36:43.996 (index):926 NODEACCESSREQUESTED_8
20:36:43.997 (index):896 NODEACCESSRELEASED_9
20:36:43.998 (index):926 NODEACCESSREQUESTED_10
20:36:43.999 (index):926 NODEACCESSREQUESTED_11
20:36:44.000 (index):896 NODEACCESSRELEASED_12
20:36:44.000 (index):926 NODEACCESSREQUESTED_13
20:36:44.001 (index):926 NODEACCESSREQUESTED_14
20:36:44.002 (index):926 NODEACCESSREQUESTED_15
20:36:44.003 (index):945 WAITING_16
20:36:44.003 (index):914 UPDATE_0
20:36:44.004 (index):945 WAITING_1
20:36:44.005 (index):914 UPDATE_2
20:36:44.005 (index):926 NODEACCESSREQUESTED_3
20:36:44.006 (index):945 WAITING_4
20:36:44.007 (index):914 UPDATE_5
20:36:44.007 (index):945 WAITING_6
20:36:44.008 (index):914 UPDATE_7
20:36:44.009 (index):945 WAITING_8
20:36:44.009 (index):926 NODEACCESSREQUESTED_9
20:36:44.010 (index):914 UPDATE_10
20:36:44.011 (index):945 WAITING_11
20:36:44.012 (index):926 NODEACCESSREQUESTED_12
20:36:44.012 (index):914 UPDATE_13
20:36:44.013 (index):914 UPDATE_14
20:36:44.014 (index):945 WAITING_15
20:36:44.014 (index):945 WAITING_16
20:36:44.015 (index):896 NODEACCESSRELEASED_0
20:36:44.016 (index):914 UPDATE_1
20:36:44.017 (index):896 NODEACCESSRELEASED_2
20:36:44.017 (index):914 UPDATE_3
20:36:44.018 (index):914 UPDATE_4
20:36:44.019 (index):896 NODEACCESSRELEASED_5
20:36:44.020 (index):945 WAITING_6
20:36:44.020 (index):896 NODEACCESSRELEASED_7
20:36:44.021 (index):914 UPDATE_8
20:36:44.022 (index):945 WAITING_9
20:36:44.022 (index):896 NODEACCESSRELEASED_10
20:36:44.023 (index):945 WAITING_11
20:36:44.024 (index):914 UPDATE_12
20:36:44.024 (index):896 NODEACCESSRELEASED_13
20:36:44.025 (index):896 NODEACCESSRELEASED_14
20:36:44.026 (index):914 UPDATE_15
20:36:44.026 (index):945 WAITING_16
20:36:44.027 (index):926 NODEACCESSREQUESTED_0
20:36:44.028 (index):896 NODEACCESSRELEASED_1
20:36:44.029 (index):926 NODEACCESSREQUESTED_2
20:36:44.029 (index):896 NODEACCESSRELEASED_3
20:36:44.030 (index):896 NODEACCESSRELEASED_4
20:36:44.031 (index):926 NODEACCESSREQUESTED_5
20:36:44.032 (index):945 WAITING_6
20:36:44.032 (index):926 NODEACCESSREQUESTED_7
20:36:44.033 (index):896 NODEACCESSRELEASED_8
20:36:44.034 (index):945 WAITING_9
20:36:44.034 (index):926 NODEACCESSREQUESTED_10
20:36:44.035 (index):945 WAITING_11
20:36:44.036 (index):896 NODEACCESSRELEASED_12
20:36:44.037 (index):926 NODEACCESSREQUESTED_13
20:36:44.037 (index):926 NODEACCESSREQUESTED_14
20:36:44.038 (index):896 NODEACCESSRELEASED_15
20:36:44.039 (index):945 WAITING_16
20:36:44.039 (index):914 UPDATE_0
20:36:44.040 (index):926 NODEACCESSREQUESTED_1
20:36:44.041 (index):914 UPDATE_2
20:36:44.041 (index):926 NODEACCESSREQUESTED_3
20:36:44.042 (index):926 NODEACCESSREQUESTED_4
20:36:44.043 (index):914 UPDATE_5
20:36:44.044 (index):945 WAITING_6
20:36:44.044 (index):914 UPDATE_7
20:36:44.045 (index):926 NODEACCESSREQUESTED_8
20:36:44.046 (index):945 WAITING_9
20:36:44.046 (index):914 UPDATE_10
20:36:44.047 (index):945 WAITING_11
20:36:44.048 (index):926 NODEACCESSREQUESTED_12
20:36:44.049 (index):914 UPDATE_13
20:36:44.049 (index):945 WAITING_14
20:36:44.050 (index):926 NODEACCESSREQUESTED_15
20:36:44.051 (index):945 WAITING_16
20:36:44.051 (index):896 NODEACCESSRELEASED_0
20:36:44.052 (index):945 WAITING_1
20:36:44.053 (index):896 NODEACCESSRELEASED_2
20:36:44.054 (index):945 WAITING_3
20:36:44.054 (index):945 WAITING_4
20:36:44.055 (index):896 NODEACCESSRELEASED_5
20:36:44.056 (index):945 WAITING_6
20:36:44.056 (index):896 NODEACCESSRELEASED_7
20:36:44.057 (index):914 UPDATE_8
20:36:44.058 (index):945 WAITING_9
20:36:44.059 (index):896 NODEACCESSRELEASED_10
20:36:44.059 (index):914 UPDATE_11
20:36:44.060 (index):914 UPDATE_12
20:36:44.061 (index):896 NODEACCESSRELEASED_13
20:36:44.061 (index):914 UPDATE_14
20:36:44.062 (index):914 UPDATE_15
20:36:44.063 (index):945 WAITING_16
20:36:44.064 (index):926 NODEACCESSREQUESTED_0
20:36:44.064 (index):945 WAITING_1
20:36:44.065 (index):926 NODEACCESSREQUESTED_2
20:36:44.066 (index):945 WAITING_3
20:36:44.066 (index):945 WAITING_4
20:36:44.067 (index):926 NODEACCESSREQUESTED_5
20:36:44.068 (index):945 WAITING_6
20:36:44.068 (index):926 NODEACCESSREQUESTED_7
20:36:44.069 (index):896 NODEACCESSRELEASED_8
20:36:44.070 (index):945 WAITING_9
20:36:44.071 (index):926 NODEACCESSREQUESTED_10
20:36:44.071 (index):896 NODEACCESSRELEASED_11
20:36:44.072 (index):896 NODEACCESSRELEASED_12
20:36:44.073 (index):926 NODEACCESSREQUESTED_13
20:36:44.073 (index):896 NODEACCESSRELEASED_14
20:36:44.074 (index):896 NODEACCESSRELEASED_15
20:36:44.075 (index):945 WAITING_16
20:36:44.076 (index):914 UPDATE_0
20:36:44.076 (index):945 WAITING_1
20:36:44.077 (index):945 WAITING_2
20:36:44.078 (index):914 UPDATE_3
20:36:44.078 (index):945 WAITING_4
20:36:44.079 (index):914 UPDATE_5
20:36:44.080 (index):945 WAITING_6
20:36:44.081 (index):914 UPDATE_7
20:36:44.081 (index):926 NODEACCESSREQUESTED_8
20:36:44.082 (index):945 WAITING_9
20:36:44.083 (index):914 UPDATE_10
20:36:44.083 (index):926 NODEACCESSREQUESTED_11
20:36:44.084 (index):926 NODEACCESSREQUESTED_12
20:36:44.085 (index):914 UPDATE_13
20:36:44.085 (index):926 NODEACCESSREQUESTED_14
20:36:44.086 (index):926 NODEACCESSREQUESTED_15
20:36:44.087 (index):945 WAITING_16
20:36:44.088 (index):896 NODEACCESSRELEASED_0
20:36:44.088 (index):945 WAITING_1
20:36:44.089 (index):945 WAITING_2
20:36:44.090 (index):896 NODEACCESSRELEASED_3
20:36:44.090 (index):945 WAITING_4
20:36:44.091 (index):896 NODEACCESSRELEASED_5
20:36:44.092 (index):945 WAITING_6
20:36:44.093 (index):896 NODEACCESSRELEASED_7
20:36:44.093 (index):914 UPDATE_8
20:36:44.094 (index):945 WAITING_9
20:36:44.095 (index):896 NODEACCESSRELEASED_10
20:36:44.095 (index):914 UPDATE_11
20:36:44.096 (index):914 UPDATE_12
20:36:44.097 (index):896 NODEACCESSRELEASED_13
20:36:44.098 (index):914 UPDATE_14
20:36:44.098 (index):945 WAITING_15
20:36:44.099 (index):945 WAITING_16
20:36:44.100 (index):926 NODEACCESSREQUESTED_0
20:36:44.100 (index):945 WAITING_1
20:36:44.101 (index):945 WAITING_2
20:36:44.102 (index):926 NODEACCESSREQUESTED_3
20:36:44.102 (index):945 WAITING_4
20:36:44.103 (index):926 NODEACCESSREQUESTED_5
20:36:44.104 (index):945 WAITING_6
20:36:44.104 (index):926 NODEACCESSREQUESTED_7
20:36:44.105 (index):896 NODEACCESSRELEASED_8
20:36:44.106 (index):945 WAITING_9
20:36:44.106 (index):926 NODEACCESSREQUESTED_10
20:36:44.107 (index):896 NODEACCESSRELEASED_11
20:36:44.108 (index):896 NODEACCESSRELEASED_12
20:36:44.108 (index):926 NODEACCESSREQUESTED_13
20:36:44.109 (index):896 NODEACCESSRELEASED_14
20:36:44.110 (index):914 UPDATE_15
20:36:44.111 (index):945 WAITING_16
20:36:44.111 (index):914 UPDATE_0
20:36:44.112 (index):945 WAITING_1
20:36:44.113 (index):945 WAITING_2
20:36:44.113 (index):914 UPDATE_3
20:36:44.114 (index):945 WAITING_4
20:36:44.115 (index):914 UPDATE_5
20:36:44.116 (index):945 WAITING_6
20:36:44.116 (index):914 UPDATE_7
20:36:44.117 (index):926 NODEACCESSREQUESTED_8
20:36:44.118 (index):945 WAITING_9
20:36:44.118 (index):914 UPDATE_10
20:36:44.119 (index):926 NODEACCESSREQUESTED_11
20:36:44.120 (index):926 NODEACCESSREQUESTED_12
20:36:44.121 (index):945 WAITING_13
20:36:44.121 (index):926 NODEACCESSREQUESTED_14
20:36:44.122 (index):896 NODEACCESSRELEASED_15
20:36:44.123 (index):945 WAITING_16
20:36:44.123 (index):896 NODEACCESSRELEASED_0
20:36:44.124 (index):945 WAITING_1
20:36:44.125 (index):945 WAITING_2
20:36:44.126 (index):896 NODEACCESSRELEASED_3
20:36:44.126 (index):945 WAITING_4
20:36:44.127 (index):896 NODEACCESSRELEASED_5
20:36:44.128 (index):945 WAITING_6
20:36:44.129 (index):896 NODEACCESSRELEASED_7
20:36:44.129 (index):945 WAITING_8
20:36:44.130 (index):945 WAITING_9
20:36:44.131 (index):896 NODEACCESSRELEASED_10
20:36:44.132 (index):945 WAITING_11
20:36:44.132 (index):914 UPDATE_12
20:36:44.133 (index):945 WAITING_13
20:36:44.134 (index):914 UPDATE_14
20:36:44.134 (index):926 NODEACCESSREQUESTED_15
20:36:44.135 (index):945 WAITING_16
20:36:44.136 (index):926 NODEACCESSREQUESTED_0
20:36:44.136 (index):945 WAITING_1
20:36:44.137 (index):945 WAITING_2
20:36:44.138 (index):926 NODEACCESSREQUESTED_3
20:36:44.138 (index):945 WAITING_4
20:36:44.139 (index):926 NODEACCESSREQUESTED_5
20:36:44.140 (index):945 WAITING_6
20:36:44.140 (index):926 NODEACCESSREQUESTED_7
20:36:44.141 (index):945 WAITING_8
20:36:44.142 (index):945 WAITING_9
20:36:44.143 (index):926 NODEACCESSREQUESTED_10
20:36:44.143 (index):945 WAITING_11
20:36:44.144 (index):896 NODEACCESSRELEASED_12
20:36:44.145 (index):945 WAITING_13
20:36:44.146 (index):896 NODEACCESSRELEASED_14
20:36:44.146 (index):914 UPDATE_15
20:36:44.147 (index):945 WAITING_16
20:36:44.148 (index):914 UPDATE_0
20:36:44.148 (index):945 WAITING_1
20:36:44.149 (index):945 WAITING_2
20:36:44.150 (index):914 UPDATE_3
20:36:44.150 (index):945 WAITING_4
20:36:44.151 (index):945 WAITING_5
20:36:44.152 (index):945 WAITING_6
20:36:44.152 (index):914 UPDATE_7
20:36:44.153 (index):945 WAITING_8
20:36:44.154 (index):945 WAITING_9
20:36:44.154 (index):945 WAITING_10
20:36:44.155 (index):945 WAITING_11
20:36:44.156 (index):926 NODEACCESSREQUESTED_12
20:36:44.157 (index):945 WAITING_13
20:36:44.157 (index):926 NODEACCESSREQUESTED_14
20:36:44.158 (index):896 NODEACCESSRELEASED_15
20:36:44.159 (index):945 WAITING_16
20:36:44.159 (index):896 NODEACCESSRELEASED_0
20:36:44.160 (index):945 WAITING_1
20:36:44.161 (index):945 WAITING_2
20:36:44.162 (index):896 NODEACCESSRELEASED_3
20:36:44.162 (index):945 WAITING_4
20:36:44.163 (index):945 WAITING_5
20:36:44.164 (index):945 WAITING_6
20:36:44.164 (index):896 NODEACCESSRELEASED_7
20:36:44.165 (index):945 WAITING_8
20:36:44.166 (index):945 WAITING_9
20:36:44.167 (index):914 UPDATE_10
20:36:44.167 (index):945 WAITING_11
20:36:44.168 (index):914 UPDATE_12
20:36:44.169 (index):945 WAITING_13
20:36:44.169 (index):945 WAITING_14
20:36:44.170 (index):926 NODEACCESSREQUESTED_15
20:36:44.171 (index):945 WAITING_16
20:36:44.171 (index):926 NODEACCESSREQUESTED_0
20:36:44.172 (index):945 WAITING_1
20:36:44.173 (index):945 WAITING_2
20:36:44.173 (index):926 NODEACCESSREQUESTED_3
20:36:44.174 (index):945 WAITING_4
20:36:44.175 (index):945 WAITING_5
20:36:44.176 (index):945 WAITING_6
20:36:44.176 (index):926 NODEACCESSREQUESTED_7
20:36:44.177 (index):945 WAITING_8
20:36:44.178 (index):945 WAITING_9
20:36:44.178 (index):896 NODEACCESSRELEASED_10
20:36:44.179 (index):945 WAITING_11
20:36:44.180 (index):896 NODEACCESSRELEASED_12
20:36:44.181 (index):945 WAITING_13
20:36:44.181 (index):914 UPDATE_14
20:36:44.182 (index):945 WAITING_15
20:36:44.183 (index):945 WAITING_16
20:36:44.183 (index):914 UPDATE_0
20:36:44.184 (index):945 WAITING_1
20:36:44.185 (index):945 WAITING_2
20:36:44.186 (index):914 UPDATE_3
20:36:44.186 (index):945 WAITING_4
20:36:44.187 (index):945 WAITING_5
20:36:44.188 (index):945 WAITING_6
20:36:44.188 (index):914 UPDATE_7
20:36:44.189 (index):945 WAITING_8
20:36:44.190 (index):945 WAITING_9
20:36:44.190 (index):926 NODEACCESSREQUESTED_10
20:36:44.191 (index):945 WAITING_11
20:36:44.192 (index):926 NODEACCESSREQUESTED_12
20:36:44.192 (index):945 WAITING_13
20:36:44.193 (index):896 NODEACCESSRELEASED_14
20:36:44.194 (index):914 UPDATE_15
20:36:44.194 (index):945 WAITING_16
20:36:44.195 (index):896 NODEACCESSRELEASED_0
20:36:44.196 (index):945 WAITING_1
20:36:44.197 (index):945 WAITING_2
20:36:44.197 (index):896 NODEACCESSRELEASED_3
20:36:44.198 (index):945 WAITING_4
20:36:44.199 (index):945 WAITING_5
20:36:44.200 (index):945 WAITING_6
20:36:44.200 (index):896 NODEACCESSRELEASED_7
20:36:44.201 (index):945 WAITING_8
20:36:44.202 (index):945 WAITING_9
20:36:44.202 (index):914 UPDATE_10
20:36:44.203 (index):945 WAITING_11
20:36:44.204 (index):914 UPDATE_12
20:36:44.204 (index):945 WAITING_13
20:36:44.205 (index):926 NODEACCESSREQUESTED_14
20:36:44.206 (index):896 NODEACCESSRELEASED_15
20:36:44.207 (index):945 WAITING_16
20:36:44.207 (index):926 NODEACCESSREQUESTED_0
20:36:44.208 (index):945 WAITING_1
20:36:44.209 (index):945 WAITING_2
20:36:44.210 (index):926 NODEACCESSREQUESTED_3
20:36:44.210 (index):945 WAITING_4
20:36:44.211 (index):945 WAITING_5
20:36:44.212 (index):945 WAITING_6
20:36:44.213 (index):926 NODEACCESSREQUESTED_7
20:36:44.213 (index):945 WAITING_8
20:36:44.214 (index):945 WAITING_9
20:36:44.215 (index):896 NODEACCESSRELEASED_10
20:36:44.216 (index):945 WAITING_11
20:36:44.216 (index):896 NODEACCESSRELEASED_12
20:36:44.217 (index):914 UPDATE_13
20:36:44.218 (index):914 UPDATE_14
20:36:44.219 (index):926 NODEACCESSREQUESTED_15
20:36:44.220 (index):945 WAITING_16
20:36:44.220 (index):945 WAITING_0
20:36:44.221 (index):945 WAITING_1
20:36:44.222 (index):945 WAITING_2
20:36:44.222 (index):945 WAITING_3
20:36:44.223 (index):945 WAITING_4
20:36:44.224 (index):945 WAITING_5
20:36:44.225 (index):945 WAITING_6
20:36:44.225 (index):914 UPDATE_7
20:36:44.226 (index):945 WAITING_8
20:36:44.227 (index):945 WAITING_9
20:36:44.228 (index):926 NODEACCESSREQUESTED_10
20:36:44.229 (index):945 WAITING_11
20:36:44.229 (index):926 NODEACCESSREQUESTED_12
20:36:44.230 (index):896 NODEACCESSRELEASED_13
20:36:44.231 (index):896 NODEACCESSRELEASED_14
20:36:44.232 (index):914 UPDATE_15
20:36:44.233 (index):945 WAITING_16
20:36:44.233 (index):914 UPDATE_0
20:36:44.292 (index):945 WAITING_1
20:36:44.293 (index):945 WAITING_2
20:36:44.293 (index):914 UPDATE_3
20:36:44.294 (index):945 WAITING_4
20:36:44.295 (index):945 WAITING_5
20:36:44.296 (index):945 WAITING_6
20:36:44.297 (index):896 NODEACCESSRELEASED_7
20:36:44.298 (index):945 WAITING_8
20:36:44.298 (index):945 WAITING_9
20:36:44.299 (index):914 UPDATE_10
20:36:44.300 (index):945 WAITING_11
20:36:44.301 (index):914 UPDATE_12
20:36:44.301 (index):926 NODEACCESSREQUESTED_13
20:36:44.302 (index):926 NODEACCESSREQUESTED_14
20:36:44.303 (index):896 NODEACCESSRELEASED_15
20:36:44.304 (index):945 WAITING_16
20:36:44.304 (index):896 NODEACCESSRELEASED_0
20:36:44.305 (index):945 WAITING_1
20:36:44.306 (index):945 WAITING_2
20:36:44.307 (index):896 NODEACCESSRELEASED_3
20:36:44.308 (index):945 WAITING_4
20:36:44.308 (index):945 WAITING_5
20:36:44.309 (index):945 WAITING_6
20:36:44.310 (index):926 NODEACCESSREQUESTED_7
20:36:44.311 (index):945 WAITING_8
20:36:44.311 (index):945 WAITING_9
20:36:44.312 (index):896 NODEACCESSRELEASED_10
20:36:44.313 (index):945 WAITING_11
20:36:44.314 (index):896 NODEACCESSRELEASED_12
20:36:44.315 (index):914 UPDATE_13
20:36:44.315 (index):914 UPDATE_14
20:36:44.316 (index):926 NODEACCESSREQUESTED_15
20:36:44.317 (index):945 WAITING_16
20:36:44.318 (index):926 NODEACCESSREQUESTED_0
20:36:44.318 (index):945 WAITING_1
20:36:44.319 (index):945 WAITING_2
20:36:44.320 (index):926 NODEACCESSREQUESTED_3
20:36:44.321 (index):945 WAITING_4
20:36:44.321 (index):945 WAITING_5
20:36:44.322 (index):945 WAITING_6
20:36:44.323 (index):914 UPDATE_7
20:36:44.324 (index):945 WAITING_8
20:36:44.324 (index):945 WAITING_9
20:36:44.325 (index):926 NODEACCESSREQUESTED_10
20:36:44.326 (index):945 WAITING_11
20:36:44.327 (index):926 NODEACCESSREQUESTED_12
20:36:44.327 (index):896 NODEACCESSRELEASED_13
20:36:44.328 (index):896 NODEACCESSRELEASED_14
20:36:44.329 (index):945 WAITING_15
20:36:44.330 (index):945 WAITING_16
20:36:44.331 (index):914 UPDATE_0
20:36:44.331 (index):945 WAITING_1
20:36:44.332 (index):945 WAITING_2
20:36:44.333 (index):914 UPDATE_3
20:36:44.334 (index):945 WAITING_4
20:36:44.334 (index):945 WAITING_5
20:36:44.335 (index):945 WAITING_6
20:36:44.336 (index):896 NODEACCESSRELEASED_7
20:36:44.337 (index):945 WAITING_8
20:36:44.338 (index):945 WAITING_9
20:36:44.338 (index):914 UPDATE_10
20:36:44.339 (index):945 WAITING_11
20:36:44.340 (index):945 WAITING_12
20:36:44.340 (index):926 NODEACCESSREQUESTED_13
20:36:44.341 (index):926 NODEACCESSREQUESTED_14
20:36:44.342 (index):945 WAITING_15
20:36:44.343 (index):945 WAITING_16
20:36:44.343 (index):896 NODEACCESSRELEASED_0
20:36:44.344 (index):945 WAITING_1
20:36:44.345 (index):945 WAITING_2
20:36:44.346 (index):896 NODEACCESSRELEASED_3
20:36:44.347 (index):945 WAITING_4
20:36:44.347 (index):945 WAITING_5
20:36:44.348 (index):945 WAITING_6
20:36:44.349 (index):926 NODEACCESSREQUESTED_7
20:36:44.350 (index):945 WAITING_8
20:36:44.350 (index):945 WAITING_9
20:36:44.351 (index):896 NODEACCESSRELEASED_10
20:36:44.352 (index):945 WAITING_11
20:36:44.353 (index):945 WAITING_12
20:36:44.353 (index):914 UPDATE_13
20:36:44.354 (index):914 UPDATE_14
20:36:44.355 (index):945 WAITING_15
20:36:44.356 (index):945 WAITING_16
20:36:44.356 (index):926 NODEACCESSREQUESTED_0
20:36:44.357 (index):945 WAITING_1
20:36:44.358 (index):945 WAITING_2
20:36:44.359 (index):926 NODEACCESSREQUESTED_3
20:36:44.359 (index):945 WAITING_4
20:36:44.360 (index):945 WAITING_5
20:36:44.361 (index):945 WAITING_6
20:36:44.362 (index):945 WAITING_7
20:36:44.362 (index):945 WAITING_8
20:36:44.363 (index):945 WAITING_9
20:36:44.364 (index):926 NODEACCESSREQUESTED_10
20:36:44.365 (index):945 WAITING_11
20:36:44.365 (index):945 WAITING_12
20:36:44.366 (index):896 NODEACCESSRELEASED_13
20:36:44.367 (index):896 NODEACCESSRELEASED_14
20:36:44.368 (index):945 WAITING_15
20:36:44.369 (index):945 WAITING_16
20:36:44.369 (index):914 UPDATE_0
20:36:44.370 (index):945 WAITING_1
20:36:44.371 (index):945 WAITING_2
20:36:44.372 (index):914 UPDATE_3
20:36:44.372 (index):945 WAITING_4
20:36:44.373 (index):945 WAITING_5
20:36:44.374 (index):945 WAITING_6
20:36:44.374 (index):914 UPDATE_7
20:36:44.375 (index):945 WAITING_8
20:36:44.376 (index):945 WAITING_9
20:36:44.377 (index):914 UPDATE_10
20:36:44.377 (index):945 WAITING_11
20:36:44.378 (index):945 WAITING_12
20:36:44.379 (index):926 NODEACCESSREQUESTED_13
20:36:44.380 (index):926 NODEACCESSREQUESTED_14
20:36:44.380 (index):945 WAITING_15
20:36:44.381 (index):945 WAITING_16
20:36:44.382 (index):896 NODEACCESSRELEASED_0
20:36:44.383 (index):945 WAITING_1
20:36:44.384 (index):945 WAITING_2
20:36:44.384 (index):896 NODEACCESSRELEASED_3
20:36:44.385 (index):945 WAITING_4
20:36:44.386 (index):945 WAITING_5
20:36:44.387 (index):945 WAITING_6
20:36:44.387 (index):896 NODEACCESSRELEASED_7
20:36:44.388 (index):945 WAITING_8
20:36:44.389 (index):945 WAITING_9
20:36:44.390 (index):896 NODEACCESSRELEASED_10
20:36:44.391 (index):945 WAITING_11
20:36:44.391 (index):945 WAITING_12
20:36:44.392 (index):945 WAITING_13
20:36:44.393 (index):914 UPDATE_14
20:36:44.393 (index):945 WAITING_15
20:36:44.394 (index):945 WAITING_16
20:36:44.395 (index):926 NODEACCESSREQUESTED_0
20:36:44.396 (index):945 WAITING_1
20:36:44.397 (index):945 WAITING_2
20:36:44.397 (index):926 NODEACCESSREQUESTED_3
20:36:44.398 (index):945 WAITING_4
20:36:44.399 (index):945 WAITING_5
20:36:44.399 (index):945 WAITING_6
20:36:44.400 (index):926 NODEACCESSREQUESTED_7
20:36:44.401 (index):945 WAITING_8
20:36:44.401 (index):945 WAITING_9
20:36:44.402 (index):926 NODEACCESSREQUESTED_10
20:36:44.403 (index):945 WAITING_11
20:36:44.403 (index):945 WAITING_12
20:36:44.404 (index):945 WAITING_13
20:36:44.405 (index):896 NODEACCESSRELEASED_14
20:36:44.405 (index):945 WAITING_15
20:36:44.406 (index):945 WAITING_16
20:36:44.407 (index):914 UPDATE_0
20:36:44.407 (index):945 WAITING_1
20:36:44.408 (index):945 WAITING_2
20:36:44.409 (index):914 UPDATE_3
20:36:44.409 (index):945 WAITING_4
20:36:44.410 (index):945 WAITING_5
20:36:44.411 (index):945 WAITING_6
20:36:44.411 (index):914 UPDATE_7
20:36:44.412 (index):945 WAITING_8
20:36:44.413 (index):945 WAITING_9
20:36:44.414 (index):914 UPDATE_10
20:36:44.414 (index):945 WAITING_11
20:36:44.415 (index):945 WAITING_12
20:36:44.416 (index):945 WAITING_13
20:36:44.416 (index):926 NODEACCESSREQUESTED_14
20:36:44.417 (index):945 WAITING_15
20:36:44.418 (index):945 WAITING_16
20:36:44.418 (index):896 NODEACCESSRELEASED_0
20:36:44.419 (index):945 WAITING_1
20:36:44.420 (index):945 WAITING_2
20:36:44.421 (index):896 NODEACCESSRELEASED_3
20:36:44.421 (index):945 WAITING_4
20:36:44.422 (index):945 WAITING_5
20:36:44.423 (index):945 WAITING_6
20:36:44.423 (index):896 NODEACCESSRELEASED_7
20:36:44.424 (index):945 WAITING_8
20:36:44.425 (index):945 WAITING_9
20:36:44.425 (index):896 NODEACCESSRELEASED_10
20:36:44.426 (index):945 WAITING_11
20:36:44.427 (index):945 WAITING_12
20:36:44.428 (index):945 WAITING_13
20:36:44.428 (index):914 UPDATE_14
20:36:44.429 (index):945 WAITING_15
20:36:44.430 (index):945 WAITING_16
20:36:44.430 (index):926 NODEACCESSREQUESTED_0
20:36:44.431 (index):945 WAITING_1
20:36:44.432 (index):945 WAITING_2
20:36:44.432 (index):926 NODEACCESSREQUESTED_3
20:36:44.433 (index):945 WAITING_4
20:36:44.434 (index):945 WAITING_5
20:36:44.434 (index):945 WAITING_6
20:36:44.435 (index):926 NODEACCESSREQUESTED_7
20:36:44.436 (index):945 WAITING_8
20:36:44.436 (index):945 WAITING_9
20:36:44.437 (index):926 NODEACCESSREQUESTED_10
20:36:44.438 (index):945 WAITING_11
20:36:44.439 (index):945 WAITING_12
20:36:44.439 (index):945 WAITING_13
20:36:44.440 (index):896 NODEACCESSRELEASED_14
20:36:44.441 (index):945 WAITING_15
20:36:44.441 (index):945 WAITING_16
20:36:44.442 (index):914 UPDATE_0
20:36:44.443 (index):945 WAITING_1
20:36:44.443 (index):945 WAITING_2
20:36:44.444 (index):914 UPDATE_3
20:36:44.445 (index):945 WAITING_4
20:36:44.445 (index):945 WAITING_5
20:36:44.446 (index):945 WAITING_6
20:36:44.447 (index):914 UPDATE_7
20:36:44.447 (index):945 WAITING_8
20:36:44.448 (index):945 WAITING_9
20:36:44.449 (index):914 UPDATE_10
20:36:44.449 (index):945 WAITING_11
20:36:44.450 (index):945 WAITING_12
20:36:44.451 (index):945 WAITING_13
20:36:44.451 (index):926 NODEACCESSREQUESTED_14
20:36:44.452 (index):945 WAITING_15
20:36:44.453 (index):945 WAITING_16
20:36:44.454 (index):896 NODEACCESSRELEASED_0
20:36:44.454 (index):945 WAITING_1
20:36:44.455 (index):945 WAITING_2
20:36:44.456 (index):896 NODEACCESSRELEASED_3
20:36:44.456 (index):945 WAITING_4
20:36:44.457 (index):945 WAITING_5
20:36:44.458 (index):945 WAITING_6
20:36:44.458 (index):896 NODEACCESSRELEASED_7
20:36:44.459 (index):945 WAITING_8
20:36:44.460 (index):945 WAITING_9
20:36:44.461 (index):896 NODEACCESSRELEASED_10
20:36:44.461 (index):945 WAITING_11
20:36:44.462 (index):945 WAITING_12
20:36:44.463 (index):945 WAITING_13
20:36:44.464 (index):914 UPDATE_14
20:36:44.464 (index):945 WAITING_15
20:36:44.465 (index):945 WAITING_16
20:36:44.466 (index):926 NODEACCESSREQUESTED_0
20:36:44.466 (index):945 WAITING_1
20:36:44.467 (index):945 WAITING_2
20:36:44.468 (index):926 NODEACCESSREQUESTED_3
20:36:44.468 (index):945 WAITING_4
20:36:44.469 (index):945 WAITING_5
20:36:44.469 (index):945 WAITING_6
20:36:44.470 (index):926 NODEACCESSREQUESTED_7
20:36:44.471 (index):945 WAITING_8
20:36:44.471 (index):945 WAITING_9
20:36:44.472 (index):926 NODEACCESSREQUESTED_10
20:36:44.473 (index):945 WAITING_11
20:36:44.473 (index):945 WAITING_12
20:36:44.474 (index):945 WAITING_13
20:36:44.475 (index):896 NODEACCESSRELEASED_14
20:36:44.475 (index):945 WAITING_15
20:36:44.476 (index):945 WAITING_16
20:36:44.477 (index):914 UPDATE_0
20:36:44.478 (index):945 WAITING_1
20:36:44.478 (index):945 WAITING_2
20:36:44.479 (index):914 UPDATE_3
20:36:44.480 (index):945 WAITING_4
20:36:44.480 (index):945 WAITING_5
20:36:44.481 (index):945 WAITING_6
20:36:44.482 (index):945 WAITING_7
20:36:44.482 (index):945 WAITING_8
20:36:44.483 (index):945 WAITING_9
20:36:44.484 (index):914 UPDATE_10
20:36:44.484 (index):945 WAITING_11
20:36:44.485 (index):945 WAITING_12
20:36:44.486 (index):945 WAITING_13
20:36:44.486 (index):926 NODEACCESSREQUESTED_14
20:36:44.487 (index):945 WAITING_15
20:36:44.488 (index):945 WAITING_16
20:36:44.488 (index):896 NODEACCESSRELEASED_0
20:36:44.489 (index):945 WAITING_1
20:36:44.490 (index):945 WAITING_2
20:36:44.490 (index):896 NODEACCESSRELEASED_3
20:36:44.491 (index):945 WAITING_4
20:36:44.492 (index):945 WAITING_5
20:36:44.493 (index):945 WAITING_6
20:36:44.493 (index):914 UPDATE_7
20:36:44.494 (index):945 WAITING_8
20:36:44.495 (index):945 WAITING_9
20:36:44.495 (index):896 NODEACCESSRELEASED_10
20:36:44.496 (index):945 WAITING_11
20:36:44.497 (index):945 WAITING_12
20:36:44.498 (index):945 WAITING_13
20:36:44.498 (index):914 UPDATE_14
20:36:44.499 (index):945 WAITING_15
20:36:44.500 (index):945 WAITING_16
20:36:44.500 (index):926 NODEACCESSREQUESTED_0
20:36:44.501 (index):945 WAITING_1
20:36:44.502 (index):945 WAITING_2
20:36:44.502 (index):926 NODEACCESSREQUESTED_3
20:36:44.503 (index):945 WAITING_4
20:36:44.504 (index):945 WAITING_5
20:36:44.504 (index):945 WAITING_6
20:36:44.505 (index):896 NODEACCESSRELEASED_7
20:36:44.506 (index):945 WAITING_8
20:36:44.507 (index):945 WAITING_9
20:36:44.507 (index):926 NODEACCESSREQUESTED_10
20:36:44.508 (index):945 WAITING_11
20:36:44.509 (index):945 WAITING_12
20:36:44.509 (index):945 WAITING_13
20:36:44.510 (index):896 NODEACCESSRELEASED_14
20:36:44.511 (index):945 WAITING_15
20:36:44.511 (index):945 WAITING_16
20:36:44.512 (index):945 WAITING_0
20:36:44.513 (index):945 WAITING_1
20:36:44.514 (index):945 WAITING_2
20:36:44.514 (index):914 UPDATE_3
20:36:44.515 (index):945 WAITING_4
20:36:44.516 (index):945 WAITING_5
20:36:44.516 (index):945 WAITING_6
20:36:44.517 (index):926 NODEACCESSREQUESTED_7
20:36:44.518 (index):945 WAITING_8
20:36:44.518 (index):945 WAITING_9
20:36:44.519 (index):945 WAITING_10
20:36:44.520 (index):945 WAITING_11
20:36:44.520 (index):945 WAITING_12
20:36:44.521 (index):945 WAITING_13
20:36:44.522 (index):926 NODEACCESSREQUESTED_14
20:36:44.522 (index):945 WAITING_15
20:36:44.523 (index):945 WAITING_16
20:36:44.524 (index):945 WAITING_0
20:36:44.524 (index):945 WAITING_1
20:36:44.525 (index):945 WAITING_2
20:36:44.526 (index):896 NODEACCESSRELEASED_3
20:36:44.527 (index):945 WAITING_4
20:36:44.527 (index):945 WAITING_5
20:36:44.528 (index):945 WAITING_6
20:36:44.529 (index):914 UPDATE_7
20:36:44.529 (index):945 WAITING_8
20:36:44.530 (index):945 WAITING_9
20:36:44.531 (index):914 UPDATE_10
20:36:44.531 (index):945 WAITING_11
20:36:44.532 (index):945 WAITING_12
20:36:44.533 (index):945 WAITING_13
20:36:44.533 (index):914 UPDATE_14
20:36:44.534 (index):945 WAITING_15
20:36:44.535 (index):945 WAITING_16
20:36:44.535 (index):945 WAITING_0
20:36:44.536 (index):945 WAITING_1
20:36:44.537 (index):945 WAITING_2
20:36:44.537 (index):926 NODEACCESSREQUESTED_3
20:36:44.538 (index):945 WAITING_4
20:36:44.539 (index):945 WAITING_5
20:36:44.539 (index):945 WAITING_6
20:36:44.540 (index):956 END_7
20:36:44.541 (index):945 WAITING_8
20:36:44.542 (index):945 WAITING_9
20:36:44.542 (index):956 END_10
20:36:44.543 (index):945 WAITING_11
20:36:44.544 (index):945 WAITING_12
20:36:44.544 (index):945 WAITING_13
20:36:44.545 (index):956 END_14
20:36:44.546 (index):945 WAITING_15
20:36:44.547 (index):945 WAITING_16
20:36:44.547 (index):945 WAITING_0
20:36:44.548 (index):945 WAITING_1
20:36:44.549 (index):945 WAITING_2
20:36:44.549 (index):914 UPDATE_3
20:36:44.550 (index):945 WAITING_4
20:36:44.551 (index):945 WAITING_5
20:36:44.551 (index):945 WAITING_6
20:36:44.552 (index):945 WAITING_8
20:36:44.553 (index):914 UPDATE_9
20:36:44.553 (index):945 WAITING_11
20:36:44.554 (index):945 WAITING_12
20:36:44.555 (index):945 WAITING_13
20:36:44.555 (index):945 WAITING_15
20:36:44.556 (index):945 WAITING_16
20:36:44.557 (index):945 WAITING_0
20:36:44.557 (index):945 WAITING_1
20:36:44.558 (index):945 WAITING_2
20:36:44.559 (index):956 END_3
20:36:44.559 (index):945 WAITING_4
20:36:44.560 (index):945 WAITING_5
20:36:44.561 (index):945 WAITING_6
20:36:44.562 (index):945 WAITING_8
20:36:44.562 (index):896 NODEACCESSRELEASED_9
20:36:44.563 (index):945 WAITING_11
20:36:44.564 (index):945 WAITING_12
20:36:44.564 (index):945 WAITING_13
20:36:44.565 (index):945 WAITING_15
20:36:44.566 (index):896 NODEACCESSRELEASED_16
20:36:44.566 (index):945 WAITING_0
20:36:44.567 (index):945 WAITING_1
20:36:44.568 (index):945 WAITING_2
20:36:44.568 (index):945 WAITING_4
20:36:44.569 (index):945 WAITING_5
20:36:44.570 (index):914 UPDATE_6
20:36:44.570 (index):945 WAITING_8
20:36:44.571 (index):926 NODEACCESSREQUESTED_9
20:36:44.572 (index):945 WAITING_11
20:36:44.572 (index):945 WAITING_12
20:36:44.573 (index):945 WAITING_13
20:36:44.574 (index):945 WAITING_15
20:36:44.574 (index):926 NODEACCESSREQUESTED_16
20:36:44.575 (index):945 WAITING_0
20:36:44.576 (index):945 WAITING_1
20:36:44.576 (index):945 WAITING_2
20:36:44.577 (index):945 WAITING_4
20:36:44.578 (index):945 WAITING_5
20:36:44.578 (index):896 NODEACCESSRELEASED_6
20:36:44.579 (index):945 WAITING_8
20:36:44.580 (index):914 UPDATE_9
20:36:44.581 (index):945 WAITING_11
20:36:44.581 (index):945 WAITING_12
20:36:44.582 (index):945 WAITING_13
20:36:44.583 (index):945 WAITING_15
20:36:44.583 (index):945 WAITING_16
20:36:44.584 (index):945 WAITING_0
20:36:44.585 (index):914 UPDATE_1
20:36:44.585 (index):945 WAITING_2
20:36:44.586 (index):945 WAITING_4
20:36:44.587 (index):945 WAITING_5
20:36:44.588 (index):926 NODEACCESSREQUESTED_6
20:36:44.588 (index):945 WAITING_8
20:36:44.589 (index):896 NODEACCESSRELEASED_9
20:36:44.590 (index):945 WAITING_11
20:36:44.590 (index):945 WAITING_12
20:36:44.591 (index):945 WAITING_13
20:36:44.592 (index):945 WAITING_15
20:36:44.592 (index):945 WAITING_16
20:36:44.593 (index):945 WAITING_0
20:36:44.594 (index):896 NODEACCESSRELEASED_1
20:36:44.595 (index):945 WAITING_2
20:36:44.595 (index):914 UPDATE_4
20:36:44.596 (index):945 WAITING_5
20:36:44.597 (index):945 WAITING_6
20:36:44.597 (index):945 WAITING_8
20:36:44.602 (index):926 NODEACCESSREQUESTED_9
20:36:44.602 (index):945 WAITING_11
20:36:44.603 (index):945 WAITING_12
20:36:44.603 (index):945 WAITING_13
20:36:44.604 (index):945 WAITING_15
20:36:44.604 (index):945 WAITING_16
20:36:44.605 (index):945 WAITING_0
20:36:44.605 (index):926 NODEACCESSREQUESTED_1
20:36:44.605 (index):945 WAITING_2
20:36:44.606 (index):896 NODEACCESSRELEASED_4
20:36:44.607 (index):945 WAITING_5
20:36:44.607 (index):945 WAITING_6
20:36:44.608 (index):945 WAITING_8
20:36:44.609 (index):945 WAITING_9
20:36:44.609 (index):945 WAITING_11
20:36:44.610 (index):945 WAITING_12
20:36:44.611 (index):945 WAITING_13
20:36:44.611 (index):945 WAITING_15
20:36:44.612 (index):945 WAITING_16
20:36:44.613 (index):945 WAITING_0
20:36:44.614 (index):945 WAITING_1
20:36:44.614 (index):914 UPDATE_2
20:36:44.615 (index):926 NODEACCESSREQUESTED_4
20:36:44.616 (index):945 WAITING_5
20:36:44.616 (index):945 WAITING_6
20:36:44.617 (index):945 WAITING_8
20:36:44.618 (index):945 WAITING_9
20:36:44.618 (index):945 WAITING_11
20:36:44.619 (index):945 WAITING_12
20:36:44.620 (index):945 WAITING_13
20:36:44.620 (index):945 WAITING_15
20:36:44.621 (index):945 WAITING_16
20:36:44.622 (index):945 WAITING_0
20:36:44.622 (index):945 WAITING_1
20:36:44.623 (index):896 NODEACCESSRELEASED_2
20:36:44.624 (index):914 UPDATE_4
20:36:44.624 (index):945 WAITING_5
20:36:44.625 (index):945 WAITING_6
20:36:44.626 (index):914 UPDATE_8
20:36:44.626 (index):945 WAITING_9
20:36:44.627 (index):945 WAITING_11
20:36:44.628 (index):945 WAITING_12
20:36:44.628 (index):945 WAITING_13
20:36:44.629 (index):945 WAITING_15
20:36:44.630 (index):945 WAITING_16
20:36:44.630 (index):945 WAITING_0
20:36:44.631 (index):945 WAITING_1
20:36:44.632 (index):926 NODEACCESSREQUESTED_2
20:36:44.633 (index):896 NODEACCESSRELEASED_4
20:36:44.633 (index):945 WAITING_5
20:36:44.634 (index):945 WAITING_6
20:36:44.635 (index):896 NODEACCESSRELEASED_8
20:36:44.635 (index):945 WAITING_9
20:36:44.636 (index):914 UPDATE_11
20:36:44.637 (index):945 WAITING_12
20:36:44.637 (index):945 WAITING_13
20:36:44.638 (index):945 WAITING_15
20:36:44.638 (index):945 WAITING_16
20:36:44.639 (index):945 WAITING_0
20:36:44.639 (index):945 WAITING_1
20:36:44.640 (index):945 WAITING_2
20:36:44.640 (index):926 NODEACCESSREQUESTED_4
20:36:44.641 (index):945 WAITING_5
20:36:44.641 (index):945 WAITING_6
20:36:44.641 (index):926 NODEACCESSREQUESTED_8
20:36:44.642 (index):945 WAITING_9
20:36:44.643 (index):896 NODEACCESSRELEASED_11
20:36:44.643 (index):945 WAITING_12
20:36:44.644 (index):945 WAITING_13
20:36:44.645 (index):945 WAITING_15
20:36:44.645 (index):945 WAITING_16
20:36:44.646 (index):945 WAITING_0
20:36:44.647 (index):945 WAITING_1
20:36:44.647 (index):945 WAITING_2
20:36:44.648 (index):945 WAITING_4
20:36:44.649 (index):914 UPDATE_5
20:36:44.649 (index):945 WAITING_6
20:36:44.650 (index):945 WAITING_8
20:36:44.651 (index):945 WAITING_9
20:36:44.651 (index):926 NODEACCESSREQUESTED_11
20:36:44.652 (index):945 WAITING_12
20:36:44.653 (index):945 WAITING_13
20:36:44.653 (index):945 WAITING_15
20:36:44.654 (index):945 WAITING_16
20:36:44.655 (index):945 WAITING_0
20:36:44.656 (index):945 WAITING_1
20:36:44.656 (index):945 WAITING_2
20:36:44.657 (index):945 WAITING_4
20:36:44.658 (index):896 NODEACCESSRELEASED_5
20:36:44.658 (index):945 WAITING_6
20:36:44.659 (index):945 WAITING_8
20:36:44.660 (index):945 WAITING_9
20:36:44.660 (index):945 WAITING_11
20:36:44.661 (index):945 WAITING_12
20:36:44.662 (index):945 WAITING_13
20:36:44.662 (index):914 UPDATE_15
20:36:44.663 (index):945 WAITING_16
20:36:44.664 (index):945 WAITING_0
20:36:44.664 (index):945 WAITING_1
20:36:44.665 (index):945 WAITING_2
20:36:44.666 (index):945 WAITING_4
20:36:44.666 (index):926 NODEACCESSREQUESTED_5
20:36:44.667 (index):945 WAITING_6
20:36:44.668 (index):945 WAITING_8
20:36:44.668 (index):945 WAITING_9
20:36:44.669 (index):945 WAITING_11
20:36:44.670 (index):945 WAITING_12
20:36:44.671 (index):945 WAITING_13
20:36:44.671 (index):896 NODEACCESSRELEASED_15
20:36:44.672 (index):945 WAITING_16
20:36:44.673 (index):945 WAITING_0
20:36:44.673 (index):945 WAITING_1
20:36:44.674 (index):945 WAITING_2
20:36:44.675 (index):945 WAITING_4
20:36:44.675 (index):914 UPDATE_5
20:36:44.676 (index):945 WAITING_6
20:36:44.677 (index):945 WAITING_8
20:36:44.677 (index):945 WAITING_9
20:36:44.678 (index):945 WAITING_11
20:36:44.679 (index):945 WAITING_12
20:36:44.679 (index):914 UPDATE_13
20:36:44.680 (index):926 NODEACCESSREQUESTED_15
20:36:44.681 (index):945 WAITING_16
20:36:44.681 (index):945 WAITING_0
20:36:44.682 (index):945 WAITING_1
20:36:44.683 (index):945 WAITING_2
20:36:44.683 (index):945 WAITING_4
20:36:44.684 (index):896 NODEACCESSRELEASED_5
20:36:44.685 (index):945 WAITING_6
20:36:44.686 (index):945 WAITING_8
20:36:44.686 (index):945 WAITING_9
20:36:44.687 (index):945 WAITING_11
20:36:44.688 (index):945 WAITING_12
20:36:44.688 (index):896 NODEACCESSRELEASED_13
20:36:44.689 (index):945 WAITING_15
20:36:44.690 (index):945 WAITING_16
20:36:44.690 (index):945 WAITING_0
20:36:44.691 (index):945 WAITING_1
20:36:44.692 (index):945 WAITING_2
20:36:44.692 (index):945 WAITING_4
20:36:44.693 (index):926 NODEACCESSREQUESTED_5
20:36:44.694 (index):945 WAITING_6
20:36:44.695 (index):945 WAITING_8
20:36:44.695 (index):945 WAITING_9
20:36:44.696 (index):945 WAITING_11
20:36:44.697 (index):914 UPDATE_12
20:36:44.697 (index):926 NODEACCESSREQUESTED_13
20:36:44.698 (index):945 WAITING_15
20:36:44.699 (index):945 WAITING_16
20:36:44.699 (index):945 WAITING_0
20:36:44.700 (index):945 WAITING_1
20:36:44.701 (index):945 WAITING_2
20:36:44.701 (index):945 WAITING_4
20:36:44.702 (index):945 WAITING_5
20:36:44.703 (index):945 WAITING_6
20:36:44.703 (index):945 WAITING_8
20:36:44.704 (index):945 WAITING_9
20:36:44.705 (index):945 WAITING_11
20:36:44.705 (index):896 NODEACCESSRELEASED_12
20:36:44.706 (index):945 WAITING_13
20:36:44.707 (index):945 WAITING_15
20:36:44.708 (index):945 WAITING_16
20:36:44.708 (index):914 UPDATE_0
20:36:44.709 (index):945 WAITING_1
20:36:44.710 (index):945 WAITING_2
20:36:44.710 (index):945 WAITING_4
20:36:44.711 (index):945 WAITING_5
20:36:44.712 (index):945 WAITING_6
20:36:44.712 (index):945 WAITING_8
20:36:44.713 (index):945 WAITING_9
20:36:44.714 (index):945 WAITING_11
20:36:44.714 (index):926 NODEACCESSREQUESTED_12
20:36:44.715 (index):945 WAITING_13
20:36:44.716 (index):945 WAITING_15
20:36:44.716 (index):945 WAITING_16
20:36:44.717 (index):956 END_0
20:36:44.718 (index):945 WAITING_1
20:36:44.719 (index):945 WAITING_2
20:36:44.719 (index):914 UPDATE_4
20:36:44.720 (index):914 UPDATE_5
20:36:44.721 (index):945 WAITING_6
20:36:44.721 (index):945 WAITING_8
20:36:44.722 (index):945 WAITING_9
20:36:44.723 (index):914 UPDATE_11
20:36:44.723 (index):945 WAITING_12
20:36:44.724 (index):945 WAITING_13
20:36:44.725 (index):945 WAITING_15
20:36:44.725 (index):914 UPDATE_16
20:36:44.726 (index):945 WAITING_1
20:36:44.727 (index):945 WAITING_2
20:36:44.727 (index):896 NODEACCESSRELEASED_4
20:36:44.728 (index):896 NODEACCESSRELEASED_5
20:36:44.729 (index):945 WAITING_6
20:36:44.730 (index):914 UPDATE_8
20:36:44.730 (index):945 WAITING_9
20:36:44.731 (index):896 NODEACCESSRELEASED_11
20:36:44.732 (index):945 WAITING_12
20:36:44.732 (index):914 UPDATE_13
20:36:44.733 (index):914 UPDATE_15
20:36:44.734 (index):896 NODEACCESSRELEASED_16
20:36:44.734 (index):945 WAITING_1
20:36:44.735 (index):945 WAITING_2
20:36:44.736 (index):926 NODEACCESSREQUESTED_4
20:36:44.737 (index):926 NODEACCESSREQUESTED_5
20:36:44.737 (index):945 WAITING_6
20:36:44.738 (index):896 NODEACCESSRELEASED_8
20:36:44.739 (index):945 WAITING_9
20:36:44.739 (index):926 NODEACCESSREQUESTED_11
20:36:44.740 (index):914 UPDATE_12
20:36:44.741 (index):896 NODEACCESSRELEASED_13
20:36:44.741 (index):896 NODEACCESSRELEASED_15
20:36:44.742 (index):926 NODEACCESSREQUESTED_16
20:36:44.743 (index):945 WAITING_1
20:36:44.743 (index):945 WAITING_2
20:36:44.744 (index):914 UPDATE_4
20:36:44.745 (index):945 WAITING_5
20:36:44.745 (index):945 WAITING_6
20:36:44.746 (index):926 NODEACCESSREQUESTED_8
20:36:44.747 (index):945 WAITING_9
20:36:44.748 (index):914 UPDATE_11
20:36:44.748 (index):896 NODEACCESSRELEASED_12
20:36:44.749 (index):926 NODEACCESSREQUESTED_13
20:36:44.750 (index):926 NODEACCESSREQUESTED_15
20:36:44.750 (index):914 UPDATE_16
20:36:44.751 (index):945 WAITING_1
20:36:44.752 (index):945 WAITING_2
20:36:44.752 (index):896 NODEACCESSRELEASED_4
20:36:44.753 (index):945 WAITING_5
20:36:44.754 (index):945 WAITING_6
20:36:44.754 (index):914 UPDATE_8
20:36:44.808 (index):945 WAITING_9
20:36:44.809 (index):896 NODEACCESSRELEASED_11
20:36:44.810 (index):926 NODEACCESSREQUESTED_12
20:36:44.810 (index):914 UPDATE_13
20:36:44.811 (index):945 WAITING_15
