20:55:25.350 (index):2184 Tasks: 25; Collaborators: 29    =========================>
20:55:25.351 (index):1153 NODEACCESSREQUESTED_0
20:55:25.351 (index):1153 NODEACCESSREQUESTED_1
20:55:25.352 (index):1147 ATTRIBUTEACCESSREQUESTED_2
20:55:25.352 (index):1147 ATTRIBUTEACCESSREQUESTED_3
20:55:25.353 (index):1153 NODEACCESSREQUESTED_4
20:55:25.353 (index):1153 NODEACCESSREQUESTED_5
20:55:25.354 (index):1153 NODEACCESSREQUESTED_6
20:55:25.354 (index):1153 NODEACCESSREQUESTED_7
20:55:25.355 (index):1153 NODEACCESSREQUESTED_8
20:55:25.355 (index):1153 NODEACCESSREQUESTED_9
20:55:25.356 (index):1147 ATTRIBUTEACCESSREQUESTED_10
20:55:25.356 (index):1153 NODEACCESSREQUESTED_11
20:55:25.357 (index):1153 NODEACCESSREQUESTED_12
20:55:25.357 (index):1153 NODEACCESSREQUESTED_13
20:55:25.358 (index):1147 ATTRIBUTEACCESSREQUESTED_14
20:55:25.358 (index):1153 NODEACCESSREQUESTED_15
20:55:25.359 (index):1153 NODEACCESSREQUESTED_16
20:55:25.359 (index):1153 NODEACCESSREQUESTED_17
20:55:25.360 (index):1153 NODEACCESSREQUESTED_18
20:55:25.360 (index):1153 NODEACCESSREQUESTED_19
20:55:25.361 (index):1153 NODEACCESSREQUESTED_20
20:55:25.361 (index):1147 ATTRIBUTEACCESSREQUESTED_21
20:55:25.362 (index):1147 ATTRIBUTEACCESSREQUESTED_22
20:55:25.362 (index):1153 NODEACCESSREQUESTED_23
20:55:25.362 (index):1153 NODEACCESSREQUESTED_24
20:55:25.363 (index):1153 NODEACCESSREQUESTED_25
20:55:25.363 (index):1153 NODEACCESSREQUESTED_26
20:55:25.364 (index):1153 NODEACCESSREQUESTED_27
20:55:25.364 (index):1153 NODEACCESSREQUESTED_28
20:55:25.365 (index):1092 NODEACCESSRELEASED_0
20:55:25.365 (index):1092 NODEACCESSRELEASED_1
20:55:25.366 (index):1096 ATTRIBUTEACCESSRELEASED_2
20:55:25.367 (index):1096 ATTRIBUTEACCESSRELEASED_3
20:55:25.367 (index):1179 WAITING_4
20:55:25.368 (index):1092 NODEACCESSRELEASED_5
20:55:25.368 (index):1092 NODEACCESSRELEASED_6
20:55:25.369 (index):1092 NODEACCESSRELEASED_7
20:55:25.369 (index):1092 NODEACCESSRELEASED_8
20:55:25.370 (index):1092 NODEACCESSRELEASED_9
20:55:25.370 (index):1096 ATTRIBUTEACCESSRELEASED_10
20:55:25.371 (index):1179 WAITING_11
20:55:25.371 (index):1092 NODEACCESSRELEASED_12
20:55:25.372 (index):1092 NODEACCESSRELEASED_13
20:55:25.372 (index):1096 ATTRIBUTEACCESSRELEASED_14
20:55:25.373 (index):1092 NODEACCESSRELEASED_15
20:55:25.373 (index):1092 NODEACCESSRELEASED_16
20:55:25.374 (index):1092 NODEACCESSRELEASED_17
20:55:25.374 (index):1092 NODEACCESSRELEASED_18
20:55:25.375 (index):1179 WAITING_19
20:55:25.375 (index):1092 NODEACCESSRELEASED_20
20:55:25.376 (index):1096 ATTRIBUTEACCESSRELEASED_21
20:55:25.376 (index):1096 ATTRIBUTEACCESSRELEASED_22
20:55:25.377 (index):1092 NODEACCESSRELEASED_23
20:55:25.377 (index):1092 NODEACCESSRELEASED_24
20:55:25.378 (index):1179 WAITING_25
20:55:25.378 (index):1179 WAITING_26
20:55:25.379 (index):1179 WAITING_27
20:55:25.379 (index):1092 NODEACCESSRELEASED_28
20:55:25.380 (index):1153 NODEACCESSREQUESTED_0
20:55:25.380 (index):1153 NODEACCESSREQUESTED_1
20:55:25.381 (index):1147 ATTRIBUTEACCESSREQUESTED_2
20:55:25.381 (index):1147 ATTRIBUTEACCESSREQUESTED_3
20:55:25.382 (index):1092 NODEACCESSRELEASED_4
20:55:25.382 (index):1153 NODEACCESSREQUESTED_5
20:55:25.383 (index):1153 NODEACCESSREQUESTED_6
20:55:25.383 (index):1153 NODEACCESSREQUESTED_7
20:55:25.384 (index):1153 NODEACCESSREQUESTED_8
20:55:25.384 (index):1153 NODEACCESSREQUESTED_9
20:55:25.385 (index):1147 ATTRIBUTEACCESSREQUESTED_10
20:55:25.385 (index):1179 WAITING_11
20:55:25.385 (index):1153 NODEACCESSREQUESTED_12
20:55:25.386 (index):1153 NODEACCESSREQUESTED_13
20:55:25.386 (index):1147 ATTRIBUTEACCESSREQUESTED_14
20:55:25.387 (index):1153 NODEACCESSREQUESTED_15
20:55:25.387 (index):1153 NODEACCESSREQUESTED_16
20:55:25.388 (index):1153 NODEACCESSREQUESTED_17
20:55:25.388 (index):1153 NODEACCESSREQUESTED_18
20:55:25.389 (index):1179 WAITING_19
20:55:25.427 (index):1153 NODEACCESSREQUESTED_20
20:55:25.427 (index):1147 ATTRIBUTEACCESSREQUESTED_21
20:55:25.428 (index):1147 ATTRIBUTEACCESSREQUESTED_22
20:55:25.428 (index):1153 NODEACCESSREQUESTED_23
20:55:25.429 (index):1153 NODEACCESSREQUESTED_24
20:55:25.429 (index):1179 WAITING_25
20:55:25.430 (index):1179 WAITING_26
20:55:25.430 (index):1092 NODEACCESSRELEASED_27
20:55:25.431 (index):1153 NODEACCESSREQUESTED_28
20:55:25.431 (index):1117 UPDATE_0
20:55:25.432 (index):1117 UPDATE_1
20:55:25.432 (index):1120 UPDATE_2
20:55:25.433 (index):1120 UPDATE_3
20:55:25.433 (index):1153 NODEACCESSREQUESTED_4
20:55:25.434 (index):1117 UPDATE_5
20:55:25.434 (index):1179 WAITING_6
20:55:25.435 (index):1179 WAITING_7
20:55:25.435 (index):1179 WAITING_8
20:55:25.436 (index):1117 UPDATE_9
20:55:25.436 (index):1120 UPDATE_10
20:55:25.437 (index):1179 WAITING_11
20:55:25.437 (index):1179 WAITING_12
20:55:25.437 (index):1117 UPDATE_13
20:55:25.438 (index):1120 UPDATE_14
20:55:25.438 (index):1179 WAITING_15
20:55:25.439 (index):1117 UPDATE_16
20:55:25.439 (index):1179 WAITING_17
20:55:25.440 (index):1179 WAITING_18
20:55:25.440 (index):1179 WAITING_19
20:55:25.441 (index):1179 WAITING_20
20:55:25.441 (index):1179 WAITING_21
20:55:25.442 (index):1120 UPDATE_22
20:55:25.442 (index):1117 UPDATE_23
20:55:25.443 (index):1179 WAITING_24
20:55:25.443 (index):1179 WAITING_25
20:55:25.444 (index):1179 WAITING_26
20:55:25.444 (index):1153 NODEACCESSREQUESTED_27
20:55:25.445 (index):1117 UPDATE_28
20:55:25.445 (index):1092 NODEACCESSRELEASED_0
20:55:25.446 (index):1092 NODEACCESSRELEASED_1
20:55:25.446 (index):1096 ATTRIBUTEACCESSRELEASED_2
20:55:25.447 (index):1096 ATTRIBUTEACCESSRELEASED_3
20:55:25.447 (index):1117 UPDATE_4
20:55:25.448 (index):1092 NODEACCESSRELEASED_5
20:55:25.448 (index):1117 UPDATE_6
20:55:25.449 (index):1117 UPDATE_7
20:55:25.449 (index):1179 WAITING_8
20:55:25.450 (index):1092 NODEACCESSRELEASED_9
20:55:25.450 (index):1096 ATTRIBUTEACCESSRELEASED_10
20:55:25.451 (index):1179 WAITING_11
20:55:25.451 (index):1117 UPDATE_12
20:55:25.452 (index):1092 NODEACCESSRELEASED_13
20:55:25.452 (index):1096 ATTRIBUTEACCESSRELEASED_14
20:55:25.453 (index):1179 WAITING_15
20:55:25.453 (index):1092 NODEACCESSRELEASED_16
20:55:25.454 (index):1117 UPDATE_17
20:55:25.454 (index):1117 UPDATE_18
20:55:25.455 (index):1179 WAITING_19
20:55:25.455 (index):1179 WAITING_20
20:55:25.455 (index):1120 UPDATE_21
20:55:25.456 (index):1096 ATTRIBUTEACCESSRELEASED_22
20:55:25.457 (index):1092 NODEACCESSRELEASED_23
20:55:25.457 (index):1179 WAITING_24
20:55:25.458 (index):1179 WAITING_25
20:55:25.458 (index):1179 WAITING_26
20:55:25.459 (index):1117 UPDATE_27
20:55:25.460 (index):1092 NODEACCESSRELEASED_28
20:55:25.460 (index):1153 NODEACCESSREQUESTED_0
20:55:25.461 (index):1153 NODEACCESSREQUESTED_1
20:55:25.461 (index):1153 NODEACCESSREQUESTED_2
20:55:25.462 (index):1153 NODEACCESSREQUESTED_3
20:55:25.462 (index):1092 NODEACCESSRELEASED_4
20:55:25.463 (index):1147 ATTRIBUTEACCESSREQUESTED_5
20:55:25.463 (index):1092 NODEACCESSRELEASED_6
20:55:25.464 (index):1092 NODEACCESSRELEASED_7
20:55:25.464 (index):1179 WAITING_8
20:55:25.465 (index):1153 NODEACCESSREQUESTED_9
20:55:25.465 (index):1147 ATTRIBUTEACCESSREQUESTED_10
20:55:25.466 (index):1179 WAITING_11
20:55:25.466 (index):1092 NODEACCESSRELEASED_12
20:55:25.467 (index):1153 NODEACCESSREQUESTED_13
20:55:25.467 (index):1153 NODEACCESSREQUESTED_14
20:55:25.467 (index):1179 WAITING_15
20:55:25.468 (index):1153 NODEACCESSREQUESTED_16
20:55:25.468 (index):1092 NODEACCESSRELEASED_17
20:55:25.469 (index):1092 NODEACCESSRELEASED_18
20:55:25.469 (index):1179 WAITING_19
20:55:25.470 (index):1179 WAITING_20
20:55:25.470 (index):1096 ATTRIBUTEACCESSRELEASED_21
20:55:25.471 (index):1153 NODEACCESSREQUESTED_22
20:55:25.471 (index):1153 NODEACCESSREQUESTED_23
20:55:25.472 (index):1117 UPDATE_24
20:55:25.472 (index):1179 WAITING_25
20:55:25.473 (index):1179 WAITING_26
20:55:25.473 (index):1092 NODEACCESSRELEASED_27
20:55:25.474 (index):1153 NODEACCESSREQUESTED_28
20:55:25.474 (index):1117 UPDATE_0
20:55:25.475 (index):1117 UPDATE_1
20:55:25.475 (index):1117 UPDATE_2
20:55:25.476 (index):1117 UPDATE_3
20:55:25.476 (index):1147 ATTRIBUTEACCESSREQUESTED_4
20:55:25.477 (index):1120 UPDATE_5
20:55:25.477 (index):1153 NODEACCESSREQUESTED_6
20:55:25.478 (index):1153 NODEACCESSREQUESTED_7
20:55:25.478 (index):1179 WAITING_8
20:55:25.478 (index):1117 UPDATE_9
20:55:25.479 (index):1120 UPDATE_10
20:55:25.479 (index):1179 WAITING_11
20:55:25.480 (index):1153 NODEACCESSREQUESTED_12
20:55:25.480 (index):1117 UPDATE_13
20:55:25.481 (index):1179 WAITING_14
20:55:25.481 (index):1179 WAITING_15
20:55:25.482 (index):1117 UPDATE_16
20:55:25.482 (index):1153 NODEACCESSREQUESTED_17
20:55:25.483 (index):1153 NODEACCESSREQUESTED_18
20:55:25.483 (index):1179 WAITING_19
20:55:25.484 (index):1179 WAITING_20
20:55:25.484 (index):1147 ATTRIBUTEACCESSREQUESTED_21
20:55:25.485 (index):1117 UPDATE_22
20:55:25.485 (index):1117 UPDATE_23
20:55:25.485 (index):1092 NODEACCESSRELEASED_24
20:55:25.486 (index):1179 WAITING_25
20:55:25.486 (index):1179 WAITING_26
20:55:25.487 (index):1153 NODEACCESSREQUESTED_27
20:55:25.487 (index):1117 UPDATE_28
20:55:25.488 (index):1092 NODEACCESSRELEASED_0
20:55:25.488 (index):1092 NODEACCESSRELEASED_1
20:55:25.489 (index):1092 NODEACCESSRELEASED_2
20:55:25.489 (index):1092 NODEACCESSRELEASED_3
20:55:25.490 (index):1179 WAITING_4
20:55:25.490 (index):1096 ATTRIBUTEACCESSRELEASED_5
20:55:25.491 (index):1179 WAITING_6
20:55:25.491 (index):1117 UPDATE_7
20:55:25.492 (index):1179 WAITING_8
20:55:25.492 (index):1092 NODEACCESSRELEASED_9
20:55:25.493 (index):1096 ATTRIBUTEACCESSRELEASED_10
20:55:25.494 (index):1179 WAITING_11
20:55:25.494 (index):1117 UPDATE_12
20:55:25.495 (index):1092 NODEACCESSRELEASED_13
20:55:25.495 (index):1117 UPDATE_14
20:55:25.495 (index):1179 WAITING_15
20:55:25.496 (index):1092 NODEACCESSRELEASED_16
20:55:25.496 (index):1179 WAITING_17
20:55:25.497 (index):1117 UPDATE_18
20:55:25.497 (index):1179 WAITING_19
20:55:25.498 (index):1179 WAITING_20
20:55:25.498 (index):1120 UPDATE_21
20:55:25.499 (index):1092 NODEACCESSRELEASED_22
20:55:25.499 (index):1092 NODEACCESSRELEASED_23
20:55:25.500 (index):1153 NODEACCESSREQUESTED_24
20:55:25.500 (index):1179 WAITING_25
20:55:25.501 (index):1179 WAITING_26
20:55:25.501 (index):1179 WAITING_27
20:55:25.502 (index):1092 NODEACCESSRELEASED_28
20:55:25.502 (index):1153 NODEACCESSREQUESTED_0
20:55:25.503 (index):1153 NODEACCESSREQUESTED_1
20:55:25.503 (index):1153 NODEACCESSREQUESTED_2
20:55:25.504 (index):1147 ATTRIBUTEACCESSREQUESTED_3
20:55:25.504 (index):1120 UPDATE_4
20:55:25.504 (index):1153 NODEACCESSREQUESTED_5
20:55:25.505 (index):1117 UPDATE_6
20:55:25.505 (index):1092 NODEACCESSRELEASED_7
20:55:25.506 (index):1179 WAITING_8
20:55:25.506 (index):1147 ATTRIBUTEACCESSREQUESTED_9
20:55:25.507 (index):1153 NODEACCESSREQUESTED_10
20:55:25.507 (index):1179 WAITING_11
20:55:25.508 (index):1092 NODEACCESSRELEASED_12
20:55:25.508 (index):1153 NODEACCESSREQUESTED_13
20:55:25.509 (index):1092 NODEACCESSRELEASED_14
20:55:25.509 (index):1179 WAITING_15
20:55:25.510 (index):1153 NODEACCESSREQUESTED_16
20:55:25.510 (index):1117 UPDATE_17
20:55:25.511 (index):1092 NODEACCESSRELEASED_18
20:55:25.511 (index):1179 WAITING_19
20:55:25.512 (index):1179 WAITING_20
20:55:25.512 (index):1096 ATTRIBUTEACCESSRELEASED_21
20:55:25.513 (index):1147 ATTRIBUTEACCESSREQUESTED_22
20:55:25.513 (index):1147 ATTRIBUTEACCESSREQUESTED_23
20:55:25.514 (index):1117 UPDATE_24
20:55:25.514 (index):1179 WAITING_25
20:55:25.515 (index):1179 WAITING_26
20:55:25.516 (index):1179 WAITING_27
20:55:25.516 (index):1147 ATTRIBUTEACCESSREQUESTED_28
20:55:25.517 (index):1117 UPDATE_0
20:55:25.518 (index):1179 WAITING_1
20:55:25.518 (index):1117 UPDATE_2
20:55:25.519 (index):1120 UPDATE_3
20:55:25.520 (index):1096 ATTRIBUTEACCESSRELEASED_4
20:55:25.521 (index):1179 WAITING_5
20:55:25.521 (index):1092 NODEACCESSRELEASED_6
20:55:25.522 (index):1147 ATTRIBUTEACCESSREQUESTED_7
20:55:25.523 (index):1179 WAITING_8
20:55:25.523 (index):1179 WAITING_9
20:55:25.523 (index):1179 WAITING_10
20:55:25.524 (index):1179 WAITING_11
20:55:25.524 (index):1153 NODEACCESSREQUESTED_12
20:55:25.525 (index):1117 UPDATE_13
20:55:25.525 (index):1153 NODEACCESSREQUESTED_14
20:55:25.526 (index):1179 WAITING_15
20:55:25.526 (index):1117 UPDATE_16
20:55:25.527 (index):1092 NODEACCESSRELEASED_17
20:55:25.527 (index):1147 ATTRIBUTEACCESSREQUESTED_18
20:55:25.528 (index):1179 WAITING_19
20:55:25.528 (index):1179 WAITING_20
20:55:25.528 (index):1153 NODEACCESSREQUESTED_21
20:55:25.529 (index):1120 UPDATE_22
20:55:25.529 (index):1120 UPDATE_23
20:55:25.530 (index):1092 NODEACCESSRELEASED_24
20:55:25.530 (index):1179 WAITING_25
20:55:25.531 (index):1179 WAITING_26
20:55:25.531 (index):1179 WAITING_27
20:55:25.531 (index):1179 WAITING_28
20:55:25.532 (index):1092 NODEACCESSRELEASED_0
20:55:25.532 (index):1179 WAITING_1
20:55:25.533 (index):1092 NODEACCESSRELEASED_2
20:55:25.533 (index):1096 ATTRIBUTEACCESSRELEASED_3
20:55:25.534 (index):1153 NODEACCESSREQUESTED_4
20:55:25.534 (index):1117 UPDATE_5
20:55:25.535 (index):1153 NODEACCESSREQUESTED_6
20:55:25.535 (index):1120 UPDATE_7
20:55:25.536 (index):1179 WAITING_8
20:55:25.536 (index):1120 UPDATE_9
20:55:25.536 (index):1179 WAITING_10
20:55:25.537 (index):1179 WAITING_11
20:55:25.537 (index):1117 UPDATE_12
20:55:25.538 (index):1092 NODEACCESSRELEASED_13
20:55:25.538 (index):1179 WAITING_14
20:55:25.539 (index):1179 WAITING_15
20:55:25.539 (index):1092 NODEACCESSRELEASED_16
20:55:25.540 (index):1153 NODEACCESSREQUESTED_17
20:55:25.540 (index):1179 WAITING_18
20:55:25.541 (index):1179 WAITING_19
20:55:25.541 (index):1179 WAITING_20
20:55:25.541 (index):1117 UPDATE_21
20:55:25.542 (index):1096 ATTRIBUTEACCESSRELEASED_22
20:55:25.543 (index):1096 ATTRIBUTEACCESSRELEASED_23
20:55:25.543 (index):1153 NODEACCESSREQUESTED_24
20:55:25.543 (index):1179 WAITING_25
20:55:25.544 (index):1179 WAITING_26
20:55:25.544 (index):1179 WAITING_27
20:55:25.545 (index):1120 UPDATE_28
20:55:25.545 (index):1147 ATTRIBUTEACCESSREQUESTED_0
20:55:25.546 (index):1179 WAITING_1
20:55:25.546 (index):1153 NODEACCESSREQUESTED_2
20:55:25.546 (index):1153 NODEACCESSREQUESTED_3
20:55:25.547 (index):1117 UPDATE_4
20:55:25.547 (index):1092 NODEACCESSRELEASED_5
20:55:25.548 (index):1117 UPDATE_6
20:55:25.548 (index):1096 ATTRIBUTEACCESSRELEASED_7
20:55:25.549 (index):1179 WAITING_8
20:55:25.549 (index):1096 ATTRIBUTEACCESSRELEASED_9
20:55:25.550 (index):1179 WAITING_10
20:55:25.550 (index):1179 WAITING_11
20:55:25.551 (index):1092 NODEACCESSRELEASED_12
20:55:25.551 (index):1147 ATTRIBUTEACCESSREQUESTED_13
20:55:25.551 (index):1179 WAITING_14
20:55:25.552 (index):1179 WAITING_15
20:55:25.552 (index):1153 NODEACCESSREQUESTED_16
20:55:25.553 (index):1179 WAITING_17
20:55:25.553 (index):1120 UPDATE_18
20:55:25.554 (index):1179 WAITING_19
20:55:25.554 (index):1179 WAITING_20
20:55:25.555 (index):1092 NODEACCESSRELEASED_21
20:55:25.555 (index):1153 NODEACCESSREQUESTED_22
20:55:25.555 (index):1153 NODEACCESSREQUESTED_23
20:55:25.556 (index):1117 UPDATE_24
20:55:25.556 (index):1179 WAITING_25
20:55:25.557 (index):1179 WAITING_26
20:55:25.557 (index):1179 WAITING_27
20:55:25.558 (index):1096 ATTRIBUTEACCESSRELEASED_28
20:55:25.558 (index):1120 UPDATE_0
20:55:25.559 (index):1179 WAITING_1
20:55:25.559 (index):1117 UPDATE_2
20:55:25.559 (index):1179 WAITING_3
20:55:25.560 (index):1092 NODEACCESSRELEASED_4
20:55:25.560 (index):1147 ATTRIBUTEACCESSREQUESTED_5
20:55:25.561 (index):1092 NODEACCESSRELEASED_6
20:55:25.561 (index):1153 NODEACCESSREQUESTED_7
20:55:25.562 (index):1179 WAITING_8
20:55:25.562 (index):1153 NODEACCESSREQUESTED_9
20:55:25.563 (index):1179 WAITING_10
20:55:25.563 (index):1179 WAITING_11
20:55:25.564 (index):1153 NODEACCESSREQUESTED_12
20:55:25.564 (index):1179 WAITING_13
20:55:25.564 (index):1179 WAITING_14
20:55:25.565 (index):1179 WAITING_15
20:55:25.565 (index):1117 UPDATE_16
20:55:25.566 (index):1179 WAITING_17
20:55:25.566 (index):1096 ATTRIBUTEACCESSRELEASED_18
20:55:25.567 (index):1179 WAITING_19
20:55:25.567 (index):1179 WAITING_20
20:55:25.568 (index):1153 NODEACCESSREQUESTED_21
20:55:25.568 (index):1179 WAITING_22
20:55:25.568 (index):1117 UPDATE_23
20:55:25.569 (index):1092 NODEACCESSRELEASED_24
20:55:25.569 (index):1179 WAITING_25
20:55:25.570 (index):1179 WAITING_26
20:55:25.570 (index):1179 WAITING_27
20:55:25.571 (index):1153 NODEACCESSREQUESTED_28
20:55:25.571 (index):1096 ATTRIBUTEACCESSRELEASED_0
20:55:25.572 (index):1179 WAITING_1
20:55:25.572 (index):1092 NODEACCESSRELEASED_2
20:55:25.573 (index):1179 WAITING_3
20:55:25.573 (index):1153 NODEACCESSREQUESTED_4
20:55:25.573 (index):1120 UPDATE_5
20:55:25.574 (index):1153 NODEACCESSREQUESTED_6
20:55:25.574 (index):1117 UPDATE_7
20:55:25.575 (index):1179 WAITING_8
20:55:25.575 (index):1179 WAITING_9
20:55:25.576 (index):1179 WAITING_10
20:55:25.576 (index):1179 WAITING_11
20:55:25.577 (index):1117 UPDATE_12
20:55:25.577 (index):1120 UPDATE_13
20:55:25.577 (index):1179 WAITING_14
20:55:25.578 (index):1179 WAITING_15
20:55:25.578 (index):1092 NODEACCESSRELEASED_16
20:55:25.579 (index):1179 WAITING_17
20:55:25.579 (index):1153 NODEACCESSREQUESTED_18
20:55:25.580 (index):1179 WAITING_19
20:55:25.580 (index):1179 WAITING_20
20:55:25.581 (index):1117 UPDATE_21
20:55:25.581 (index):1117 UPDATE_22
20:55:25.581 (index):1092 NODEACCESSRELEASED_23
20:55:25.582 (index):1147 ATTRIBUTEACCESSREQUESTED_24
20:55:25.582 (index):1179 WAITING_25
20:55:25.583 (index):1179 WAITING_26
20:55:25.583 (index):1179 WAITING_27
20:55:25.584 (index):1117 UPDATE_28
20:55:25.584 (index):1147 ATTRIBUTEACCESSREQUESTED_0
20:55:25.584 (index):1179 WAITING_1
20:55:25.585 (index):1147 ATTRIBUTEACCESSREQUESTED_2
20:55:25.585 (index):1179 WAITING_3
20:55:25.586 (index):1117 UPDATE_4
20:55:25.586 (index):1096 ATTRIBUTEACCESSRELEASED_5
20:55:25.587 (index):1179 WAITING_6
20:55:25.587 (index):1092 NODEACCESSRELEASED_7
20:55:25.588 (index):1179 WAITING_8
20:55:25.588 (index):1179 WAITING_9
20:55:25.589 (index):1179 WAITING_10
20:55:25.589 (index):1179 WAITING_11
20:55:25.590 (index):1092 NODEACCESSRELEASED_12
20:55:25.591 (index):1096 ATTRIBUTEACCESSRELEASED_13
20:55:25.591 (index):1179 WAITING_14
20:55:25.592 (index):1179 WAITING_15
20:55:25.592 (index):1147 ATTRIBUTEACCESSREQUESTED_16
20:55:25.593 (index):1179 WAITING_17
20:55:25.593 (index):1117 UPDATE_18
20:55:25.594 (index):1179 WAITING_19
20:55:25.594 (index):1179 WAITING_20
20:55:25.595 (index):1092 NODEACCESSRELEASED_21
20:55:25.596 (index):1092 NODEACCESSRELEASED_22
20:55:25.596 (index):1147 ATTRIBUTEACCESSREQUESTED_23
20:55:25.597 (index):1120 UPDATE_24
20:55:25.597 (index):1179 WAITING_25
20:55:25.598 (index):1179 WAITING_26
20:55:25.598 (index):1179 WAITING_27
20:55:25.599 (index):1092 NODEACCESSRELEASED_28
20:55:25.599 (index):1120 UPDATE_0
20:55:25.600 (index):1179 WAITING_1
20:55:25.600 (index):1179 WAITING_2
20:55:25.601 (index):1179 WAITING_3
20:55:25.601 (index):1092 NODEACCESSRELEASED_4
20:55:25.602 (index):1147 ATTRIBUTEACCESSREQUESTED_5
20:55:25.602 (index):1117 UPDATE_6
20:55:25.603 (index):1153 NODEACCESSREQUESTED_7
20:55:25.603 (index):1179 WAITING_8
20:55:25.604 (index):1179 WAITING_9
20:55:25.604 (index):1179 WAITING_10
20:55:25.605 (index):1179 WAITING_11
20:55:25.605 (index):1153 NODEACCESSREQUESTED_12
20:55:25.606 (index):1153 NODEACCESSREQUESTED_13
20:55:25.607 (index):1179 WAITING_14
20:55:25.607 (index):1179 WAITING_15
20:55:25.608 (index):1179 WAITING_16
20:55:25.608 (index):1179 WAITING_17
20:55:25.609 (index):1092 NODEACCESSRELEASED_18
20:55:25.610 (index):1179 WAITING_19
20:55:25.610 (index):1179 WAITING_20
20:55:25.611 (index):1153 NODEACCESSREQUESTED_21
20:55:25.612 (index):1153 NODEACCESSREQUESTED_22
20:55:25.612 (index):1120 UPDATE_23
20:55:25.613 (index):1096 ATTRIBUTEACCESSRELEASED_24
20:55:25.614 (index):1179 WAITING_25
20:55:25.614 (index):1179 WAITING_26
20:55:25.615 (index):1179 WAITING_27
20:55:25.616 (index):1153 NODEACCESSREQUESTED_28
20:55:25.616 (index):1096 ATTRIBUTEACCESSRELEASED_0
20:55:25.617 (index):1179 WAITING_1
20:55:25.617 (index):1120 UPDATE_2
20:55:25.618 (index):1179 WAITING_3
20:55:25.619 (index):1147 ATTRIBUTEACCESSREQUESTED_4
20:55:25.619 (index):1179 WAITING_5
20:55:25.620 (index):1092 NODEACCESSRELEASED_6
20:55:25.620 (index):1117 UPDATE_7
20:55:25.621 (index):1179 WAITING_8
20:55:25.621 (index):1179 WAITING_9
20:55:25.622 (index):1179 WAITING_10
20:55:25.622 (index):1179 WAITING_11
20:55:25.623 (index):1117 UPDATE_12
20:55:25.623 (index):1117 UPDATE_13
20:55:25.623 (index):1179 WAITING_14
20:55:25.624 (index):1179 WAITING_15
20:55:25.624 (index):1120 UPDATE_16
20:55:25.625 (index):1179 WAITING_17
20:55:25.625 (index):1147 ATTRIBUTEACCESSREQUESTED_18
20:55:25.626 (index):1179 WAITING_19
20:55:25.626 (index):1179 WAITING_20
20:55:25.627 (index):1117 UPDATE_21
20:55:25.627 (index):1117 UPDATE_22
20:55:25.627 (index):1096 ATTRIBUTEACCESSRELEASED_23
20:55:25.628 (index):1153 NODEACCESSREQUESTED_24
20:55:25.628 (index):1179 WAITING_25
20:55:25.629 (index):1179 WAITING_26
20:55:25.629 (index):1179 WAITING_27
20:55:25.630 (index):1117 UPDATE_28
20:55:25.630 (index):1147 ATTRIBUTEACCESSREQUESTED_0
20:55:25.631 (index):1179 WAITING_1
20:55:25.631 (index):1096 ATTRIBUTEACCESSRELEASED_2
20:55:25.632 (index):1179 WAITING_3
20:55:25.632 (index):1179 WAITING_4
20:55:25.632 (index):1120 UPDATE_5
20:55:25.633 (index):1147 ATTRIBUTEACCESSREQUESTED_6
20:55:25.633 (index):1092 NODEACCESSRELEASED_7
20:55:25.634 (index):1179 WAITING_8
20:55:25.634 (index):1179 WAITING_9
20:55:25.635 (index):1179 WAITING_10
20:55:25.635 (index):1179 WAITING_11
20:55:25.636 (index):1092 NODEACCESSRELEASED_12
20:55:25.636 (index):1092 NODEACCESSRELEASED_13
20:55:25.637 (index):1179 WAITING_14
20:55:25.637 (index):1179 WAITING_15
20:55:25.638 (index):1096 ATTRIBUTEACCESSRELEASED_16
20:55:25.638 (index):1179 WAITING_17
20:55:25.638 (index):1120 UPDATE_18
20:55:25.639 (index):1179 WAITING_19
20:55:25.639 (index):1179 WAITING_20
20:55:25.640 (index):1092 NODEACCESSRELEASED_21
20:55:25.640 (index):1092 NODEACCESSRELEASED_22
20:55:25.641 (index):1153 NODEACCESSREQUESTED_23
20:55:25.641 (index):1117 UPDATE_24
20:55:25.642 (index):1179 WAITING_25
20:55:25.642 (index):1179 WAITING_26
20:55:25.643 (index):1179 WAITING_27
20:55:25.643 (index):1092 NODEACCESSRELEASED_28
20:55:25.644 (index):1120 UPDATE_0
20:55:25.644 (index):1179 WAITING_1
20:55:25.644 (index):1153 NODEACCESSREQUESTED_2
20:55:25.645 (index):1179 WAITING_3
20:55:25.645 (index):1179 WAITING_4
20:55:25.646 (index):1096 ATTRIBUTEACCESSRELEASED_5
20:55:25.646 (index):1179 WAITING_6
20:55:25.647 (index):1153 NODEACCESSREQUESTED_7
20:55:25.647 (index):1179 WAITING_8
20:55:25.648 (index):1179 WAITING_9
20:55:25.648 (index):1179 WAITING_10
20:55:25.648 (index):1179 WAITING_11
20:55:25.649 (index):1147 ATTRIBUTEACCESSREQUESTED_12
20:55:25.649 (index):1153 NODEACCESSREQUESTED_13
20:55:25.650 (index):1179 WAITING_14
20:55:25.650 (index):1179 WAITING_15
20:55:25.651 (index):1153 NODEACCESSREQUESTED_16
20:55:25.651 (index):1179 WAITING_17
20:55:25.652 (index):1096 ATTRIBUTEACCESSRELEASED_18
20:55:25.652 (index):1179 WAITING_19
20:55:25.652 (index):1179 WAITING_20
20:55:25.653 (index):1153 NODEACCESSREQUESTED_21
20:55:25.653 (index):1153 NODEACCESSREQUESTED_22
20:55:25.654 (index):1117 UPDATE_23
20:55:25.654 (index):1092 NODEACCESSRELEASED_24
20:55:25.655 (index):1179 WAITING_25
20:55:25.655 (index):1179 WAITING_26
20:55:25.656 (index):1179 WAITING_27
20:55:25.656 (index):1153 NODEACCESSREQUESTED_28
20:55:25.657 (index):1096 ATTRIBUTEACCESSRELEASED_0
20:55:25.657 (index):1179 WAITING_1
20:55:25.657 (index):1179 WAITING_2
20:55:25.658 (index):1179 WAITING_3
20:55:25.658 (index):1120 UPDATE_4
20:55:25.659 (index):1153 NODEACCESSREQUESTED_5
20:55:25.659 (index):1120 UPDATE_6
20:55:25.660 (index):1117 UPDATE_7
20:55:25.660 (index):1179 WAITING_8
20:55:25.660 (index):1179 WAITING_9
20:55:25.661 (index):1179 WAITING_10
20:55:25.661 (index):1179 WAITING_11
20:55:25.662 (index):1120 UPDATE_12
20:55:25.662 (index):1117 UPDATE_13
20:55:25.663 (index):1179 WAITING_14
20:55:25.663 (index):1179 WAITING_15
20:55:25.663 (index):1117 UPDATE_16
20:55:25.664 (index):1179 WAITING_17
20:55:25.664 (index):1147 ATTRIBUTEACCESSREQUESTED_18
20:55:25.665 (index):1179 WAITING_19
20:55:25.665 (index):1179 WAITING_20
20:55:25.666 (index):1117 UPDATE_21
20:55:25.666 (index):1117 UPDATE_22
20:55:25.667 (index):1092 NODEACCESSRELEASED_23
20:55:25.667 (index):1147 ATTRIBUTEACCESSREQUESTED_24
20:55:25.667 (index):1179 WAITING_25
20:55:25.668 (index):1179 WAITING_26
20:55:25.668 (index):1179 WAITING_27
20:55:25.669 (index):1179 WAITING_28
20:55:25.669 (index):1153 NODEACCESSREQUESTED_0
20:55:25.670 (index):1179 WAITING_1
20:55:25.670 (index):1179 WAITING_2
20:55:25.670 (index):1179 WAITING_3
20:55:25.671 (index):1096 ATTRIBUTEACCESSRELEASED_4
20:55:25.671 (index):1179 WAITING_5
20:55:25.672 (index):1096 ATTRIBUTEACCESSRELEASED_6
20:55:25.673 (index):1092 NODEACCESSRELEASED_7
20:55:25.673 (index):1179 WAITING_8
20:55:25.674 (index):1179 WAITING_9
20:55:25.674 (index):1179 WAITING_10
20:55:25.675 (index):1179 WAITING_11
20:55:25.675 (index):1096 ATTRIBUTEACCESSRELEASED_12
20:55:25.676 (index):1092 NODEACCESSRELEASED_13
20:55:25.676 (index):1179 WAITING_14
20:55:25.677 (index):1179 WAITING_15
20:55:25.678 (index):1092 NODEACCESSRELEASED_16
20:55:25.678 (index):1179 WAITING_17
20:55:25.679 (index):1120 UPDATE_18
20:55:25.679 (index):1179 WAITING_19
20:55:25.680 (index):1179 WAITING_20
20:55:25.680 (index):1092 NODEACCESSRELEASED_21
20:55:25.681 (index):1092 NODEACCESSRELEASED_22
20:55:25.681 (index):1153 NODEACCESSREQUESTED_23
20:55:25.682 (index):1179 WAITING_24
20:55:25.682 (index):1179 WAITING_25
20:55:25.683 (index):1179 WAITING_26
20:55:25.683 (index):1179 WAITING_27
20:55:25.684 (index):1179 WAITING_28
20:55:25.684 (index):1117 UPDATE_0
20:55:25.685 (index):1179 WAITING_1
20:55:25.685 (index):1179 WAITING_2
20:55:25.686 (index):1179 WAITING_3
20:55:25.686 (index):1153 NODEACCESSREQUESTED_4
20:55:25.687 (index):1117 UPDATE_5
20:55:25.687 (index):1147 ATTRIBUTEACCESSREQUESTED_6
20:55:25.688 (index):1153 NODEACCESSREQUESTED_7
20:55:25.690 (index):1179 WAITING_8
20:55:25.691 (index):1179 WAITING_9
20:55:25.691 (index):1179 WAITING_10
20:55:25.692 (index):1179 WAITING_11
20:55:25.693 (index):1153 NODEACCESSREQUESTED_12
20:55:25.694 (index):1153 NODEACCESSREQUESTED_13
20:55:25.694 (index):1179 WAITING_14
20:55:25.695 (index):1179 WAITING_15
20:55:25.696 (index):1153 NODEACCESSREQUESTED_16
20:55:25.696 (index):1179 WAITING_17
20:55:25.697 (index):1096 ATTRIBUTEACCESSRELEASED_18
20:55:25.697 (index):1179 WAITING_19
20:55:25.698 (index):1179 WAITING_20
20:55:25.699 (index):1153 NODEACCESSREQUESTED_21
20:55:25.699 (index):1153 NODEACCESSREQUESTED_22
20:55:25.700 (index):1117 UPDATE_23
20:55:25.701 (index):1120 UPDATE_24
20:55:25.701 (index):1179 WAITING_25
20:55:25.702 (index):1179 WAITING_26
20:55:25.702 (index):1179 WAITING_27
20:55:25.703 (index):1179 WAITING_28
20:55:25.704 (index):1092 NODEACCESSRELEASED_0
20:55:25.704 (index):1179 WAITING_1
20:55:25.705 (index):1179 WAITING_2
20:55:25.706 (index):1179 WAITING_3
20:55:25.706 (index):1117 UPDATE_4
20:55:25.707 (index):1092 NODEACCESSRELEASED_5
20:55:25.708 (index):1120 UPDATE_6
20:55:25.708 (index):1179 WAITING_7
20:55:25.709 (index):1179 WAITING_8
20:55:25.709 (index):1179 WAITING_9
20:55:25.710 (index):1179 WAITING_10
20:55:25.711 (index):1179 WAITING_11
20:55:25.711 (index):1117 UPDATE_12
20:55:25.712 (index):1117 UPDATE_13
20:55:25.712 (index):1179 WAITING_14
20:55:25.713 (index):1179 WAITING_15
20:55:25.714 (index):1179 WAITING_16
20:55:25.714 (index):1179 WAITING_17
20:55:25.715 (index):1153 NODEACCESSREQUESTED_18
20:55:25.716 (index):1179 WAITING_19
20:55:25.716 (index):1179 WAITING_20
20:55:25.717 (index):1179 WAITING_21
20:55:25.717 (index):1179 WAITING_22
20:55:25.718 (index):1092 NODEACCESSRELEASED_23
20:55:25.719 (index):1096 ATTRIBUTEACCESSRELEASED_24
20:55:25.719 (index):1179 WAITING_25
20:55:25.720 (index):1179 WAITING_26
20:55:25.721 (index):1179 WAITING_27
20:55:25.721 (index):1179 WAITING_28
20:55:25.722 (index):1147 ATTRIBUTEACCESSREQUESTED_0
20:55:25.722 (index):1179 WAITING_1
20:55:25.723 (index):1179 WAITING_2
20:55:25.724 (index):1179 WAITING_3
20:55:25.725 (index):1092 NODEACCESSRELEASED_4
20:55:25.725 (index):1147 ATTRIBUTEACCESSREQUESTED_5
20:55:25.726 (index):1096 ATTRIBUTEACCESSRELEASED_6
20:55:25.726 (index):1179 WAITING_7
20:55:25.727 (index):1179 WAITING_8
20:55:25.727 (index):1179 WAITING_9
20:55:25.728 (index):1179 WAITING_10
20:55:25.728 (index):1179 WAITING_11
20:55:25.729 (index):1092 NODEACCESSRELEASED_12
20:55:25.729 (index):1092 NODEACCESSRELEASED_13
20:55:25.730 (index):1179 WAITING_14
20:55:25.730 (index):1117 UPDATE_15
20:55:25.730 (index):1117 UPDATE_16
20:55:25.731 (index):1179 WAITING_17
20:55:25.731 (index):1117 UPDATE_18
20:55:25.732 (index):1179 WAITING_19
20:55:25.732 (index):1179 WAITING_20
20:55:25.733 (index):1117 UPDATE_21
20:55:25.733 (index):1179 WAITING_22
20:55:25.733 (index):1147 ATTRIBUTEACCESSREQUESTED_23
20:55:25.734 (index):1153 NODEACCESSREQUESTED_24
20:55:25.734 (index):1179 WAITING_25
20:55:25.735 (index):1179 WAITING_26
20:55:25.735 (index):1179 WAITING_27
20:55:25.736 (index):1179 WAITING_28
20:55:25.736 (index):1120 UPDATE_0
20:55:25.737 (index):1179 WAITING_1
20:55:25.737 (index):1179 WAITING_2
20:55:25.737 (index):1179 WAITING_3
20:55:25.738 (index):1153 NODEACCESSREQUESTED_4
20:55:25.738 (index):1120 UPDATE_5
20:55:25.739 (index):1153 NODEACCESSREQUESTED_6
20:55:25.739 (index):1179 WAITING_7
20:55:25.740 (index):1179 WAITING_8
20:55:25.740 (index):1179 WAITING_9
20:55:25.740 (index):1179 WAITING_10
20:55:25.741 (index):1179 WAITING_11
20:55:25.741 (index):1147 ATTRIBUTEACCESSREQUESTED_12
20:55:25.742 (index):1153 NODEACCESSREQUESTED_13
20:55:25.742 (index):1179 WAITING_14
20:55:25.743 (index):1092 NODEACCESSRELEASED_15
20:55:25.743 (index):1092 NODEACCESSRELEASED_16
20:55:25.744 (index):1179 WAITING_17
20:55:25.744 (index):1092 NODEACCESSRELEASED_18
20:55:25.745 (index):1179 WAITING_19
20:55:25.745 (index):1179 WAITING_20
20:55:25.746 (index):1092 NODEACCESSRELEASED_21
20:55:25.746 (index):1179 WAITING_22
20:55:25.747 (index):1179 WAITING_23
20:55:25.747 (index):1117 UPDATE_24
20:55:25.748 (index):1179 WAITING_25
20:55:25.748 (index):1179 WAITING_26
20:55:25.748 (index):1179 WAITING_27
20:55:25.749 (index):1179 WAITING_28
20:55:25.749 (index):1096 ATTRIBUTEACCESSRELEASED_0
20:55:25.750 (index):1179 WAITING_1
20:55:25.750 (index):1179 WAITING_2
20:55:25.751 (index):1179 WAITING_3
20:55:25.751 (index):1179 WAITING_4
20:55:25.752 (index):1096 ATTRIBUTEACCESSRELEASED_5
20:55:25.752 (index):1179 WAITING_6
20:55:25.753 (index):1179 WAITING_7
20:55:25.753 (index):1179 WAITING_8
20:55:25.753 (index):1179 WAITING_9
20:55:25.754 (index):1117 UPDATE_10
20:55:25.754 (index):1179 WAITING_11
20:55:25.755 (index):1120 UPDATE_12
20:55:25.755 (index):1117 UPDATE_13
20:55:25.756 (index):1179 WAITING_14
20:55:25.756 (index):1153 NODEACCESSREQUESTED_15
20:55:25.756 (index):1153 NODEACCESSREQUESTED_16
20:55:25.757 (index):1179 WAITING_17
20:55:25.757 (index):1153 NODEACCESSREQUESTED_18
20:55:25.758 (index):1179 WAITING_19
20:55:25.758 (index):1179 WAITING_20
20:55:25.759 (index):1153 NODEACCESSREQUESTED_21
20:55:25.759 (index):1179 WAITING_22
20:55:25.760 (index):1120 UPDATE_23
20:55:25.760 (index):1092 NODEACCESSRELEASED_24
20:55:25.761 (index):1179 WAITING_25
20:55:25.761 (index):1179 WAITING_26
20:55:25.761 (index):1179 WAITING_27
20:55:25.762 (index):1179 WAITING_28
20:55:25.762 (index):1147 ATTRIBUTEACCESSREQUESTED_0
20:55:25.763 (index):1179 WAITING_1
20:55:25.763 (index):1179 WAITING_2
20:55:25.764 (index):1179 WAITING_3
20:55:25.764 (index):1179 WAITING_4
20:55:25.764 (index):1147 ATTRIBUTEACCESSREQUESTED_5
20:55:25.765 (index):1179 WAITING_6
20:55:25.765 (index):1179 WAITING_7
20:55:25.766 (index):1179 WAITING_8
20:55:25.766 (index):1179 WAITING_9
20:55:25.767 (index):1092 NODEACCESSRELEASED_10
20:55:25.767 (index):1179 WAITING_11
20:55:25.768 (index):1096 ATTRIBUTEACCESSRELEASED_12
20:55:25.768 (index):1092 NODEACCESSRELEASED_13
20:55:25.769 (index):1179 WAITING_14
20:55:25.769 (index):1179 WAITING_15
20:55:25.770 (index):1117 UPDATE_16
20:55:25.770 (index):1179 WAITING_17
20:55:25.771 (index):1117 UPDATE_18
20:55:25.771 (index):1179 WAITING_19
20:55:25.771 (index):1179 WAITING_20
20:55:25.772 (index):1179 WAITING_21
20:55:25.772 (index):1179 WAITING_22
20:55:25.773 (index):1096 ATTRIBUTEACCESSRELEASED_23
20:55:25.773 (index):1147 ATTRIBUTEACCESSREQUESTED_24
20:55:25.774 (index):1179 WAITING_25
20:55:25.774 (index):1179 WAITING_26
20:55:25.775 (index):1179 WAITING_27
20:55:25.775 (index):1179 WAITING_28
20:55:25.775 (index):1120 UPDATE_0
20:55:25.776 (index):1179 WAITING_1
20:55:25.776 (index):1179 WAITING_2
20:55:25.777 (index):1179 WAITING_3
20:55:25.777 (index):1179 WAITING_4
20:55:25.778 (index):1120 UPDATE_5
20:55:25.778 (index):1179 WAITING_6
20:55:25.778 (index):1179 WAITING_7
20:55:25.779 (index):1179 WAITING_8
20:55:25.779 (index):1117 UPDATE_9
20:55:25.780 (index):1153 NODEACCESSREQUESTED_10
20:55:25.780 (index):1179 WAITING_11
20:55:25.781 (index):1147 ATTRIBUTEACCESSREQUESTED_12
20:55:25.781 (index):1153 NODEACCESSREQUESTED_13
20:55:25.782 (index):1179 WAITING_14
20:55:25.782 (index):1179 WAITING_15
20:55:25.783 (index):1092 NODEACCESSRELEASED_16
20:55:25.783 (index):1179 WAITING_17
20:55:25.784 (index):1092 NODEACCESSRELEASED_18
20:55:25.784 (index):1179 WAITING_19
20:55:25.784 (index):1179 WAITING_20
20:55:25.785 (index):1179 WAITING_21
20:55:25.785 (index):1179 WAITING_22
20:55:25.786 (index):1147 ATTRIBUTEACCESSREQUESTED_23
20:55:25.786 (index):1120 UPDATE_24
20:55:25.787 (index):1179 WAITING_25
20:55:25.787 (index):1179 WAITING_26
20:55:25.787 (index):1179 WAITING_27
20:55:25.788 (index):1179 WAITING_28
20:55:25.788 (index):1096 ATTRIBUTEACCESSRELEASED_0
20:55:25.789 (index):1179 WAITING_1
20:55:25.789 (index):1179 WAITING_2
20:55:25.790 (index):1179 WAITING_3
20:55:25.790 (index):1179 WAITING_4
20:55:25.791 (index):1096 ATTRIBUTEACCESSRELEASED_5
20:55:25.791 (index):1179 WAITING_6
20:55:25.792 (index):1179 WAITING_7
20:55:25.792 (index):1179 WAITING_8
20:55:25.793 (index):1092 NODEACCESSRELEASED_9
20:55:25.793 (index):1179 WAITING_10
20:55:25.794 (index):1092 NODEACCESSRELEASED_11
20:55:25.794 (index):1120 UPDATE_12
20:55:25.794 (index):1179 WAITING_13
20:55:25.795 (index):1179 WAITING_14
20:55:25.795 (index):1179 WAITING_15
20:55:25.796 (index):1147 ATTRIBUTEACCESSREQUESTED_16
20:55:25.796 (index):1179 WAITING_17
20:55:25.797 (index):1153 NODEACCESSREQUESTED_18
20:55:25.797 (index):1179 WAITING_19
20:55:25.798 (index):1179 WAITING_20
20:55:25.798 (index):1179 WAITING_21
20:55:25.798 (index):1179 WAITING_22
20:55:25.799 (index):1120 UPDATE_23
20:55:25.799 (index):1096 ATTRIBUTEACCESSRELEASED_24
20:55:25.800 (index):1092 NODEACCESSRELEASED_25
20:55:25.800 (index):1092 NODEACCESSRELEASED_26
20:55:25.801 (index):1179 WAITING_27
20:55:25.801 (index):1179 WAITING_28
20:55:25.802 (index):1153 NODEACCESSREQUESTED_0
20:55:25.802 (index):1179 WAITING_1
20:55:25.803 (index):1179 WAITING_2
20:55:25.803 (index):1179 WAITING_3
20:55:25.803 (index):1179 WAITING_4
20:55:25.804 (index):1153 NODEACCESSREQUESTED_5
20:55:25.804 (index):1179 WAITING_6
20:55:25.805 (index):1179 WAITING_7
20:55:25.805 (index):1117 UPDATE_8
20:55:25.806 (index):1153 NODEACCESSREQUESTED_9
20:55:25.806 (index):1179 WAITING_10
20:55:25.807 (index):1153 NODEACCESSREQUESTED_11
20:55:25.807 (index):1096 ATTRIBUTEACCESSRELEASED_12
20:55:25.807 (index):1179 WAITING_13
20:55:25.808 (index):1179 WAITING_14
20:55:25.808 (index):1179 WAITING_15
20:55:25.809 (index):1179 WAITING_16
20:55:25.809 (index):1179 WAITING_17
20:55:25.810 (index):1179 WAITING_18
20:55:25.810 (index):1179 WAITING_19
20:55:25.810 (index):1179 WAITING_20
20:55:25.811 (index):1179 WAITING_21
20:55:25.811 (index):1179 WAITING_22
20:55:25.812 (index):1096 ATTRIBUTEACCESSRELEASED_23
20:55:25.812 (index):1153 NODEACCESSREQUESTED_24
20:55:25.813 (index):1153 NODEACCESSREQUESTED_25
20:55:25.813 (index):1153 NODEACCESSREQUESTED_26
20:55:25.814 (index):1179 WAITING_27
20:55:25.814 (index):1179 WAITING_28
20:55:25.815 (index):1179 WAITING_0
20:55:25.815 (index):1179 WAITING_1
20:55:25.815 (index):1179 WAITING_2
20:55:25.816 (index):1179 WAITING_3
20:55:25.816 (index):1179 WAITING_4
20:55:25.817 (index):1179 WAITING_5
20:55:25.817 (index):1179 WAITING_6
20:55:25.818 (index):1179 WAITING_7
20:55:25.818 (index):1092 NODEACCESSRELEASED_8
20:55:25.819 (index):1179 WAITING_9
20:55:25.819 (index):1179 WAITING_10
20:55:25.820 (index):1117 UPDATE_11
20:55:25.820 (index):1153 NODEACCESSREQUESTED_12
20:55:25.821 (index):1179 WAITING_13
20:55:25.821 (index):1179 WAITING_14
20:55:25.822 (index):1179 WAITING_15
20:55:25.822 (index):1120 UPDATE_16
20:55:25.822 (index):1179 WAITING_17
20:55:25.823 (index):1179 WAITING_18
20:55:25.823 (index):1179 WAITING_19
20:55:25.824 (index):1117 UPDATE_20
20:55:25.824 (index):1179 WAITING_21
20:55:25.825 (index):1179 WAITING_22
20:55:25.825 (index):1153 NODEACCESSREQUESTED_23
20:55:25.826 (index):1179 WAITING_24
20:55:25.826 (index):1179 WAITING_25
20:55:25.827 (index):1179 WAITING_26
20:55:25.827 (index):1179 WAITING_27
20:55:25.828 (index):1179 WAITING_28
20:55:25.828 (index):1179 WAITING_0
20:55:25.828 (index):1179 WAITING_1
20:55:25.829 (index):1179 WAITING_2
20:55:25.829 (index):1179 WAITING_3
20:55:25.830 (index):1179 WAITING_4
20:55:25.830 (index):1179 WAITING_5
20:55:25.831 (index):1179 WAITING_6
20:55:25.831 (index):1179 WAITING_7
20:55:25.832 (index):1153 NODEACCESSREQUESTED_8
20:55:25.832 (index):1179 WAITING_9
20:55:25.833 (index):1179 WAITING_10
20:55:25.833 (index):1092 NODEACCESSRELEASED_11
20:55:25.834 (index):1179 WAITING_12
20:55:25.834 (index):1179 WAITING_13
20:55:25.835 (index):1179 WAITING_14
20:55:25.836 (index):1179 WAITING_15
20:55:25.837 (index):1096 ATTRIBUTEACCESSRELEASED_16
20:55:25.838 (index):1179 WAITING_17
20:55:25.838 (index):1179 WAITING_18
20:55:25.839 (index):1179 WAITING_19
20:55:25.840 (index):1092 NODEACCESSRELEASED_20
20:55:25.841 (index):1179 WAITING_21
20:55:25.841 (index):1179 WAITING_22
20:55:25.842 (index):1179 WAITING_23
20:55:25.843 (index):1179 WAITING_24
20:55:25.843 (index):1179 WAITING_25
20:55:25.844 (index):1179 WAITING_26
20:55:25.845 (index):1179 WAITING_27
20:55:25.845 (index):1179 WAITING_28
20:55:25.846 (index):1179 WAITING_0
20:55:25.847 (index):1179 WAITING_1
20:55:25.848 (index):1179 WAITING_2
20:55:25.848 (index):1179 WAITING_3
20:55:25.849 (index):1179 WAITING_4
20:55:25.850 (index):1179 WAITING_5
20:55:25.850 (index):1179 WAITING_6
20:55:25.851 (index):1179 WAITING_7
20:55:25.852 (index):1179 WAITING_8
20:55:25.852 (index):1179 WAITING_9
20:55:25.853 (index):1179 WAITING_10
20:55:25.854 (index):1147 ATTRIBUTEACCESSREQUESTED_11
20:55:25.855 (index):1179 WAITING_12
20:55:25.855 (index):1179 WAITING_13
20:55:25.856 (index):1179 WAITING_14
20:55:25.857 (index):1179 WAITING_15
20:55:25.857 (index):1153 NODEACCESSREQUESTED_16
20:55:25.858 (index):1179 WAITING_17
20:55:25.859 (index):1179 WAITING_18
20:55:25.860 (index):1092 NODEACCESSRELEASED_19
20:55:25.860 (index):1147 ATTRIBUTEACCESSREQUESTED_20
20:55:25.861 (index):1179 WAITING_21
20:55:25.862 (index):1179 WAITING_22
20:55:25.862 (index):1179 WAITING_23
20:55:25.863 (index):1179 WAITING_24
20:55:25.864 (index):1179 WAITING_25
20:55:25.865 (index):1179 WAITING_26
20:55:25.865 (index):1117 UPDATE_27
20:55:25.866 (index):1179 WAITING_28
20:55:25.867 (index):1179 WAITING_0
20:55:25.867 (index):1179 WAITING_1
20:55:25.868 (index):1179 WAITING_2
20:55:25.869 (index):1179 WAITING_3
20:55:25.869 (index):1179 WAITING_4
20:55:25.870 (index):1179 WAITING_5
20:55:25.871 (index):1179 WAITING_6
20:55:25.871 (index):1179 WAITING_7
20:55:25.872 (index):1179 WAITING_8
20:55:25.873 (index):1179 WAITING_9
20:55:25.873 (index):1179 WAITING_10
20:55:25.874 (index):1179 WAITING_11
