20:55:24.005 (index):2124 Tasks: 25; Collaborators: 28    =========================>
20:55:24.006 (index):1153 NODEACCESSREQUESTED_0
20:55:24.007 (index):1153 NODEACCESSREQUESTED_1
20:55:24.008 (index):1147 ATTRIBUTEACCESSREQUESTED_2
20:55:24.008 (index):1147 ATTRIBUTEACCESSREQUESTED_3
20:55:24.009 (index):1153 NODEACCESSREQUESTED_4
20:55:24.010 (index):1153 NODEACCESSREQUESTED_5
20:55:24.010 (index):1153 NODEACCESSREQUESTED_6
20:55:24.011 (index):1153 NODEACCESSREQUESTED_7
20:55:24.011 (index):1153 NODEACCESSREQUESTED_8
20:55:24.012 (index):1153 NODEACCESSREQUESTED_9
20:55:24.012 (index):1147 ATTRIBUTEACCESSREQUESTED_10
20:55:24.012 (index):1153 NODEACCESSREQUESTED_11
20:55:24.013 (index):1153 NODEACCESSREQUESTED_12
20:55:24.013 (index):1153 NODEACCESSREQUESTED_13
20:55:24.014 (index):1147 ATTRIBUTEACCESSREQUESTED_14
20:55:24.014 (index):1153 NODEACCESSREQUESTED_15
20:55:24.015 (index):1153 NODEACCESSREQUESTED_16
20:55:24.015 (index):1153 NODEACCESSREQUESTED_17
20:55:24.016 (index):1153 NODEACCESSREQUESTED_18
20:55:24.016 (index):1153 NODEACCESSREQUESTED_19
20:55:24.017 (index):1153 NODEACCESSREQUESTED_20
20:55:24.017 (index):1147 ATTRIBUTEACCESSREQUESTED_21
20:55:24.018 (index):1147 ATTRIBUTEACCESSREQUESTED_22
20:55:24.018 (index):1153 NODEACCESSREQUESTED_23
20:55:24.019 (index):1153 NODEACCESSREQUESTED_24
20:55:24.019 (index):1153 NODEACCESSREQUESTED_25
20:55:24.020 (index):1153 NODEACCESSREQUESTED_26
20:55:24.020 (index):1153 NODEACCESSREQUESTED_27
20:55:24.021 (index):1092 NODEACCESSRELEASED_0
20:55:24.021 (index):1092 NODEACCESSRELEASED_1
20:55:24.022 (index):1096 ATTRIBUTEACCESSRELEASED_2
20:55:24.022 (index):1096 ATTRIBUTEACCESSRELEASED_3
20:55:24.023 (index):1092 NODEACCESSRELEASED_4
20:55:24.023 (index):1092 NODEACCESSRELEASED_5
20:55:24.024 (index):1092 NODEACCESSRELEASED_6
20:55:24.024 (index):1092 NODEACCESSRELEASED_7
20:55:24.024 (index):1092 NODEACCESSRELEASED_8
20:55:24.025 (index):1179 WAITING_9
20:55:24.025 (index):1096 ATTRIBUTEACCESSRELEASED_10
20:55:24.026 (index):1092 NODEACCESSRELEASED_11
20:55:24.026 (index):1092 NODEACCESSRELEASED_12
20:55:24.027 (index):1092 NODEACCESSRELEASED_13
20:55:24.027 (index):1096 ATTRIBUTEACCESSRELEASED_14
20:55:24.028 (index):1092 NODEACCESSRELEASED_15
20:55:24.028 (index):1179 WAITING_16
20:55:24.029 (index):1092 NODEACCESSRELEASED_17
20:55:24.029 (index):1092 NODEACCESSRELEASED_18
20:55:24.029 (index):1092 NODEACCESSRELEASED_19
20:55:24.030 (index):1179 WAITING_20
20:55:24.030 (index):1096 ATTRIBUTEACCESSRELEASED_21
20:55:24.031 (index):1096 ATTRIBUTEACCESSRELEASED_22
20:55:24.031 (index):1179 WAITING_23
20:55:24.032 (index):1092 NODEACCESSRELEASED_24
20:55:24.032 (index):1179 WAITING_25
20:55:24.033 (index):1092 NODEACCESSRELEASED_26
20:55:24.033 (index):1092 NODEACCESSRELEASED_27
20:55:24.033 (index):1153 NODEACCESSREQUESTED_0
20:55:24.034 (index):1153 NODEACCESSREQUESTED_1
20:55:24.034 (index):1147 ATTRIBUTEACCESSREQUESTED_2
20:55:24.035 (index):1147 ATTRIBUTEACCESSREQUESTED_3
20:55:24.036 (index):1153 NODEACCESSREQUESTED_4
20:55:24.036 (index):1153 NODEACCESSREQUESTED_5
20:55:24.036 (index):1153 NODEACCESSREQUESTED_6
20:55:24.037 (index):1153 NODEACCESSREQUESTED_7
20:55:24.037 (index):1153 NODEACCESSREQUESTED_8
20:55:24.038 (index):1092 NODEACCESSRELEASED_9
20:55:24.038 (index):1147 ATTRIBUTEACCESSREQUESTED_10
20:55:24.039 (index):1153 NODEACCESSREQUESTED_11
20:55:24.039 (index):1153 NODEACCESSREQUESTED_12
20:55:24.040 (index):1153 NODEACCESSREQUESTED_13
20:55:24.040 (index):1147 ATTRIBUTEACCESSREQUESTED_14
20:55:24.041 (index):1153 NODEACCESSREQUESTED_15
20:55:24.041 (index):1179 WAITING_16
20:55:24.042 (index):1153 NODEACCESSREQUESTED_17
20:55:24.042 (index):1153 NODEACCESSREQUESTED_18
20:55:24.043 (index):1153 NODEACCESSREQUESTED_19
20:55:24.043 (index):1092 NODEACCESSRELEASED_20
20:55:24.043 (index):1147 ATTRIBUTEACCESSREQUESTED_21
20:55:24.044 (index):1147 ATTRIBUTEACCESSREQUESTED_22
20:55:24.044 (index):1092 NODEACCESSRELEASED_23
20:55:24.045 (index):1153 NODEACCESSREQUESTED_24
20:55:24.045 (index):1179 WAITING_25
20:55:24.046 (index):1153 NODEACCESSREQUESTED_26
20:55:24.046 (index):1153 NODEACCESSREQUESTED_27
20:55:24.047 (index):1117 UPDATE_0
20:55:24.047 (index):1117 UPDATE_1
20:55:24.047 (index):1120 UPDATE_2
20:55:24.048 (index):1120 UPDATE_3
20:55:24.048 (index):1117 UPDATE_4
20:55:24.049 (index):1117 UPDATE_5
20:55:24.049 (index):1117 UPDATE_6
20:55:24.050 (index):1117 UPDATE_7
20:55:24.050 (index):1179 WAITING_8
20:55:24.051 (index):1153 NODEACCESSREQUESTED_9
20:55:24.051 (index):1179 WAITING_10
20:55:24.051 (index):1117 UPDATE_11
20:55:24.052 (index):1179 WAITING_12
20:55:24.052 (index):1117 UPDATE_13
20:55:24.053 (index):1120 UPDATE_14
20:55:24.053 (index):1179 WAITING_15
20:55:24.054 (index):1179 WAITING_16
20:55:24.054 (index):1117 UPDATE_17
20:55:24.055 (index):1179 WAITING_18
20:55:24.055 (index):1117 UPDATE_19
20:55:24.055 (index):1153 NODEACCESSREQUESTED_20
20:55:24.056 (index):1179 WAITING_21
20:55:24.056 (index):1179 WAITING_22
20:55:24.057 (index):1153 NODEACCESSREQUESTED_23
20:55:24.057 (index):1179 WAITING_24
20:55:24.058 (index):1179 WAITING_25
20:55:24.058 (index):1179 WAITING_26
20:55:24.058 (index):1179 WAITING_27
20:55:24.059 (index):1092 NODEACCESSRELEASED_0
20:55:24.059 (index):1092 NODEACCESSRELEASED_1
20:55:24.060 (index):1096 ATTRIBUTEACCESSRELEASED_2
20:55:24.060 (index):1096 ATTRIBUTEACCESSRELEASED_3
20:55:24.061 (index):1092 NODEACCESSRELEASED_4
20:55:24.061 (index):1092 NODEACCESSRELEASED_5
20:55:24.062 (index):1092 NODEACCESSRELEASED_6
20:55:24.062 (index):1092 NODEACCESSRELEASED_7
20:55:24.063 (index):1179 WAITING_8
20:55:24.063 (index):1179 WAITING_9
20:55:24.064 (index):1120 UPDATE_10
20:55:24.064 (index):1092 NODEACCESSRELEASED_11
20:55:24.065 (index):1117 UPDATE_12
20:55:24.065 (index):1092 NODEACCESSRELEASED_13
20:55:24.066 (index):1096 ATTRIBUTEACCESSRELEASED_14
20:55:24.066 (index):1179 WAITING_15
20:55:24.066 (index):1179 WAITING_16
20:55:24.067 (index):1092 NODEACCESSRELEASED_17
20:55:24.067 (index):1117 UPDATE_18
20:55:24.068 (index):1092 NODEACCESSRELEASED_19
20:55:24.068 (index):1117 UPDATE_20
20:55:24.069 (index):1120 UPDATE_21
20:55:24.069 (index):1179 WAITING_22
20:55:24.070 (index):1117 UPDATE_23
20:55:24.070 (index):1117 UPDATE_24
20:55:24.070 (index):1179 WAITING_25
20:55:24.071 (index):1117 UPDATE_26
20:55:24.071 (index):1117 UPDATE_27
20:55:24.072 (index):1153 NODEACCESSREQUESTED_0
20:55:24.072 (index):1153 NODEACCESSREQUESTED_1
20:55:24.073 (index):1153 NODEACCESSREQUESTED_2
20:55:24.073 (index):1153 NODEACCESSREQUESTED_3
20:55:24.074 (index):1147 ATTRIBUTEACCESSREQUESTED_4
20:55:24.074 (index):1147 ATTRIBUTEACCESSREQUESTED_5
20:55:24.074 (index):1153 NODEACCESSREQUESTED_6
20:55:24.075 (index):1153 NODEACCESSREQUESTED_7
20:55:24.075 (index):1179 WAITING_8
20:55:24.076 (index):1117 UPDATE_9
20:55:24.076 (index):1096 ATTRIBUTEACCESSRELEASED_10
20:55:24.077 (index):1147 ATTRIBUTEACCESSREQUESTED_11
20:55:24.077 (index):1092 NODEACCESSRELEASED_12
20:55:24.078 (index):1153 NODEACCESSREQUESTED_13
20:55:24.078 (index):1153 NODEACCESSREQUESTED_14
20:55:24.078 (index):1179 WAITING_15
20:55:24.079 (index):1179 WAITING_16
20:55:24.079 (index):1153 NODEACCESSREQUESTED_17
20:55:24.080 (index):1092 NODEACCESSRELEASED_18
20:55:24.080 (index):1147 ATTRIBUTEACCESSREQUESTED_19
20:55:24.081 (index):1092 NODEACCESSRELEASED_20
20:55:24.081 (index):1096 ATTRIBUTEACCESSRELEASED_21
20:55:24.082 (index):1120 UPDATE_22
20:55:24.082 (index):1092 NODEACCESSRELEASED_23
20:55:24.083 (index):1092 NODEACCESSRELEASED_24
20:55:24.083 (index):1179 WAITING_25
20:55:24.084 (index):1092 NODEACCESSRELEASED_26
20:55:24.084 (index):1092 NODEACCESSRELEASED_27
20:55:24.085 (index):1117 UPDATE_0
20:55:24.085 (index):1117 UPDATE_1
20:55:24.085 (index):1117 UPDATE_2
20:55:24.086 (index):1179 WAITING_3
20:55:24.086 (index):1120 UPDATE_4
20:55:24.087 (index):1120 UPDATE_5
20:55:24.087 (index):1117 UPDATE_6
20:55:24.088 (index):1117 UPDATE_7
20:55:24.088 (index):1179 WAITING_8
20:55:24.089 (index):1092 NODEACCESSRELEASED_9
20:55:24.089 (index):1147 ATTRIBUTEACCESSREQUESTED_10
20:55:24.089 (index):1179 WAITING_11
20:55:24.090 (index):1153 NODEACCESSREQUESTED_12
20:55:24.090 (index):1117 UPDATE_13
20:55:24.091 (index):1179 WAITING_14
20:55:24.091 (index):1179 WAITING_15
20:55:24.092 (index):1179 WAITING_16
20:55:24.092 (index):1117 UPDATE_17
20:55:24.092 (index):1153 NODEACCESSREQUESTED_18
20:55:24.093 (index):1120 UPDATE_19
20:55:24.093 (index):1147 ATTRIBUTEACCESSREQUESTED_20
20:55:24.094 (index):1147 ATTRIBUTEACCESSREQUESTED_21
20:55:24.094 (index):1096 ATTRIBUTEACCESSRELEASED_22
20:55:24.095 (index):1153 NODEACCESSREQUESTED_23
20:55:24.095 (index):1153 NODEACCESSREQUESTED_24
20:55:24.096 (index):1179 WAITING_25
20:55:24.096 (index):1147 ATTRIBUTEACCESSREQUESTED_26
20:55:24.096 (index):1153 NODEACCESSREQUESTED_27
20:55:24.097 (index):1092 NODEACCESSRELEASED_0
20:55:24.097 (index):1092 NODEACCESSRELEASED_1
20:55:24.098 (index):1092 NODEACCESSRELEASED_2
20:55:24.098 (index):1179 WAITING_3
20:55:24.099 (index):1096 ATTRIBUTEACCESSRELEASED_4
20:55:24.099 (index):1096 ATTRIBUTEACCESSRELEASED_5
20:55:24.100 (index):1092 NODEACCESSRELEASED_6
20:55:24.100 (index):1092 NODEACCESSRELEASED_7
20:55:24.101 (index):1179 WAITING_8
20:55:24.101 (index):1153 NODEACCESSREQUESTED_9
20:55:24.102 (index):1179 WAITING_10
20:55:24.102 (index):1120 UPDATE_11
20:55:24.102 (index):1179 WAITING_12
20:55:24.103 (index):1092 NODEACCESSRELEASED_13
20:55:24.103 (index):1117 UPDATE_14
20:55:24.104 (index):1179 WAITING_15
20:55:24.104 (index):1179 WAITING_16
20:55:24.105 (index):1092 NODEACCESSRELEASED_17
20:55:24.105 (index):1179 WAITING_18
20:55:24.106 (index):1096 ATTRIBUTEACCESSRELEASED_19
20:55:24.106 (index):1120 UPDATE_20
20:55:24.107 (index):1120 UPDATE_21
20:55:24.107 (index):1153 NODEACCESSREQUESTED_22
20:55:24.107 (index):1117 UPDATE_23
20:55:24.108 (index):1117 UPDATE_24
20:55:24.108 (index):1179 WAITING_25
20:55:24.109 (index):1179 WAITING_26
20:55:24.109 (index):1117 UPDATE_27
20:55:24.110 (index):1153 NODEACCESSREQUESTED_0
20:55:24.110 (index):1153 NODEACCESSREQUESTED_1
20:55:24.111 (index):1153 NODEACCESSREQUESTED_2
20:55:24.111 (index):1179 WAITING_3
20:55:24.111 (index):1153 NODEACCESSREQUESTED_4
20:55:24.112 (index):1153 NODEACCESSREQUESTED_5
20:55:24.112 (index):1153 NODEACCESSREQUESTED_6
20:55:24.113 (index):1147 ATTRIBUTEACCESSREQUESTED_7
20:55:24.113 (index):1179 WAITING_8
20:55:24.114 (index):1179 WAITING_9
20:55:24.114 (index):1179 WAITING_10
20:55:24.115 (index):1096 ATTRIBUTEACCESSRELEASED_11
20:55:24.115 (index):1179 WAITING_12
20:55:24.115 (index):1153 NODEACCESSREQUESTED_13
20:55:24.116 (index):1092 NODEACCESSRELEASED_14
20:55:24.116 (index):1179 WAITING_15
20:55:24.117 (index):1179 WAITING_16
20:55:24.117 (index):1153 NODEACCESSREQUESTED_17
20:55:24.118 (index):1117 UPDATE_18
20:55:24.118 (index):1147 ATTRIBUTEACCESSREQUESTED_19
20:55:24.119 (index):1096 ATTRIBUTEACCESSRELEASED_20
20:55:24.119 (index):1096 ATTRIBUTEACCESSRELEASED_21
20:55:24.120 (index):1179 WAITING_22
20:55:24.120 (index):1092 NODEACCESSRELEASED_23
20:55:24.121 (index):1092 NODEACCESSRELEASED_24
20:55:24.121 (index):1179 WAITING_25
20:55:24.122 (index):1120 UPDATE_26
20:55:24.122 (index):1092 NODEACCESSRELEASED_27
20:55:24.123 (index):1117 UPDATE_0
20:55:24.123 (index):1117 UPDATE_1
20:55:24.124 (index):1117 UPDATE_2
20:55:24.124 (index):1179 WAITING_3
20:55:24.125 (index):1117 UPDATE_4
20:55:24.126 (index):1179 WAITING_5
20:55:24.127 (index):1117 UPDATE_6
20:55:24.128 (index):1120 UPDATE_7
20:55:24.128 (index):1179 WAITING_8
20:55:24.128 (index):1179 WAITING_9
20:55:24.129 (index):1120 UPDATE_10
20:55:24.129 (index):1153 NODEACCESSREQUESTED_11
20:55:24.130 (index):1179 WAITING_12
20:55:24.130 (index):1179 WAITING_13
20:55:24.131 (index):1153 NODEACCESSREQUESTED_14
20:55:24.131 (index):1179 WAITING_15
20:55:24.132 (index):1179 WAITING_16
20:55:24.132 (index):1117 UPDATE_17
20:55:24.133 (index):1092 NODEACCESSRELEASED_18
20:55:24.133 (index):1120 UPDATE_19
20:55:24.133 (index):1153 NODEACCESSREQUESTED_20
20:55:24.134 (index):1153 NODEACCESSREQUESTED_21
20:55:24.134 (index):1179 WAITING_22
20:55:24.135 (index):1147 ATTRIBUTEACCESSREQUESTED_23
20:55:24.135 (index):1153 NODEACCESSREQUESTED_24
20:55:24.136 (index):1179 WAITING_25
20:55:24.136 (index):1096 ATTRIBUTEACCESSRELEASED_26
20:55:24.137 (index):1153 NODEACCESSREQUESTED_27
20:55:24.137 (index):1092 NODEACCESSRELEASED_0
20:55:24.138 (index):1092 NODEACCESSRELEASED_1
20:55:24.138 (index):1092 NODEACCESSRELEASED_2
20:55:24.139 (index):1179 WAITING_3
20:55:24.139 (index):1092 NODEACCESSRELEASED_4
20:55:24.140 (index):1117 UPDATE_5
20:55:24.140 (index):1092 NODEACCESSRELEASED_6
20:55:24.141 (index):1096 ATTRIBUTEACCESSRELEASED_7
20:55:24.141 (index):1179 WAITING_8
20:55:24.142 (index):1179 WAITING_9
20:55:24.142 (index):1096 ATTRIBUTEACCESSRELEASED_10
20:55:24.143 (index):1117 UPDATE_11
20:55:24.143 (index):1179 WAITING_12
20:55:24.143 (index):1179 WAITING_13
20:55:24.144 (index):1117 UPDATE_14
20:55:24.144 (index):1179 WAITING_15
20:55:24.145 (index):1179 WAITING_16
20:55:24.145 (index):1092 NODEACCESSRELEASED_17
20:55:24.146 (index):1147 ATTRIBUTEACCESSREQUESTED_18
20:55:24.146 (index):1096 ATTRIBUTEACCESSRELEASED_19
20:55:24.147 (index):1117 UPDATE_20
20:55:24.147 (index):1117 UPDATE_21
20:55:24.148 (index):1179 WAITING_22
20:55:24.148 (index):1120 UPDATE_23
20:55:24.148 (index):1179 WAITING_24
20:55:24.149 (index):1179 WAITING_25
20:55:24.149 (index):1153 NODEACCESSREQUESTED_26
20:55:24.150 (index):1179 WAITING_27
20:55:24.150 (index):1147 ATTRIBUTEACCESSREQUESTED_0
20:55:24.151 (index):1147 ATTRIBUTEACCESSREQUESTED_1
20:55:24.151 (index):1153 NODEACCESSREQUESTED_2
20:55:24.152 (index):1179 WAITING_3
20:55:24.152 (index):1153 NODEACCESSREQUESTED_4
20:55:24.152 (index):1092 NODEACCESSRELEASED_5
20:55:24.153 (index):1153 NODEACCESSREQUESTED_6
20:55:24.153 (index):1153 NODEACCESSREQUESTED_7
20:55:24.154 (index):1179 WAITING_8
20:55:24.154 (index):1179 WAITING_9
20:55:24.155 (index):1153 NODEACCESSREQUESTED_10
20:55:24.155 (index):1092 NODEACCESSRELEASED_11
20:55:24.156 (index):1179 WAITING_12
20:55:24.156 (index):1179 WAITING_13
20:55:24.157 (index):1092 NODEACCESSRELEASED_14
20:55:24.157 (index):1179 WAITING_15
20:55:24.157 (index):1179 WAITING_16
20:55:24.158 (index):1153 NODEACCESSREQUESTED_17
20:55:24.158 (index):1179 WAITING_18
20:55:24.159 (index):1153 NODEACCESSREQUESTED_19
20:55:24.159 (index):1092 NODEACCESSRELEASED_20
20:55:24.160 (index):1092 NODEACCESSRELEASED_21
20:55:24.160 (index):1179 WAITING_22
20:55:24.161 (index):1096 ATTRIBUTEACCESSRELEASED_23
20:55:24.161 (index):1117 UPDATE_24
20:55:24.162 (index):1179 WAITING_25
20:55:24.162 (index):1117 UPDATE_26
20:55:24.163 (index):1117 UPDATE_27
20:55:24.163 (index):1120 UPDATE_0
20:55:24.163 (index):1120 UPDATE_1
20:55:24.164 (index):1117 UPDATE_2
20:55:24.164 (index):1179 WAITING_3
20:55:24.165 (index):1117 UPDATE_4
20:55:24.165 (index):1147 ATTRIBUTEACCESSREQUESTED_5
20:55:24.166 (index):1179 WAITING_6
20:55:24.166 (index):1179 WAITING_7
20:55:24.167 (index):1179 WAITING_8
20:55:24.167 (index):1179 WAITING_9
20:55:24.167 (index):1179 WAITING_10
20:55:24.168 (index):1153 NODEACCESSREQUESTED_11
20:55:24.168 (index):1179 WAITING_12
20:55:24.169 (index):1179 WAITING_13
20:55:24.169 (index):1153 NODEACCESSREQUESTED_14
20:55:24.170 (index):1179 WAITING_15
20:55:24.170 (index):1179 WAITING_16
20:55:24.170 (index):1117 UPDATE_17
20:55:24.171 (index):1120 UPDATE_18
20:55:24.171 (index):1179 WAITING_19
20:55:24.172 (index):1153 NODEACCESSREQUESTED_20
20:55:24.172 (index):1153 NODEACCESSREQUESTED_21
20:55:24.173 (index):1179 WAITING_22
20:55:24.173 (index):1153 NODEACCESSREQUESTED_23
20:55:24.174 (index):1092 NODEACCESSRELEASED_24
20:55:24.174 (index):1179 WAITING_25
20:55:24.175 (index):1092 NODEACCESSRELEASED_26
20:55:24.175 (index):1092 NODEACCESSRELEASED_27
20:55:24.176 (index):1096 ATTRIBUTEACCESSRELEASED_0
20:55:24.176 (index):1096 ATTRIBUTEACCESSRELEASED_1
20:55:24.177 (index):1092 NODEACCESSRELEASED_2
20:55:24.177 (index):1179 WAITING_3
20:55:24.178 (index):1092 NODEACCESSRELEASED_4
20:55:24.178 (index):1120 UPDATE_5
20:55:24.179 (index):1117 UPDATE_6
20:55:24.179 (index):1179 WAITING_7
20:55:24.179 (index):1179 WAITING_8
20:55:24.180 (index):1179 WAITING_9
20:55:24.180 (index):1117 UPDATE_10
20:55:24.181 (index):1179 WAITING_11
20:55:24.181 (index):1179 WAITING_12
20:55:24.182 (index):1179 WAITING_13
20:55:24.182 (index):1117 UPDATE_14
20:55:24.183 (index):1179 WAITING_15
20:55:24.183 (index):1179 WAITING_16
20:55:24.183 (index):1092 NODEACCESSRELEASED_17
20:55:24.184 (index):1096 ATTRIBUTEACCESSRELEASED_18
20:55:24.184 (index):1117 UPDATE_19
20:55:24.185 (index):1117 UPDATE_20
20:55:24.185 (index):1179 WAITING_21
20:55:24.186 (index):1179 WAITING_22
20:55:24.186 (index):1179 WAITING_23
20:55:24.187 (index):1147 ATTRIBUTEACCESSREQUESTED_24
20:55:24.187 (index):1179 WAITING_25
20:55:24.188 (index):1153 NODEACCESSREQUESTED_26
20:55:24.188 (index):1153 NODEACCESSREQUESTED_27
20:55:24.188 (index):1147 ATTRIBUTEACCESSREQUESTED_0
20:55:24.189 (index):1153 NODEACCESSREQUESTED_1
20:55:24.189 (index):1147 ATTRIBUTEACCESSREQUESTED_2
20:55:24.190 (index):1179 WAITING_3
20:55:24.190 (index):1147 ATTRIBUTEACCESSREQUESTED_4
20:55:24.191 (index):1096 ATTRIBUTEACCESSRELEASED_5
20:55:24.191 (index):1092 NODEACCESSRELEASED_6
20:55:24.192 (index):1179 WAITING_7
20:55:24.192 (index):1179 WAITING_8
20:55:24.193 (index):1179 WAITING_9
20:55:24.193 (index):1092 NODEACCESSRELEASED_10
20:55:24.194 (index):1179 WAITING_11
20:55:24.194 (index):1179 WAITING_12
20:55:24.194 (index):1179 WAITING_13
20:55:24.195 (index):1092 NODEACCESSRELEASED_14
20:55:24.195 (index):1179 WAITING_15
20:55:24.196 (index):1179 WAITING_16
20:55:24.196 (index):1153 NODEACCESSREQUESTED_17
20:55:24.197 (index):1153 NODEACCESSREQUESTED_18
20:55:24.197 (index):1092 NODEACCESSRELEASED_19
20:55:24.198 (index):1092 NODEACCESSRELEASED_20
20:55:24.198 (index):1117 UPDATE_21
20:55:24.199 (index):1179 WAITING_22
20:55:24.199 (index):1179 WAITING_23
20:55:24.200 (index):1120 UPDATE_24
20:55:24.200 (index):1179 WAITING_25
20:55:24.200 (index):1117 UPDATE_26
20:55:24.201 (index):1117 UPDATE_27
20:55:24.201 (index):1120 UPDATE_0
20:55:24.202 (index):1179 WAITING_1
20:55:24.202 (index):1120 UPDATE_2
20:55:24.203 (index):1179 WAITING_3
20:55:24.203 (index):1179 WAITING_4
20:55:24.203 (index):1147 ATTRIBUTEACCESSREQUESTED_5
20:55:24.204 (index):1147 ATTRIBUTEACCESSREQUESTED_6
20:55:24.204 (index):1179 WAITING_7
20:55:24.205 (index):1179 WAITING_8
20:55:24.205 (index):1179 WAITING_9
20:55:24.206 (index):1153 NODEACCESSREQUESTED_10
20:55:24.206 (index):1179 WAITING_11
20:55:24.207 (index):1179 WAITING_12
20:55:24.207 (index):1179 WAITING_13
20:55:24.207 (index):1147 ATTRIBUTEACCESSREQUESTED_14
20:55:24.208 (index):1179 WAITING_15
20:55:24.208 (index):1179 WAITING_16
20:55:24.209 (index):1117 UPDATE_17
20:55:24.209 (index):1117 UPDATE_18
20:55:24.210 (index):1153 NODEACCESSREQUESTED_19
20:55:24.210 (index):1153 NODEACCESSREQUESTED_20
20:55:24.211 (index):1092 NODEACCESSRELEASED_21
20:55:24.211 (index):1179 WAITING_22
20:55:24.212 (index):1179 WAITING_23
20:55:24.212 (index):1096 ATTRIBUTEACCESSRELEASED_24
20:55:24.213 (index):1179 WAITING_25
20:55:24.213 (index):1092 NODEACCESSRELEASED_26
20:55:24.214 (index):1092 NODEACCESSRELEASED_27
20:55:24.214 (index):1096 ATTRIBUTEACCESSRELEASED_0
20:55:24.215 (index):1179 WAITING_1
20:55:24.215 (index):1096 ATTRIBUTEACCESSRELEASED_2
20:55:24.216 (index):1179 WAITING_3
20:55:24.216 (index):1120 UPDATE_4
20:55:24.216 (index):1179 WAITING_5
20:55:24.217 (index):1120 UPDATE_6
20:55:24.217 (index):1179 WAITING_7
20:55:24.218 (index):1179 WAITING_8
20:55:24.218 (index):1179 WAITING_9
20:55:24.219 (index):1117 UPDATE_10
20:55:24.219 (index):1179 WAITING_11
20:55:24.219 (index):1179 WAITING_12
20:55:24.220 (index):1179 WAITING_13
20:55:24.220 (index):1179 WAITING_14
20:55:24.221 (index):1179 WAITING_15
20:55:24.221 (index):1179 WAITING_16
20:55:24.222 (index):1092 NODEACCESSRELEASED_17
20:55:24.222 (index):1092 NODEACCESSRELEASED_18
20:55:24.223 (index):1117 UPDATE_19
20:55:24.223 (index):1117 UPDATE_20
20:55:24.224 (index):1153 NODEACCESSREQUESTED_21
20:55:24.224 (index):1179 WAITING_22
20:55:24.224 (index):1179 WAITING_23
20:55:24.225 (index):1153 NODEACCESSREQUESTED_24
20:55:24.225 (index):1179 WAITING_25
20:55:24.226 (index):1153 NODEACCESSREQUESTED_26
20:55:24.226 (index):1147 ATTRIBUTEACCESSREQUESTED_27
20:55:24.227 (index):1147 ATTRIBUTEACCESSREQUESTED_0
20:55:24.228 (index):1179 WAITING_1
20:55:24.228 (index):1153 NODEACCESSREQUESTED_2
20:55:24.229 (index):1179 WAITING_3
20:55:24.230 (index):1096 ATTRIBUTEACCESSRELEASED_4
20:55:24.230 (index):1120 UPDATE_5
20:55:24.231 (index):1096 ATTRIBUTEACCESSRELEASED_6
20:55:24.231 (index):1179 WAITING_7
20:55:24.232 (index):1179 WAITING_8
20:55:24.232 (index):1179 WAITING_9
20:55:24.233 (index):1092 NODEACCESSRELEASED_10
20:55:24.233 (index):1179 WAITING_11
20:55:24.234 (index):1179 WAITING_12
20:55:24.234 (index):1179 WAITING_13
20:55:24.235 (index):1179 WAITING_14
20:55:24.236 (index):1179 WAITING_15
20:55:24.237 (index):1179 WAITING_16
20:55:24.238 (index):1153 NODEACCESSREQUESTED_17
20:55:24.238 (index):1147 ATTRIBUTEACCESSREQUESTED_18
20:55:24.239 (index):1092 NODEACCESSRELEASED_19
20:55:24.240 (index):1092 NODEACCESSRELEASED_20
20:55:24.240 (index):1117 UPDATE_21
20:55:24.241 (index):1179 WAITING_22
20:55:24.241 (index):1179 WAITING_23
20:55:24.242 (index):1117 UPDATE_24
20:55:24.242 (index):1179 WAITING_25
20:55:24.243 (index):1117 UPDATE_26
20:55:24.243 (index):1120 UPDATE_27
20:55:24.244 (index):1120 UPDATE_0
20:55:24.244 (index):1179 WAITING_1
20:55:24.245 (index):1179 WAITING_2
20:55:24.245 (index):1179 WAITING_3
20:55:24.246 (index):1153 NODEACCESSREQUESTED_4
20:55:24.246 (index):1096 ATTRIBUTEACCESSRELEASED_5
20:55:24.247 (index):1147 ATTRIBUTEACCESSREQUESTED_6
20:55:24.247 (index):1179 WAITING_7
20:55:24.248 (index):1179 WAITING_8
20:55:24.248 (index):1179 WAITING_9
20:55:24.249 (index):1153 NODEACCESSREQUESTED_10
20:55:24.249 (index):1179 WAITING_11
20:55:24.250 (index):1179 WAITING_12
20:55:24.250 (index):1179 WAITING_13
20:55:24.251 (index):1120 UPDATE_14
20:55:24.251 (index):1179 WAITING_15
20:55:24.252 (index):1179 WAITING_16
20:55:24.252 (index):1179 WAITING_17
20:55:24.253 (index):1179 WAITING_18
20:55:24.253 (index):1153 NODEACCESSREQUESTED_19
20:55:24.253 (index):1153 NODEACCESSREQUESTED_20
20:55:24.254 (index):1092 NODEACCESSRELEASED_21
20:55:24.255 (index):1179 WAITING_22
20:55:24.255 (index):1179 WAITING_23
20:55:24.256 (index):1092 NODEACCESSRELEASED_24
20:55:24.256 (index):1179 WAITING_25
20:55:24.257 (index):1092 NODEACCESSRELEASED_26
20:55:24.258 (index):1096 ATTRIBUTEACCESSRELEASED_27
20:55:24.258 (index):1096 ATTRIBUTEACCESSRELEASED_0
20:55:24.259 (index):1179 WAITING_1
20:55:24.259 (index):1179 WAITING_2
20:55:24.259 (index):1179 WAITING_3
20:55:24.260 (index):1117 UPDATE_4
20:55:24.260 (index):1153 NODEACCESSREQUESTED_5
20:55:24.261 (index):1120 UPDATE_6
20:55:24.261 (index):1179 WAITING_7
20:55:24.262 (index):1179 WAITING_8
20:55:24.262 (index):1179 WAITING_9
20:55:24.263 (index):1117 UPDATE_10
20:55:24.263 (index):1179 WAITING_11
20:55:24.263 (index):1179 WAITING_12
20:55:24.264 (index):1179 WAITING_13
20:55:24.264 (index):1096 ATTRIBUTEACCESSRELEASED_14
20:55:24.265 (index):1179 WAITING_15
20:55:24.265 (index):1179 WAITING_16
20:55:24.266 (index):1179 WAITING_17
20:55:24.266 (index):1120 UPDATE_18
20:55:24.267 (index):1179 WAITING_19
20:55:24.267 (index):1117 UPDATE_20
20:55:24.267 (index):1153 NODEACCESSREQUESTED_21
20:55:24.268 (index):1179 WAITING_22
20:55:24.268 (index):1179 WAITING_23
20:55:24.269 (index):1147 ATTRIBUTEACCESSREQUESTED_24
20:55:24.269 (index):1179 WAITING_25
20:55:24.270 (index):1153 NODEACCESSREQUESTED_26
20:55:24.270 (index):1153 NODEACCESSREQUESTED_27
20:55:24.271 (index):1153 NODEACCESSREQUESTED_0
20:55:24.271 (index):1179 WAITING_1
20:55:24.272 (index):1179 WAITING_2
20:55:24.272 (index):1179 WAITING_3
20:55:24.273 (index):1092 NODEACCESSRELEASED_4
20:55:24.273 (index):1117 UPDATE_5
20:55:24.274 (index):1096 ATTRIBUTEACCESSRELEASED_6
20:55:24.274 (index):1179 WAITING_7
20:55:24.274 (index):1179 WAITING_8
20:55:24.275 (index):1179 WAITING_9
20:55:24.275 (index):1092 NODEACCESSRELEASED_10
20:55:24.276 (index):1179 WAITING_11
20:55:24.276 (index):1179 WAITING_12
20:55:24.277 (index):1179 WAITING_13
20:55:24.277 (index):1147 ATTRIBUTEACCESSREQUESTED_14
20:55:24.278 (index):1179 WAITING_15
20:55:24.278 (index):1179 WAITING_16
20:55:24.278 (index):1179 WAITING_17
20:55:24.279 (index):1096 ATTRIBUTEACCESSRELEASED_18
20:55:24.279 (index):1179 WAITING_19
20:55:24.280 (index):1092 NODEACCESSRELEASED_20
20:55:24.280 (index):1117 UPDATE_21
20:55:24.281 (index):1179 WAITING_22
20:55:24.281 (index):1179 WAITING_23
20:55:24.282 (index):1120 UPDATE_24
20:55:24.282 (index):1179 WAITING_25
20:55:24.283 (index):1117 UPDATE_26
20:55:24.283 (index):1179 WAITING_27
20:55:24.284 (index):1117 UPDATE_0
20:55:24.284 (index):1179 WAITING_1
20:55:24.284 (index):1179 WAITING_2
20:55:24.285 (index):1179 WAITING_3
20:55:24.285 (index):1153 NODEACCESSREQUESTED_4
20:55:24.286 (index):1092 NODEACCESSRELEASED_5
20:55:24.286 (index):1153 NODEACCESSREQUESTED_6
20:55:24.287 (index):1179 WAITING_7
20:55:24.287 (index):1179 WAITING_8
20:55:24.288 (index):1179 WAITING_9
20:55:24.288 (index):1153 NODEACCESSREQUESTED_10
20:55:24.289 (index):1179 WAITING_11
20:55:24.289 (index):1179 WAITING_12
20:55:24.289 (index):1179 WAITING_13
20:55:24.290 (index):1120 UPDATE_14
20:55:24.290 (index):1179 WAITING_15
20:55:24.291 (index):1179 WAITING_16
20:55:24.291 (index):1179 WAITING_17
20:55:24.292 (index):1147 ATTRIBUTEACCESSREQUESTED_18
20:55:24.292 (index):1179 WAITING_19
20:55:24.293 (index):1147 ATTRIBUTEACCESSREQUESTED_20
20:55:24.293 (index):1092 NODEACCESSRELEASED_21
20:55:24.294 (index):1179 WAITING_22
20:55:24.294 (index):1179 WAITING_23
20:55:24.295 (index):1096 ATTRIBUTEACCESSRELEASED_24
20:55:24.295 (index):1179 WAITING_25
20:55:24.296 (index):1092 NODEACCESSRELEASED_26
20:55:24.296 (index):1179 WAITING_27
20:55:24.297 (index):1092 NODEACCESSRELEASED_0
20:55:24.297 (index):1179 WAITING_1
20:55:24.297 (index):1179 WAITING_2
20:55:24.298 (index):1179 WAITING_3
20:55:24.298 (index):1117 UPDATE_4
20:55:24.299 (index):1147 ATTRIBUTEACCESSREQUESTED_5
20:55:24.299 (index):1117 UPDATE_6
20:55:24.300 (index):1179 WAITING_7
20:55:24.300 (index):1179 WAITING_8
20:55:24.301 (index):1179 WAITING_9
20:55:24.301 (index):1117 UPDATE_10
20:55:24.301 (index):1179 WAITING_11
20:55:24.302 (index):1179 WAITING_12
20:55:24.302 (index):1179 WAITING_13
20:55:24.303 (index):1096 ATTRIBUTEACCESSRELEASED_14
20:55:24.303 (index):1179 WAITING_15
20:55:24.304 (index):1179 WAITING_16
20:55:24.304 (index):1179 WAITING_17
20:55:24.305 (index):1120 UPDATE_18
20:55:24.305 (index):1179 WAITING_19
20:55:24.306 (index):1120 UPDATE_20
20:55:24.306 (index):1153 NODEACCESSREQUESTED_21
20:55:24.306 (index):1179 WAITING_22
20:55:24.307 (index):1179 WAITING_23
20:55:24.307 (index):1153 NODEACCESSREQUESTED_24
20:55:24.308 (index):1179 WAITING_25
20:55:24.308 (index):1153 NODEACCESSREQUESTED_26
20:55:24.309 (index):1179 WAITING_27
20:55:24.309 (index):1147 ATTRIBUTEACCESSREQUESTED_0
20:55:24.310 (index):1179 WAITING_1
20:55:24.310 (index):1179 WAITING_2
20:55:24.311 (index):1179 WAITING_3
20:55:24.311 (index):1092 NODEACCESSRELEASED_4
20:55:24.312 (index):1179 WAITING_5
20:55:24.312 (index):1092 NODEACCESSRELEASED_6
20:55:24.313 (index):1179 WAITING_7
20:55:24.313 (index):1179 WAITING_8
20:55:24.314 (index):1179 WAITING_9
20:55:24.314 (index):1092 NODEACCESSRELEASED_10
20:55:24.315 (index):1179 WAITING_11
20:55:24.315 (index):1179 WAITING_12
20:55:24.316 (index):1179 WAITING_13
20:55:24.316 (index):1153 NODEACCESSREQUESTED_14
20:55:24.317 (index):1179 WAITING_15
20:55:24.317 (index):1179 WAITING_16
20:55:24.318 (index):1179 WAITING_17
20:55:24.318 (index):1096 ATTRIBUTEACCESSRELEASED_18
20:55:24.319 (index):1179 WAITING_19
20:55:24.319 (index):1096 ATTRIBUTEACCESSRELEASED_20
20:55:24.320 (index):1117 UPDATE_21
20:55:24.320 (index):1179 WAITING_22
20:55:24.321 (index):1179 WAITING_23
20:55:24.321 (index):1117 UPDATE_24
20:55:24.322 (index):1179 WAITING_25
20:55:24.322 (index):1117 UPDATE_26
20:55:24.323 (index):1179 WAITING_27
20:55:24.323 (index):1120 UPDATE_0
20:55:24.323 (index):1179 WAITING_1
20:55:24.324 (index):1179 WAITING_2
20:55:24.324 (index):1179 WAITING_3
20:55:24.325 (index):1147 ATTRIBUTEACCESSREQUESTED_4
20:55:24.325 (index):1120 UPDATE_5
20:55:24.326 (index):1153 NODEACCESSREQUESTED_6
20:55:24.326 (index):1179 WAITING_7
20:55:24.327 (index):1179 WAITING_8
20:55:24.327 (index):1179 WAITING_9
20:55:24.328 (index):1153 NODEACCESSREQUESTED_10
20:55:24.328 (index):1179 WAITING_11
20:55:24.329 (index):1179 WAITING_12
20:55:24.329 (index):1179 WAITING_13
20:55:24.330 (index):1117 UPDATE_14
20:55:24.330 (index):1179 WAITING_15
20:55:24.331 (index):1179 WAITING_16
20:55:24.331 (index):1179 WAITING_17
20:55:24.332 (index):1153 NODEACCESSREQUESTED_18
20:55:24.332 (index):1179 WAITING_19
20:55:24.333 (index):1153 NODEACCESSREQUESTED_20
20:55:24.333 (index):1092 NODEACCESSRELEASED_21
20:55:24.334 (index):1179 WAITING_22
20:55:24.334 (index):1179 WAITING_23
20:55:24.335 (index):1092 NODEACCESSRELEASED_24
20:55:24.335 (index):1179 WAITING_25
20:55:24.371 (index):1092 NODEACCESSRELEASED_26
20:55:24.371 (index):1179 WAITING_27
20:55:24.372 (index):1096 ATTRIBUTEACCESSRELEASED_0
20:55:24.373 (index):1179 WAITING_1
20:55:24.373 (index):1179 WAITING_2
20:55:24.374 (index):1179 WAITING_3
20:55:24.374 (index):1120 UPDATE_4
20:55:24.375 (index):1096 ATTRIBUTEACCESSRELEASED_5
20:55:24.375 (index):1117 UPDATE_6
20:55:24.376 (index):1179 WAITING_7
20:55:24.376 (index):1179 WAITING_8
20:55:24.376 (index):1179 WAITING_9
20:55:24.377 (index):1117 UPDATE_10
20:55:24.377 (index):1179 WAITING_11
20:55:24.378 (index):1117 UPDATE_12
20:55:24.378 (index):1179 WAITING_13
20:55:24.379 (index):1092 NODEACCESSRELEASED_14
20:55:24.379 (index):1179 WAITING_15
20:55:24.380 (index):1179 WAITING_16
20:55:24.380 (index):1179 WAITING_17
20:55:24.381 (index):1117 UPDATE_18
20:55:24.381 (index):1179 WAITING_19
20:55:24.382 (index):1179 WAITING_20
20:55:24.382 (index):1153 NODEACCESSREQUESTED_21
20:55:24.383 (index):1179 WAITING_22
20:55:24.383 (index):1179 WAITING_23
20:55:24.384 (index):1147 ATTRIBUTEACCESSREQUESTED_24
20:55:24.384 (index):1179 WAITING_25
20:55:24.385 (index):1153 NODEACCESSREQUESTED_26
20:55:24.385 (index):1179 WAITING_27
20:55:24.386 (index):1147 ATTRIBUTEACCESSREQUESTED_0
20:55:24.386 (index):1179 WAITING_1
20:55:24.387 (index):1179 WAITING_2
20:55:24.387 (index):1179 WAITING_3
20:55:24.388 (index):1096 ATTRIBUTEACCESSRELEASED_4
20:55:24.388 (index):1147 ATTRIBUTEACCESSREQUESTED_5
20:55:24.389 (index):1092 NODEACCESSRELEASED_6
20:55:24.389 (index):1179 WAITING_7
20:55:24.390 (index):1179 WAITING_8
20:55:24.390 (index):1179 WAITING_9
20:55:24.391 (index):1092 NODEACCESSRELEASED_10
20:55:24.391 (index):1179 WAITING_11
20:55:24.392 (index):1092 NODEACCESSRELEASED_12
20:55:24.392 (index):1179 WAITING_13
20:55:24.393 (index):1153 NODEACCESSREQUESTED_14
20:55:24.393 (index):1179 WAITING_15
20:55:24.394 (index):1179 WAITING_16
20:55:24.394 (index):1117 UPDATE_17
20:55:24.395 (index):1092 NODEACCESSRELEASED_18
20:55:24.395 (index):1179 WAITING_19
20:55:24.396 (index):1117 UPDATE_20
20:55:24.396 (index):1179 WAITING_21
20:55:24.397 (index):1179 WAITING_22
20:55:24.397 (index):1179 WAITING_23
20:55:24.397 (index):1120 UPDATE_24
20:55:24.398 (index):1179 WAITING_25
20:55:24.398 (index):1117 UPDATE_26
20:55:24.399 (index):1179 WAITING_27
20:55:24.399 (index):1120 UPDATE_0
20:55:24.400 (index):1179 WAITING_1
20:55:24.400 (index):1179 WAITING_2
20:55:24.401 (index):1179 WAITING_3
20:55:24.401 (index):1153 NODEACCESSREQUESTED_4
20:55:24.402 (index):1179 WAITING_5
20:55:24.402 (index):1147 ATTRIBUTEACCESSREQUESTED_6
20:55:24.403 (index):1179 WAITING_7
20:55:24.403 (index):1179 WAITING_8
20:55:24.404 (index):1179 WAITING_9
20:55:24.404 (index):1153 NODEACCESSREQUESTED_10
20:55:24.405 (index):1179 WAITING_11
20:55:24.405 (index):1153 NODEACCESSREQUESTED_12
20:55:24.405 (index):1179 WAITING_13
20:55:24.406 (index):1179 WAITING_14
20:55:24.406 (index):1179 WAITING_15
20:55:24.407 (index):1179 WAITING_16
20:55:24.407 (index):1092 NODEACCESSRELEASED_17
20:55:24.408 (index):1153 NODEACCESSREQUESTED_18
20:55:24.408 (index):1117 UPDATE_19
20:55:24.409 (index):1092 NODEACCESSRELEASED_20
20:55:24.409 (index):1179 WAITING_21
20:55:24.410 (index):1179 WAITING_22
20:55:24.410 (index):1179 WAITING_23
20:55:24.411 (index):1096 ATTRIBUTEACCESSRELEASED_24
20:55:24.411 (index):1179 WAITING_25
20:55:24.412 (index):1092 NODEACCESSRELEASED_26
20:55:24.412 (index):1179 WAITING_27
20:55:24.413 (index):1096 ATTRIBUTEACCESSRELEASED_0
20:55:24.414 (index):1179 WAITING_1
20:55:24.414 (index):1179 WAITING_2
20:55:24.414 (index):1179 WAITING_3
20:55:24.415 (index):1179 WAITING_4
20:55:24.415 (index):1120 UPDATE_5
20:55:24.416 (index):1120 UPDATE_6
20:55:24.416 (index):1179 WAITING_7
20:55:24.417 (index):1179 WAITING_8
20:55:24.417 (index):1179 WAITING_9
20:55:24.418 (index):1179 WAITING_10
20:55:24.418 (index):1179 WAITING_11
20:55:24.419 (index):1117 UPDATE_12
20:55:24.419 (index):1179 WAITING_13
20:55:24.419 (index):1179 WAITING_14
20:55:24.420 (index):1179 WAITING_15
20:55:24.420 (index):1179 WAITING_16
20:55:24.421 (index):1147 ATTRIBUTEACCESSREQUESTED_17
20:55:24.421 (index):1179 WAITING_18
20:55:24.422 (index):1092 NODEACCESSRELEASED_19
20:55:24.423 (index):1153 NODEACCESSREQUESTED_20
20:55:24.423 (index):1179 WAITING_21
20:55:24.423 (index):1179 WAITING_22
20:55:24.424 (index):1179 WAITING_23
20:55:24.424 (index):1153 NODEACCESSREQUESTED_24
20:55:24.425 (index):1179 WAITING_25
20:55:24.425 (index):1153 NODEACCESSREQUESTED_26
20:55:24.426 (index):1179 WAITING_27
20:55:24.426 (index):1153 NODEACCESSREQUESTED_0
20:55:24.427 (index):1179 WAITING_1
20:55:24.427 (index):1179 WAITING_2
20:55:24.428 (index):1179 WAITING_3
20:55:24.428 (index):1179 WAITING_4
20:55:24.429 (index):1096 ATTRIBUTEACCESSRELEASED_5
20:55:24.429 (index):1096 ATTRIBUTEACCESSRELEASED_6
20:55:24.430 (index):1179 WAITING_7
20:55:24.430 (index):1179 WAITING_8
20:55:24.431 (index):1179 WAITING_9
20:55:24.431 (index):1179 WAITING_10
20:55:24.432 (index):1179 WAITING_11
20:55:24.432 (index):1092 NODEACCESSRELEASED_12
20:55:24.433 (index):1179 WAITING_13
20:55:24.433 (index):1179 WAITING_14
20:55:24.434 (index):1179 WAITING_15
20:55:24.434 (index):1092 NODEACCESSRELEASED_16
20:55:24.435 (index):1120 UPDATE_17
20:55:24.435 (index):1179 WAITING_18
20:55:24.436 (index):1153 NODEACCESSREQUESTED_19
20:55:24.436 (index):1179 WAITING_20
20:55:24.436 (index):1179 WAITING_21
20:55:24.437 (index):1179 WAITING_22
20:55:24.437 (index):1179 WAITING_23
20:55:24.438 (index):1179 WAITING_24
20:55:24.439 (index):1092 NODEACCESSRELEASED_25
20:55:24.439 (index):1117 UPDATE_26
20:55:24.439 (index):1179 WAITING_27
20:55:24.440 (index):1179 WAITING_0
20:55:24.440 (index):1179 WAITING_1
20:55:24.441 (index):1179 WAITING_2
20:55:24.441 (index):1117 UPDATE_3
20:55:24.442 (index):1179 WAITING_4
20:55:24.442 (index):1153 NODEACCESSREQUESTED_5
20:55:24.443 (index):1153 NODEACCESSREQUESTED_6
20:55:24.443 (index):1179 WAITING_7
20:55:24.444 (index):1179 WAITING_8
20:55:24.444 (index):1179 WAITING_9
20:55:24.445 (index):1179 WAITING_10
20:55:24.445 (index):1179 WAITING_11
20:55:24.445 (index):1153 NODEACCESSREQUESTED_12
20:55:24.446 (index):1179 WAITING_13
20:55:24.446 (index):1179 WAITING_14
20:55:24.447 (index):1179 WAITING_15
20:55:24.447 (index):1153 NODEACCESSREQUESTED_16
20:55:24.448 (index):1096 ATTRIBUTEACCESSRELEASED_17
20:55:24.448 (index):1179 WAITING_18
20:55:24.449 (index):1179 WAITING_19
20:55:24.449 (index):1179 WAITING_20
20:55:24.450 (index):1179 WAITING_21
20:55:24.450 (index):1179 WAITING_22
20:55:24.451 (index):1179 WAITING_23
20:55:24.451 (index):1179 WAITING_24
20:55:24.452 (index):1153 NODEACCESSREQUESTED_25
20:55:24.452 (index):1092 NODEACCESSRELEASED_26
20:55:24.453 (index):1179 WAITING_27
20:55:24.453 (index):1179 WAITING_0
20:55:24.454 (index):1179 WAITING_1
20:55:24.454 (index):1179 WAITING_2
20:55:24.455 (index):1092 NODEACCESSRELEASED_3
20:55:24.455 (index):1179 WAITING_4
20:55:24.456 (index):1179 WAITING_5
20:55:24.456 (index):1179 WAITING_6
20:55:24.457 (index):1179 WAITING_7
20:55:24.457 (index):1117 UPDATE_8
20:55:24.457 (index):1179 WAITING_9
20:55:24.458 (index):1179 WAITING_10
20:55:24.458 (index):1179 WAITING_11
20:55:24.459 (index):1179 WAITING_12
20:55:24.459 (index):1179 WAITING_13
20:55:24.460 (index):1179 WAITING_14
20:55:24.460 (index):1179 WAITING_15
20:55:24.461 (index):1179 WAITING_16
20:55:24.461 (index):1153 NODEACCESSREQUESTED_17
20:55:24.462 (index):1179 WAITING_18
20:55:24.462 (index):1179 WAITING_19
20:55:24.463 (index):1179 WAITING_20
20:55:24.463 (index):1179 WAITING_21
20:55:24.464 (index):1179 WAITING_22
20:55:24.464 (index):1179 WAITING_23
20:55:24.464 (index):1179 WAITING_24
20:55:24.465 (index):1179 WAITING_25
20:55:24.465 (index):1153 NODEACCESSREQUESTED_26
20:55:24.466 (index):1179 WAITING_27
20:55:24.466 (index):1179 WAITING_0
20:55:24.467 (index):1179 WAITING_1
20:55:24.467 (index):1179 WAITING_2
20:55:24.468 (index):1147 ATTRIBUTEACCESSREQUESTED_3
20:55:24.468 (index):1179 WAITING_4
20:55:24.469 (index):1179 WAITING_5
20:55:24.469 (index):1179 WAITING_6
20:55:24.470 (index):1179 WAITING_7
20:55:24.470 (index):1092 NODEACCESSRELEASED_8
20:55:24.471 (index):1179 WAITING_9
20:55:24.471 (index):1179 WAITING_10
20:55:24.472 (index):1179 WAITING_11
20:55:24.472 (index):1179 WAITING_12
20:55:24.473 (index):1179 WAITING_13
20:55:24.473 (index):1179 WAITING_14
20:55:24.473 (index):1117 UPDATE_15
20:55:24.474 (index):1179 WAITING_16
20:55:24.474 (index):1179 WAITING_17
20:55:24.475 (index):1179 WAITING_18
20:55:24.475 (index):1179 WAITING_19
20:55:24.476 (index):1179 WAITING_20
20:55:24.476 (index):1179 WAITING_21
20:55:24.477 (index):1179 WAITING_22
20:55:24.477 (index):1179 WAITING_23
20:55:24.478 (index):1179 WAITING_24
20:55:24.478 (index):1179 WAITING_25
20:55:24.479 (index):1179 WAITING_26
20:55:24.479 (index):1179 WAITING_27
20:55:24.479 (index):1179 WAITING_0
20:55:24.480 (index):1179 WAITING_1
20:55:24.480 (index):1179 WAITING_2
20:55:24.481 (index):1179 WAITING_3
20:55:24.481 (index):1179 WAITING_4
20:55:24.482 (index):1179 WAITING_5
20:55:24.482 (index):1179 WAITING_6
20:55:24.483 (index):1179 WAITING_7
20:55:24.483 (index):1153 NODEACCESSREQUESTED_8
20:55:24.484 (index):1179 WAITING_9
20:55:24.484 (index):1179 WAITING_10
20:55:24.485 (index):1179 WAITING_11
20:55:24.485 (index):1179 WAITING_12
20:55:24.485 (index):1179 WAITING_13
20:55:24.486 (index):1179 WAITING_14
20:55:24.486 (index):1092 NODEACCESSRELEASED_15
20:55:24.487 (index):1179 WAITING_16
20:55:24.487 (index):1179 WAITING_17
20:55:24.488 (index):1179 WAITING_18
20:55:24.488 (index):1179 WAITING_19
20:55:24.489 (index):1179 WAITING_20
20:55:24.489 (index):1179 WAITING_21
20:55:24.490 (index):1179 WAITING_22
20:55:24.490 (index):1179 WAITING_23
20:55:24.491 (index):1179 WAITING_24
20:55:24.491 (index):1179 WAITING_25
20:55:24.492 (index):1179 WAITING_26
20:55:24.492 (index):1179 WAITING_27
20:55:24.492 (index):1179 WAITING_0
20:55:24.493 (index):1179 WAITING_1
20:55:24.493 (index):1179 WAITING_2
20:55:24.494 (index):1179 WAITING_3
20:55:24.494 (index):1179 WAITING_4
20:55:24.495 (index):1179 WAITING_5
20:55:24.495 (index):1179 WAITING_6
20:55:24.496 (index):1179 WAITING_7
20:55:24.496 (index):1179 WAITING_8
20:55:24.497 (index):1117 UPDATE_9
20:55:24.497 (index):1179 WAITING_10
20:55:24.497 (index):1179 WAITING_11
20:55:24.498 (index):1179 WAITING_12
20:55:24.498 (index):1179 WAITING_13
20:55:24.499 (index):1179 WAITING_14
20:55:24.499 (index):1153 NODEACCESSREQUESTED_15
