16:35:48.789 (index):3407 Tasks: 25; Collaborators: 5    =========================>
16:35:48.790 (index):941 NODEACCESSREQUESTED_0
16:35:48.790 (index):941 NODEACCESSREQUESTED_1
16:35:48.791 (index):935 ATTRIBUTEACCESSREQUESTED_2
16:35:48.792 (index):935 ATTRIBUTEACCESSREQUESTED_3
16:35:48.792 (index):935 ATTRIBUTEACCESSREQUESTED_4
16:35:48.795 (index):880 NODEACCESSRELEASED_0
16:35:48.795 (index):880 NODEACCESSRELEASED_1
16:35:48.796 (index):884 ATTRIBUTEACCESSRELEASED_2
16:35:48.796 (index):884 ATTRIBUTEACCESSRELEASED_3
16:35:48.797 (index):884 ATTRIBUTEACCESSRELEASED_4
16:35:48.799 (index):941 NODEACCESSREQUESTED_0
16:35:48.800 (index):941 NODEACCESSREQUESTED_1
16:35:48.800 (index):935 ATTRIBUTEACCESSREQUESTED_2
16:35:48.801 (index):935 ATTRIBUTEACCESSREQUESTED_3
16:35:48.801 (index):935 ATTRIBUTEACCESSREQUESTED_4
16:35:48.804 (index):905 UPDATE_0
16:35:48.804 (index):905 UPDATE_1
16:35:48.805 (index):908 UPDATE_2
16:35:48.805 (index):908 UPDATE_3
16:35:48.806 (index):908 UPDATE_4
16:35:48.809 (index):880 NODEACCESSRELEASED_0
16:35:48.809 (index):880 NODEACCESSRELEASED_1
16:35:48.810 (index):884 ATTRIBUTEACCESSRELEASED_2
16:35:48.810 (index):884 ATTRIBUTEACCESSRELEASED_3
16:35:48.811 (index):884 ATTRIBUTEACCESSRELEASED_4
16:35:48.813 (index):941 NODEACCESSREQUESTED_0
16:35:48.814 (index):941 NODEACCESSREQUESTED_1
16:35:48.814 (index):941 NODEACCESSREQUESTED_2
16:35:48.815 (index):941 NODEACCESSREQUESTED_3
16:35:48.815 (index):935 ATTRIBUTEACCESSREQUESTED_4
16:35:48.818 (index):905 UPDATE_0
16:35:48.818 (index):905 UPDATE_1
16:35:48.819 (index):905 UPDATE_2
16:35:48.819 (index):905 UPDATE_3
16:35:48.820 (index):908 UPDATE_4
16:35:48.822 (index):880 NODEACCESSRELEASED_0
16:35:48.823 (index):880 NODEACCESSRELEASED_1
16:35:48.823 (index):880 NODEACCESSRELEASED_2
16:35:48.824 (index):880 NODEACCESSRELEASED_3
16:35:48.824 (index):884 ATTRIBUTEACCESSRELEASED_4
16:35:48.827 (index):935 ATTRIBUTEACCESSREQUESTED_0
16:35:48.827 (index):941 NODEACCESSREQUESTED_1
16:35:48.828 (index):941 NODEACCESSREQUESTED_2
16:35:48.829 (index):941 NODEACCESSREQUESTED_3
16:35:48.829 (index):941 NODEACCESSREQUESTED_4
16:35:48.831 (index):908 UPDATE_0
16:35:48.832 (index):905 UPDATE_1
16:35:48.833 (index):905 UPDATE_2
16:35:48.833 (index):905 UPDATE_3
16:35:48.834 (index):967 WAITING_4
16:35:48.836 (index):884 ATTRIBUTEACCESSRELEASED_0
16:35:48.837 (index):880 NODEACCESSRELEASED_1
16:35:48.837 (index):880 NODEACCESSRELEASED_2
16:35:48.838 (index):880 NODEACCESSRELEASED_3
16:35:48.838 (index):905 UPDATE_4
16:35:48.841 (index):941 NODEACCESSREQUESTED_0
16:35:48.841 (index):941 NODEACCESSREQUESTED_1
16:35:48.842 (index):941 NODEACCESSREQUESTED_2
16:35:48.842 (index):935 ATTRIBUTEACCESSREQUESTED_3
16:35:48.843 (index):880 NODEACCESSRELEASED_4
16:35:48.845 (index):905 UPDATE_0
16:35:48.846 (index):905 UPDATE_1
16:35:48.847 (index):905 UPDATE_2
16:35:48.847 (index):908 UPDATE_3
16:35:48.848 (index):935 ATTRIBUTEACCESSREQUESTED_4
16:35:48.850 (index):880 NODEACCESSRELEASED_0
16:35:48.851 (index):880 NODEACCESSRELEASED_1
16:35:48.851 (index):880 NODEACCESSRELEASED_2
16:35:48.852 (index):884 ATTRIBUTEACCESSRELEASED_3
16:35:48.852 (index):908 UPDATE_4
16:35:48.854 (index):941 NODEACCESSREQUESTED_0
16:35:48.855 (index):935 ATTRIBUTEACCESSREQUESTED_1
16:35:48.856 (index):935 ATTRIBUTEACCESSREQUESTED_2
16:35:48.856 (index):935 ATTRIBUTEACCESSREQUESTED_3
16:35:48.857 (index):884 ATTRIBUTEACCESSRELEASED_4
16:35:48.859 (index):905 UPDATE_0
16:35:48.860 (index):908 UPDATE_1
16:35:48.860 (index):908 UPDATE_2
16:35:48.861 (index):908 UPDATE_3
16:35:48.861 (index):941 NODEACCESSREQUESTED_4
16:35:48.864 (index):880 NODEACCESSRELEASED_0
16:35:48.864 (index):884 ATTRIBUTEACCESSRELEASED_1
16:35:48.865 (index):884 ATTRIBUTEACCESSRELEASED_2
16:35:48.865 (index):884 ATTRIBUTEACCESSRELEASED_3
16:35:48.866 (index):905 UPDATE_4
16:35:48.868 (index):935 ATTRIBUTEACCESSREQUESTED_0
16:35:48.869 (index):935 ATTRIBUTEACCESSREQUESTED_1
16:35:48.869 (index):935 ATTRIBUTEACCESSREQUESTED_2
16:35:48.870 (index):941 NODEACCESSREQUESTED_3
16:35:48.871 (index):880 NODEACCESSRELEASED_4
16:35:48.873 (index):908 UPDATE_0
16:35:48.873 (index):908 UPDATE_1
16:35:48.874 (index):908 UPDATE_2
16:35:48.875 (index):905 UPDATE_3
16:35:48.875 (index):941 NODEACCESSREQUESTED_4
16:35:48.878 (index):884 ATTRIBUTEACCESSRELEASED_0
16:35:48.878 (index):884 ATTRIBUTEACCESSRELEASED_1
16:35:48.879 (index):884 ATTRIBUTEACCESSRELEASED_2
16:35:48.879 (index):880 NODEACCESSRELEASED_3
16:35:48.880 (index):905 UPDATE_4
16:35:48.882 (index):941 NODEACCESSREQUESTED_0
16:35:48.883 (index):941 NODEACCESSREQUESTED_1
16:35:48.883 (index):941 NODEACCESSREQUESTED_2
16:35:48.884 (index):935 ATTRIBUTEACCESSREQUESTED_3
16:35:48.884 (index):880 NODEACCESSRELEASED_4
16:35:48.887 (index):905 UPDATE_0
16:35:48.887 (index):905 UPDATE_1
16:35:48.888 (index):905 UPDATE_2
16:35:48.888 (index):908 UPDATE_3
16:35:48.889 (index):941 NODEACCESSREQUESTED_4
16:35:48.891 (index):880 NODEACCESSRELEASED_0
16:35:48.892 (index):880 NODEACCESSRELEASED_1
16:35:48.893 (index):880 NODEACCESSRELEASED_2
16:35:48.893 (index):884 ATTRIBUTEACCESSRELEASED_3
16:35:48.894 (index):905 UPDATE_4
16:35:48.896 (index):941 NODEACCESSREQUESTED_0
16:35:48.897 (index):941 NODEACCESSREQUESTED_1
16:35:48.897 (index):935 ATTRIBUTEACCESSREQUESTED_2
16:35:48.898 (index):941 NODEACCESSREQUESTED_3
16:35:48.898 (index):880 NODEACCESSRELEASED_4
16:35:48.901 (index):905 UPDATE_0
16:35:48.901 (index):905 UPDATE_1
16:35:48.902 (index):908 UPDATE_2
16:35:48.902 (index):905 UPDATE_3
16:35:48.903 (index):935 ATTRIBUTEACCESSREQUESTED_4
16:35:48.905 (index):880 NODEACCESSRELEASED_0
16:35:48.906 (index):880 NODEACCESSRELEASED_1
16:35:48.906 (index):884 ATTRIBUTEACCESSRELEASED_2
16:35:48.907 (index):880 NODEACCESSRELEASED_3
16:35:48.907 (index):908 UPDATE_4
16:35:48.910 (index):941 NODEACCESSREQUESTED_0
16:35:48.911 (index):941 NODEACCESSREQUESTED_1
16:35:48.911 (index):935 ATTRIBUTEACCESSREQUESTED_2
16:35:48.912 (index):941 NODEACCESSREQUESTED_3
16:35:48.913 (index):884 ATTRIBUTEACCESSRELEASED_4
16:35:48.915 (index):905 UPDATE_0
16:35:48.916 (index):905 UPDATE_1
16:35:48.916 (index):908 UPDATE_2
16:35:48.917 (index):905 UPDATE_3
16:35:48.917 (index):941 NODEACCESSREQUESTED_4
16:35:48.921 (index):880 NODEACCESSRELEASED_0
16:35:48.922 (index):880 NODEACCESSRELEASED_1
16:35:48.923 (index):884 ATTRIBUTEACCESSRELEASED_2
16:35:48.925 (index):880 NODEACCESSRELEASED_3
16:35:48.926 (index):905 UPDATE_4
16:35:48.927 (index):935 ATTRIBUTEACCESSREQUESTED_0
16:35:48.928 (index):941 NODEACCESSREQUESTED_1
16:35:48.929 (index):935 ATTRIBUTEACCESSREQUESTED_2
16:35:48.930 (index):941 NODEACCESSREQUESTED_3
16:35:48.932 (index):880 NODEACCESSRELEASED_4
16:35:48.932 (index):908 UPDATE_0
16:35:48.933 (index):905 UPDATE_1
16:35:48.934 (index):908 UPDATE_2
16:35:48.935 (index):905 UPDATE_3
16:35:48.936 (index):935 ATTRIBUTEACCESSREQUESTED_4
16:35:48.937 (index):884 ATTRIBUTEACCESSRELEASED_0
16:35:48.938 (index):880 NODEACCESSRELEASED_1
16:35:48.939 (index):884 ATTRIBUTEACCESSRELEASED_2
16:35:48.941 (index):880 NODEACCESSRELEASED_3
16:35:48.942 (index):908 UPDATE_4
16:35:48.944 (index):941 NODEACCESSREQUESTED_0
16:35:48.945 (index):941 NODEACCESSREQUESTED_1
16:35:48.947 (index):941 NODEACCESSREQUESTED_2
16:35:48.948 (index):941 NODEACCESSREQUESTED_3
16:35:48.949 (index):884 ATTRIBUTEACCESSRELEASED_4
16:35:48.950 (index):905 UPDATE_0
16:35:48.950 (index):905 UPDATE_1
16:35:48.952 (index):905 UPDATE_2
16:35:48.953 (index):905 UPDATE_3
16:35:48.954 (index):935 ATTRIBUTEACCESSREQUESTED_4
16:35:48.955 (index):880 NODEACCESSRELEASED_0
16:35:48.956 (index):880 NODEACCESSRELEASED_1
16:35:48.957 (index):880 NODEACCESSRELEASED_2
16:35:48.958 (index):880 NODEACCESSRELEASED_3
16:35:48.959 (index):908 UPDATE_4
16:35:48.960 (index):941 NODEACCESSREQUESTED_0
16:35:48.961 (index):935 ATTRIBUTEACCESSREQUESTED_1
16:35:48.963 (index):941 NODEACCESSREQUESTED_2
16:35:48.964 (index):935 ATTRIBUTEACCESSREQUESTED_3
16:35:48.965 (index):884 ATTRIBUTEACCESSRELEASED_4
16:35:48.967 (index):905 UPDATE_0
16:35:48.968 (index):908 UPDATE_1
16:35:48.969 (index):905 UPDATE_2
16:35:48.970 (index):908 UPDATE_3
16:35:48.971 (index):941 NODEACCESSREQUESTED_4
16:35:48.972 (index):880 NODEACCESSRELEASED_0
16:35:48.973 (index):884 ATTRIBUTEACCESSRELEASED_1
16:35:48.974 (index):880 NODEACCESSRELEASED_2
16:35:48.975 (index):884 ATTRIBUTEACCESSRELEASED_3
16:35:48.976 (index):905 UPDATE_4
16:35:48.977 (index):935 ATTRIBUTEACCESSREQUESTED_0
16:35:48.978 (index):941 NODEACCESSREQUESTED_1
16:35:48.979 (index):941 NODEACCESSREQUESTED_2
16:35:48.980 (index):935 ATTRIBUTEACCESSREQUESTED_3
16:35:48.981 (index):880 NODEACCESSRELEASED_4
16:35:48.982 (index):908 UPDATE_0
16:35:48.983 (index):905 UPDATE_1
16:35:48.984 (index):905 UPDATE_2
16:35:48.985 (index):908 UPDATE_3
16:35:48.986 (index):941 NODEACCESSREQUESTED_4
16:35:48.988 (index):978 END_0
16:35:48.989 (index):978 END_1
16:35:48.990 (index):978 END_2
16:35:48.991 (index):978 END_3
16:35:48.992 (index):905 UPDATE_4
16:35:48.997 (index):978 END_4
