16:35:49.211 (index):3407 Tasks: 25; Collaborators: 5    =========================>
16:35:49.212 (index):941 NODEACCESSREQUESTED_0
16:35:49.213 (index):941 NODEACCESSREQUESTED_1
16:35:49.213 (index):935 ATTRIBUTEACCESSREQUESTED_2
16:35:49.214 (index):935 ATTRIBUTEACCESSREQUESTED_3
16:35:49.214 (index):935 ATTRIBUTEACCESSREQUESTED_4
16:35:49.217 (index):880 NODEACCESSRELEASED_0
16:35:49.218 (index):880 NODEACCESSRELEASED_1
16:35:49.219 (index):884 ATTRIBUTEACCESSRELEASED_2
16:35:49.220 (index):884 ATTRIBUTEACCESSRELEASED_3
16:35:49.221 (index):884 ATTRIBUTEACCESSRELEASED_4
16:35:49.222 (index):941 NODEACCESSREQUESTED_0
16:35:49.223 (index):941 NODEACCESSREQUESTED_1
16:35:49.224 (index):935 ATTRIBUTEACCESSREQUESTED_2
16:35:49.225 (index):935 ATTRIBUTEACCESSREQUESTED_3
16:35:49.225 (index):935 ATTRIBUTEACCESSREQUESTED_4
16:35:49.227 (index):905 UPDATE_0
16:35:49.228 (index):905 UPDATE_1
16:35:49.228 (index):908 UPDATE_2
16:35:49.229 (index):908 UPDATE_3
16:35:49.230 (index):908 UPDATE_4
16:35:49.231 (index):880 NODEACCESSRELEASED_0
16:35:49.232 (index):880 NODEACCESSRELEASED_1
16:35:49.233 (index):884 ATTRIBUTEACCESSRELEASED_2
16:35:49.234 (index):884 ATTRIBUTEACCESSRELEASED_3
16:35:49.234 (index):884 ATTRIBUTEACCESSRELEASED_4
16:35:49.236 (index):941 NODEACCESSREQUESTED_0
16:35:49.237 (index):941 NODEACCESSREQUESTED_1
16:35:49.237 (index):941 NODEACCESSREQUESTED_2
16:35:49.238 (index):941 NODEACCESSREQUESTED_3
16:35:49.239 (index):935 ATTRIBUTEACCESSREQUESTED_4
16:35:49.240 (index):905 UPDATE_0
16:35:49.241 (index):905 UPDATE_1
16:35:49.242 (index):967 WAITING_2
16:35:49.243 (index):905 UPDATE_3
16:35:49.243 (index):908 UPDATE_4
16:35:49.245 (index):880 NODEACCESSRELEASED_0
16:35:49.246 (index):880 NODEACCESSRELEASED_1
16:35:49.246 (index):967 WAITING_2
16:35:49.247 (index):880 NODEACCESSRELEASED_3
16:35:49.248 (index):884 ATTRIBUTEACCESSRELEASED_4
16:35:49.250 (index):935 ATTRIBUTEACCESSREQUESTED_0
16:35:49.250 (index):941 NODEACCESSREQUESTED_1
16:35:49.251 (index):905 UPDATE_2
16:35:49.252 (index):941 NODEACCESSREQUESTED_3
16:35:49.253 (index):941 NODEACCESSREQUESTED_4
16:35:49.254 (index):967 WAITING_0
16:35:49.255 (index):967 WAITING_1
16:35:49.256 (index):880 NODEACCESSRELEASED_2
16:35:49.257 (index):967 WAITING_3
16:35:49.257 (index):905 UPDATE_4
16:35:49.259 (index):908 UPDATE_0
16:35:49.259 (index):905 UPDATE_1
16:35:49.260 (index):941 NODEACCESSREQUESTED_2
16:35:49.261 (index):967 WAITING_3
16:35:49.262 (index):880 NODEACCESSRELEASED_4
16:35:49.263 (index):884 ATTRIBUTEACCESSRELEASED_0
16:35:49.264 (index):880 NODEACCESSRELEASED_1
16:35:49.265 (index):905 UPDATE_2
16:35:49.266 (index):967 WAITING_3
16:35:49.266 (index):935 ATTRIBUTEACCESSREQUESTED_4
16:35:49.268 (index):941 NODEACCESSREQUESTED_0
16:35:49.269 (index):941 NODEACCESSREQUESTED_1
16:35:49.270 (index):880 NODEACCESSRELEASED_2
16:35:49.270 (index):967 WAITING_3
16:35:49.271 (index):908 UPDATE_4
16:35:49.273 (index):905 UPDATE_0
16:35:49.273 (index):905 UPDATE_1
16:35:49.274 (index):941 NODEACCESSREQUESTED_2
16:35:49.275 (index):967 WAITING_3
16:35:49.276 (index):884 ATTRIBUTEACCESSRELEASED_4
16:35:49.277 (index):880 NODEACCESSRELEASED_0
16:35:49.278 (index):880 NODEACCESSRELEASED_1
16:35:49.279 (index):905 UPDATE_2
16:35:49.279 (index):967 WAITING_3
16:35:49.280 (index):941 NODEACCESSREQUESTED_4
16:35:49.282 (index):941 NODEACCESSREQUESTED_0
16:35:49.283 (index):935 ATTRIBUTEACCESSREQUESTED_1
16:35:49.283 (index):880 NODEACCESSRELEASED_2
16:35:49.284 (index):967 WAITING_3
16:35:49.285 (index):905 UPDATE_4
16:35:49.287 (index):905 UPDATE_0
16:35:49.287 (index):908 UPDATE_1
16:35:49.288 (index):935 ATTRIBUTEACCESSREQUESTED_2
16:35:49.289 (index):967 WAITING_3
16:35:49.289 (index):880 NODEACCESSRELEASED_4
16:35:49.291 (index):880 NODEACCESSRELEASED_0
16:35:49.292 (index):884 ATTRIBUTEACCESSRELEASED_1
16:35:49.293 (index):908 UPDATE_2
16:35:49.293 (index):905 UPDATE_3
16:35:49.294 (index):941 NODEACCESSREQUESTED_4
16:35:49.296 (index):935 ATTRIBUTEACCESSREQUESTED_0
16:35:49.297 (index):935 ATTRIBUTEACCESSREQUESTED_1
16:35:49.297 (index):884 ATTRIBUTEACCESSRELEASED_2
16:35:49.298 (index):880 NODEACCESSRELEASED_3
16:35:49.298 (index):905 UPDATE_4
16:35:49.300 (index):908 UPDATE_0
16:35:49.301 (index):967 WAITING_1
16:35:49.302 (index):935 ATTRIBUTEACCESSREQUESTED_2
16:35:49.302 (index):935 ATTRIBUTEACCESSREQUESTED_3
16:35:49.303 (index):880 NODEACCESSRELEASED_4
16:35:49.305 (index):884 ATTRIBUTEACCESSRELEASED_0
16:35:49.306 (index):908 UPDATE_1
16:35:49.306 (index):908 UPDATE_2
16:35:49.307 (index):908 UPDATE_3
16:35:49.308 (index):941 NODEACCESSREQUESTED_4
16:35:49.310 (index):941 NODEACCESSREQUESTED_0
16:35:49.310 (index):884 ATTRIBUTEACCESSRELEASED_1
16:35:49.311 (index):884 ATTRIBUTEACCESSRELEASED_2
16:35:49.312 (index):884 ATTRIBUTEACCESSRELEASED_3
16:35:49.312 (index):905 UPDATE_4
16:35:49.314 (index):905 UPDATE_0
16:35:49.315 (index):941 NODEACCESSREQUESTED_1
16:35:49.316 (index):941 NODEACCESSREQUESTED_2
16:35:49.316 (index):935 ATTRIBUTEACCESSREQUESTED_3
16:35:49.317 (index):880 NODEACCESSRELEASED_4
16:35:49.319 (index):880 NODEACCESSRELEASED_0
16:35:49.320 (index):905 UPDATE_1
16:35:49.320 (index):905 UPDATE_2
16:35:49.321 (index):908 UPDATE_3
16:35:49.322 (index):935 ATTRIBUTEACCESSREQUESTED_4
16:35:49.324 (index):941 NODEACCESSREQUESTED_0
16:35:49.324 (index):880 NODEACCESSRELEASED_1
16:35:49.325 (index):880 NODEACCESSRELEASED_2
16:35:49.326 (index):884 ATTRIBUTEACCESSRELEASED_3
16:35:49.326 (index):908 UPDATE_4
16:35:49.328 (index):905 UPDATE_0
16:35:49.329 (index):941 NODEACCESSREQUESTED_1
16:35:49.330 (index):935 ATTRIBUTEACCESSREQUESTED_2
16:35:49.330 (index):941 NODEACCESSREQUESTED_3
16:35:49.331 (index):884 ATTRIBUTEACCESSRELEASED_4
16:35:49.333 (index):880 NODEACCESSRELEASED_0
16:35:49.334 (index):905 UPDATE_1
16:35:49.334 (index):908 UPDATE_2
16:35:49.335 (index):905 UPDATE_3
16:35:49.336 (index):941 NODEACCESSREQUESTED_4
16:35:49.337 (index):941 NODEACCESSREQUESTED_0
16:35:49.338 (index):880 NODEACCESSRELEASED_1
16:35:49.339 (index):884 ATTRIBUTEACCESSRELEASED_2
16:35:49.340 (index):880 NODEACCESSRELEASED_3
16:35:49.340 (index):905 UPDATE_4
16:35:49.342 (index):905 UPDATE_0
16:35:49.343 (index):941 NODEACCESSREQUESTED_1
16:35:49.343 (index):935 ATTRIBUTEACCESSREQUESTED_2
16:35:49.344 (index):935 ATTRIBUTEACCESSREQUESTED_3
16:35:49.345 (index):880 NODEACCESSRELEASED_4
16:35:49.347 (index):880 NODEACCESSRELEASED_0
16:35:49.347 (index):905 UPDATE_1
16:35:49.348 (index):908 UPDATE_2
16:35:49.349 (index):908 UPDATE_3
16:35:49.350 (index):935 ATTRIBUTEACCESSREQUESTED_4
16:35:49.351 (index):935 ATTRIBUTEACCESSREQUESTED_0
16:35:49.352 (index):880 NODEACCESSRELEASED_1
16:35:49.353 (index):884 ATTRIBUTEACCESSRELEASED_2
16:35:49.353 (index):884 ATTRIBUTEACCESSRELEASED_3
16:35:49.354 (index):908 UPDATE_4
16:35:49.356 (index):908 UPDATE_0
16:35:49.357 (index):941 NODEACCESSREQUESTED_1
16:35:49.357 (index):935 ATTRIBUTEACCESSREQUESTED_2
16:35:49.358 (index):941 NODEACCESSREQUESTED_3
16:35:49.359 (index):884 ATTRIBUTEACCESSRELEASED_4
16:35:49.360 (index):884 ATTRIBUTEACCESSRELEASED_0
16:35:49.361 (index):905 UPDATE_1
16:35:49.362 (index):908 UPDATE_2
16:35:49.362 (index):905 UPDATE_3
16:35:49.363 (index):935 ATTRIBUTEACCESSREQUESTED_4
16:35:49.365 (index):941 NODEACCESSREQUESTED_0
16:35:49.366 (index):880 NODEACCESSRELEASED_1
16:35:49.366 (index):884 ATTRIBUTEACCESSRELEASED_2
16:35:49.367 (index):880 NODEACCESSRELEASED_3
16:35:49.368 (index):908 UPDATE_4
16:35:49.370 (index):905 UPDATE_0
16:35:49.370 (index):941 NODEACCESSREQUESTED_1
16:35:49.371 (index):941 NODEACCESSREQUESTED_2
16:35:49.372 (index):941 NODEACCESSREQUESTED_3
16:35:49.372 (index):884 ATTRIBUTEACCESSRELEASED_4
16:35:49.374 (index):880 NODEACCESSRELEASED_0
16:35:49.375 (index):905 UPDATE_1
16:35:49.375 (index):905 UPDATE_2
16:35:49.376 (index):905 UPDATE_3
16:35:49.377 (index):941 NODEACCESSREQUESTED_4
16:35:49.379 (index):941 NODEACCESSREQUESTED_0
16:35:49.380 (index):880 NODEACCESSRELEASED_1
16:35:49.380 (index):880 NODEACCESSRELEASED_2
16:35:49.381 (index):880 NODEACCESSRELEASED_3
16:35:49.381 (index):905 UPDATE_4
16:35:49.383 (index):905 UPDATE_0
16:35:49.384 (index):935 ATTRIBUTEACCESSREQUESTED_1
16:35:49.384 (index):941 NODEACCESSREQUESTED_2
16:35:49.385 (index):941 NODEACCESSREQUESTED_3
16:35:49.386 (index):880 NODEACCESSRELEASED_4
16:35:49.388 (index):880 NODEACCESSRELEASED_0
16:35:49.389 (index):908 UPDATE_1
16:35:49.389 (index):905 UPDATE_2
16:35:49.390 (index):905 UPDATE_3
16:35:49.390 (index):941 NODEACCESSREQUESTED_4
16:35:49.392 (index):935 ATTRIBUTEACCESSREQUESTED_0
16:35:49.393 (index):884 ATTRIBUTEACCESSRELEASED_1
16:35:49.394 (index):880 NODEACCESSRELEASED_2
16:35:49.394 (index):880 NODEACCESSRELEASED_3
16:35:49.395 (index):905 UPDATE_4
16:35:49.397 (index):908 UPDATE_0
16:35:49.398 (index):941 NODEACCESSREQUESTED_1
16:35:49.398 (index):941 NODEACCESSREQUESTED_2
16:35:49.399 (index):941 NODEACCESSREQUESTED_3
16:35:49.400 (index):978 END_4
16:35:49.402 (index):978 END_0
16:35:49.402 (index):905 UPDATE_1
16:35:49.403 (index):905 UPDATE_2
16:35:49.403 (index):905 UPDATE_3
16:35:49.407 (index):978 END_1
16:35:49.408 (index):978 END_2
16:35:49.408 (index):880 NODEACCESSRELEASED_3
16:35:49.413 (index):935 ATTRIBUTEACCESSREQUESTED_3
16:35:49.417 (index):908 UPDATE_3
16:35:49.422 (index):884 ATTRIBUTEACCESSRELEASED_3
16:35:49.426 (index):935 ATTRIBUTEACCESSREQUESTED_3
16:35:49.431 (index):908 UPDATE_3
16:35:49.436 (index):978 END_3
