16:35:48.548 (index):3407 Tasks: 25; Collaborators: 5    =========================>
16:35:48.548 (index):941 NODEACCESSREQUESTED_0
16:35:48.549 (index):941 NODEACCESSREQUESTED_1
16:35:48.549 (index):935 ATTRIBUTEACCESSREQUESTED_2
16:35:48.550 (index):935 ATTRIBUTEACCESSREQUESTED_3
16:35:48.550 (index):935 ATTRIBUTEACCESSREQUESTED_4
16:35:48.553 (index):880 NODEACCESSRELEASED_0
16:35:48.554 (index):967 WAITING_1
16:35:48.554 (index):884 ATTRIBUTEACCESSRELEASED_2
16:35:48.555 (index):884 ATTRIBUTEACCESSRELEASED_3
16:35:48.556 (index):884 ATTRIBUTEACCESSRELEASED_4
16:35:48.558 (index):941 NODEACCESSREQUESTED_0
16:35:48.559 (index):880 NODEACCESSRELEASED_1
16:35:48.559 (index):935 ATTRIBUTEACCESSREQUESTED_2
16:35:48.560 (index):935 ATTRIBUTEACCESSREQUESTED_3
16:35:48.561 (index):935 ATTRIBUTEACCESSREQUESTED_4
16:35:48.563 (index):905 UPDATE_0
16:35:48.563 (index):941 NODEACCESSREQUESTED_1
16:35:48.564 (index):908 UPDATE_2
16:35:48.565 (index):908 UPDATE_3
16:35:48.565 (index):908 UPDATE_4
16:35:48.568 (index):880 NODEACCESSRELEASED_0
16:35:48.568 (index):905 UPDATE_1
16:35:48.569 (index):884 ATTRIBUTEACCESSRELEASED_2
16:35:48.569 (index):884 ATTRIBUTEACCESSRELEASED_3
16:35:48.570 (index):884 ATTRIBUTEACCESSRELEASED_4
16:35:48.572 (index):941 NODEACCESSREQUESTED_0
16:35:48.573 (index):880 NODEACCESSRELEASED_1
16:35:48.574 (index):941 NODEACCESSREQUESTED_2
16:35:48.574 (index):941 NODEACCESSREQUESTED_3
16:35:48.575 (index):935 ATTRIBUTEACCESSREQUESTED_4
16:35:48.577 (index):905 UPDATE_0
16:35:48.578 (index):941 NODEACCESSREQUESTED_1
16:35:48.578 (index):905 UPDATE_2
16:35:48.579 (index):905 UPDATE_3
16:35:48.579 (index):908 UPDATE_4
16:35:48.582 (index):880 NODEACCESSRELEASED_0
16:35:48.582 (index):905 UPDATE_1
16:35:48.583 (index):880 NODEACCESSRELEASED_2
16:35:48.584 (index):880 NODEACCESSRELEASED_3
16:35:48.584 (index):884 ATTRIBUTEACCESSRELEASED_4
16:35:48.586 (index):935 ATTRIBUTEACCESSREQUESTED_0
16:35:48.587 (index):880 NODEACCESSRELEASED_1
16:35:48.588 (index):941 NODEACCESSREQUESTED_2
16:35:48.588 (index):941 NODEACCESSREQUESTED_3
16:35:48.589 (index):941 NODEACCESSREQUESTED_4
16:35:48.591 (index):908 UPDATE_0
16:35:48.592 (index):941 NODEACCESSREQUESTED_1
16:35:48.592 (index):905 UPDATE_2
16:35:48.593 (index):905 UPDATE_3
16:35:48.593 (index):967 WAITING_4
16:35:48.596 (index):884 ATTRIBUTEACCESSRELEASED_0
16:35:48.597 (index):905 UPDATE_1
16:35:48.598 (index):880 NODEACCESSRELEASED_2
16:35:48.598 (index):880 NODEACCESSRELEASED_3
16:35:48.599 (index):967 WAITING_4
16:35:48.601 (index):941 NODEACCESSREQUESTED_0
16:35:48.602 (index):880 NODEACCESSRELEASED_1
16:35:48.602 (index):941 NODEACCESSREQUESTED_2
16:35:48.603 (index):935 ATTRIBUTEACCESSREQUESTED_3
16:35:48.603 (index):967 WAITING_4
16:35:48.606 (index):905 UPDATE_0
16:35:48.606 (index):941 NODEACCESSREQUESTED_1
16:35:48.607 (index):905 UPDATE_2
16:35:48.607 (index):908 UPDATE_3
16:35:48.608 (index):967 WAITING_4
16:35:48.611 (index):880 NODEACCESSRELEASED_0
16:35:48.611 (index):967 WAITING_1
16:35:48.612 (index):880 NODEACCESSRELEASED_2
16:35:48.612 (index):884 ATTRIBUTEACCESSRELEASED_3
16:35:48.613 (index):905 UPDATE_4
16:35:48.615 (index):941 NODEACCESSREQUESTED_0
16:35:48.616 (index):967 WAITING_1
16:35:48.616 (index):935 ATTRIBUTEACCESSREQUESTED_2
16:35:48.617 (index):935 ATTRIBUTEACCESSREQUESTED_3
16:35:48.618 (index):880 NODEACCESSRELEASED_4
16:35:48.620 (index):967 WAITING_0
16:35:48.620 (index):905 UPDATE_1
16:35:48.621 (index):908 UPDATE_2
16:35:48.622 (index):967 WAITING_3
16:35:48.623 (index):935 ATTRIBUTEACCESSREQUESTED_4
16:35:48.625 (index):967 WAITING_0
16:35:48.626 (index):880 NODEACCESSRELEASED_1
16:35:48.626 (index):884 ATTRIBUTEACCESSRELEASED_2
16:35:48.627 (index):908 UPDATE_3
16:35:48.627 (index):908 UPDATE_4
16:35:48.629 (index):905 UPDATE_0
16:35:48.630 (index):935 ATTRIBUTEACCESSREQUESTED_1
16:35:48.631 (index):935 ATTRIBUTEACCESSREQUESTED_2
16:35:48.631 (index):884 ATTRIBUTEACCESSRELEASED_3
16:35:48.632 (index):884 ATTRIBUTEACCESSRELEASED_4
16:35:48.634 (index):880 NODEACCESSRELEASED_0
16:35:48.635 (index):908 UPDATE_1
16:35:48.635 (index):908 UPDATE_2
16:35:48.636 (index):941 NODEACCESSREQUESTED_3
16:35:48.637 (index):941 NODEACCESSREQUESTED_4
16:35:48.638 (index):935 ATTRIBUTEACCESSREQUESTED_0
16:35:48.639 (index):884 ATTRIBUTEACCESSRELEASED_1
16:35:48.640 (index):884 ATTRIBUTEACCESSRELEASED_2
16:35:48.641 (index):905 UPDATE_3
16:35:48.642 (index):905 UPDATE_4
16:35:48.643 (index):908 UPDATE_0
16:35:48.644 (index):935 ATTRIBUTEACCESSREQUESTED_1
16:35:48.645 (index):941 NODEACCESSREQUESTED_2
16:35:48.645 (index):880 NODEACCESSRELEASED_3
16:35:48.648 (index):880 NODEACCESSRELEASED_4
16:35:48.648 (index):884 ATTRIBUTEACCESSRELEASED_0
16:35:48.649 (index):908 UPDATE_1
16:35:48.650 (index):905 UPDATE_2
16:35:48.652 (index):935 ATTRIBUTEACCESSREQUESTED_3
16:35:48.652 (index):941 NODEACCESSREQUESTED_4
16:35:48.653 (index):941 NODEACCESSREQUESTED_0
16:35:48.654 (index):884 ATTRIBUTEACCESSRELEASED_1
16:35:48.655 (index):880 NODEACCESSRELEASED_2
16:35:48.656 (index):908 UPDATE_3
16:35:48.657 (index):905 UPDATE_4
16:35:48.658 (index):905 UPDATE_0
16:35:48.658 (index):941 NODEACCESSREQUESTED_1
16:35:48.659 (index):935 ATTRIBUTEACCESSREQUESTED_2
16:35:48.661 (index):884 ATTRIBUTEACCESSRELEASED_3
16:35:48.662 (index):880 NODEACCESSRELEASED_4
16:35:48.663 (index):880 NODEACCESSRELEASED_0
16:35:48.663 (index):905 UPDATE_1
16:35:48.664 (index):908 UPDATE_2
16:35:48.666 (index):941 NODEACCESSREQUESTED_3
16:35:48.666 (index):941 NODEACCESSREQUESTED_4
16:35:48.667 (index):941 NODEACCESSREQUESTED_0
16:35:48.668 (index):880 NODEACCESSRELEASED_1
16:35:48.669 (index):884 ATTRIBUTEACCESSRELEASED_2
16:35:48.670 (index):905 UPDATE_3
16:35:48.671 (index):905 UPDATE_4
16:35:48.672 (index):905 UPDATE_0
16:35:48.672 (index):941 NODEACCESSREQUESTED_1
16:35:48.673 (index):935 ATTRIBUTEACCESSREQUESTED_2
16:35:48.675 (index):880 NODEACCESSRELEASED_3
16:35:48.676 (index):880 NODEACCESSRELEASED_4
16:35:48.676 (index):880 NODEACCESSRELEASED_0
16:35:48.677 (index):905 UPDATE_1
16:35:48.678 (index):908 UPDATE_2
16:35:48.680 (index):941 NODEACCESSREQUESTED_3
16:35:48.680 (index):935 ATTRIBUTEACCESSREQUESTED_4
16:35:48.681 (index):941 NODEACCESSREQUESTED_0
16:35:48.682 (index):880 NODEACCESSRELEASED_1
16:35:48.682 (index):884 ATTRIBUTEACCESSRELEASED_2
16:35:48.684 (index):905 UPDATE_3
16:35:48.685 (index):908 UPDATE_4
16:35:48.686 (index):905 UPDATE_0
16:35:48.686 (index):941 NODEACCESSREQUESTED_1
16:35:48.687 (index):935 ATTRIBUTEACCESSREQUESTED_2
16:35:48.689 (index):880 NODEACCESSRELEASED_3
16:35:48.689 (index):884 ATTRIBUTEACCESSRELEASED_4
16:35:48.690 (index):880 NODEACCESSRELEASED_0
16:35:48.691 (index):905 UPDATE_1
16:35:48.692 (index):908 UPDATE_2
16:35:48.693 (index):941 NODEACCESSREQUESTED_3
16:35:48.694 (index):941 NODEACCESSREQUESTED_4
16:35:48.695 (index):935 ATTRIBUTEACCESSREQUESTED_0
16:35:48.696 (index):880 NODEACCESSRELEASED_1
16:35:48.696 (index):884 ATTRIBUTEACCESSRELEASED_2
16:35:48.698 (index):905 UPDATE_3
16:35:48.699 (index):905 UPDATE_4
16:35:48.699 (index):908 UPDATE_0
16:35:48.700 (index):941 NODEACCESSREQUESTED_1
16:35:48.701 (index):941 NODEACCESSREQUESTED_2
16:35:48.703 (index):880 NODEACCESSRELEASED_3
16:35:48.703 (index):880 NODEACCESSRELEASED_4
16:35:48.704 (index):884 ATTRIBUTEACCESSRELEASED_0
16:35:48.705 (index):905 UPDATE_1
16:35:48.706 (index):905 UPDATE_2
16:35:48.707 (index):941 NODEACCESSREQUESTED_3
16:35:48.708 (index):935 ATTRIBUTEACCESSREQUESTED_4
16:35:48.709 (index):941 NODEACCESSREQUESTED_0
16:35:48.710 (index):880 NODEACCESSRELEASED_1
16:35:48.711 (index):880 NODEACCESSRELEASED_2
16:35:48.712 (index):905 UPDATE_3
16:35:48.713 (index):908 UPDATE_4
16:35:48.714 (index):905 UPDATE_0
16:35:48.715 (index):941 NODEACCESSREQUESTED_1
16:35:48.716 (index):941 NODEACCESSREQUESTED_2
16:35:48.717 (index):880 NODEACCESSRELEASED_3
16:35:48.718 (index):884 ATTRIBUTEACCESSRELEASED_4
16:35:48.719 (index):880 NODEACCESSRELEASED_0
16:35:48.720 (index):905 UPDATE_1
16:35:48.721 (index):967 WAITING_2
16:35:48.722 (index):935 ATTRIBUTEACCESSREQUESTED_3
16:35:48.723 (index):935 ATTRIBUTEACCESSREQUESTED_4
16:35:48.724 (index):941 NODEACCESSREQUESTED_0
16:35:48.725 (index):880 NODEACCESSRELEASED_1
16:35:48.725 (index):967 WAITING_2
16:35:48.727 (index):908 UPDATE_3
16:35:48.727 (index):908 UPDATE_4
16:35:48.728 (index):967 WAITING_0
16:35:48.729 (index):935 ATTRIBUTEACCESSREQUESTED_1
16:35:48.730 (index):967 WAITING_2
16:35:48.731 (index):884 ATTRIBUTEACCESSRELEASED_3
16:35:48.732 (index):884 ATTRIBUTEACCESSRELEASED_4
16:35:48.733 (index):967 WAITING_0
16:35:48.734 (index):908 UPDATE_1
16:35:48.734 (index):967 WAITING_2
16:35:48.736 (index):935 ATTRIBUTEACCESSREQUESTED_3
16:35:48.737 (index):941 NODEACCESSREQUESTED_4
16:35:48.737 (index):967 WAITING_0
16:35:48.738 (index):884 ATTRIBUTEACCESSRELEASED_1
16:35:48.739 (index):967 WAITING_2
16:35:48.740 (index):908 UPDATE_3
16:35:48.741 (index):905 UPDATE_4
16:35:48.742 (index):967 WAITING_0
16:35:48.743 (index):941 NODEACCESSREQUESTED_1
16:35:48.743 (index):967 WAITING_2
16:35:48.745 (index):978 END_3
16:35:48.746 (index):880 NODEACCESSRELEASED_4
16:35:48.746 (index):967 WAITING_0
16:35:48.748 (index):905 UPDATE_1
16:35:48.748 (index):967 WAITING_2
16:35:48.750 (index):941 NODEACCESSREQUESTED_4
16:35:48.751 (index):967 WAITING_0
16:35:48.752 (index):978 END_1
16:35:48.753 (index):967 WAITING_2
16:35:48.755 (index):905 UPDATE_4
16:35:48.756 (index):967 WAITING_0
16:35:48.757 (index):967 WAITING_2
16:35:48.760 (index):978 END_4
16:35:48.761 (index):967 WAITING_0
16:35:48.762 (index):905 UPDATE_2
16:35:48.765 (index):967 WAITING_0
16:35:48.767 (index):880 NODEACCESSRELEASED_2
16:35:48.770 (index):905 UPDATE_0
16:35:48.771 (index):941 NODEACCESSREQUESTED_2
16:35:48.774 (index):880 NODEACCESSRELEASED_0
16:35:48.776 (index):905 UPDATE_2
16:35:48.779 (index):935 ATTRIBUTEACCESSREQUESTED_0
16:35:48.780 (index):978 END_2
16:35:48.784 (index):908 UPDATE_0
16:35:48.788 (index):978 END_0
