16:35:49.713 (index):3407 Tasks: 25; Collaborators: 5    =========================>
16:35:49.713 (index):941 NODEACCESSREQUESTED_0
16:35:49.714 (index):941 NODEACCESSREQUESTED_1
16:35:49.715 (index):935 ATTRIBUTEACCESSREQUESTED_2
16:35:49.716 (index):935 ATTRIBUTEACCESSREQUESTED_3
16:35:49.717 (index):935 ATTRIBUTEACCESSREQUESTED_4
16:35:49.718 (index):880 NODEACCESSRELEASED_0
16:35:49.720 (index):880 NODEACCESSRELEASED_1
16:35:49.720 (index):884 ATTRIBUTEACCESSRELEASED_2
16:35:49.721 (index):884 ATTRIBUTEACCESSRELEASED_3
16:35:49.721 (index):884 ATTRIBUTEACCESSRELEASED_4
16:35:49.723 (index):941 NODEACCESSREQUESTED_0
16:35:49.724 (index):941 NODEACCESSREQUESTED_1
16:35:49.725 (index):935 ATTRIBUTEACCESSREQUESTED_2
16:35:49.725 (index):935 ATTRIBUTEACCESSREQUESTED_3
16:35:49.726 (index):935 ATTRIBUTEACCESSREQUESTED_4
16:35:49.728 (index):905 UPDATE_0
16:35:49.729 (index):905 UPDATE_1
16:35:49.729 (index):908 UPDATE_2
16:35:49.730 (index):908 UPDATE_3
16:35:49.730 (index):908 UPDATE_4
16:35:49.733 (index):880 NODEACCESSRELEASED_0
16:35:49.733 (index):880 NODEACCESSRELEASED_1
16:35:49.734 (index):884 ATTRIBUTEACCESSRELEASED_2
16:35:49.734 (index):884 ATTRIBUTEACCESSRELEASED_3
16:35:49.735 (index):884 ATTRIBUTEACCESSRELEASED_4
16:35:49.737 (index):941 NODEACCESSREQUESTED_0
16:35:49.738 (index):941 NODEACCESSREQUESTED_1
16:35:49.738 (index):941 NODEACCESSREQUESTED_2
16:35:49.739 (index):941 NODEACCESSREQUESTED_3
16:35:49.740 (index):935 ATTRIBUTEACCESSREQUESTED_4
16:35:49.742 (index):905 UPDATE_0
16:35:49.742 (index):905 UPDATE_1
16:35:49.743 (index):905 UPDATE_2
16:35:49.743 (index):905 UPDATE_3
16:35:49.744 (index):908 UPDATE_4
16:35:49.746 (index):880 NODEACCESSRELEASED_0
16:35:49.747 (index):880 NODEACCESSRELEASED_1
16:35:49.748 (index):880 NODEACCESSRELEASED_2
16:35:49.748 (index):880 NODEACCESSRELEASED_3
16:35:49.749 (index):884 ATTRIBUTEACCESSRELEASED_4
16:35:49.751 (index):935 ATTRIBUTEACCESSREQUESTED_0
16:35:49.752 (index):941 NODEACCESSREQUESTED_1
16:35:49.752 (index):941 NODEACCESSREQUESTED_2
16:35:49.755 (index):941 NODEACCESSREQUESTED_3
16:35:49.757 (index):941 NODEACCESSREQUESTED_4
16:35:49.757 (index):908 UPDATE_0
16:35:49.758 (index):905 UPDATE_1
16:35:49.759 (index):905 UPDATE_2
16:35:49.761 (index):905 UPDATE_3
16:35:49.761 (index):905 UPDATE_4
16:35:49.762 (index):884 ATTRIBUTEACCESSRELEASED_0
16:35:49.763 (index):880 NODEACCESSRELEASED_1
16:35:49.764 (index):880 NODEACCESSRELEASED_2
16:35:49.765 (index):880 NODEACCESSRELEASED_3
16:35:49.766 (index):880 NODEACCESSRELEASED_4
16:35:49.767 (index):941 NODEACCESSREQUESTED_0
16:35:49.768 (index):941 NODEACCESSREQUESTED_1
16:35:49.768 (index):941 NODEACCESSREQUESTED_2
16:35:49.770 (index):935 ATTRIBUTEACCESSREQUESTED_3
16:35:49.771 (index):935 ATTRIBUTEACCESSREQUESTED_4
16:35:49.772 (index):905 UPDATE_0
16:35:49.772 (index):905 UPDATE_1
16:35:49.773 (index):905 UPDATE_2
16:35:49.775 (index):908 UPDATE_3
16:35:49.775 (index):908 UPDATE_4
16:35:49.776 (index):880 NODEACCESSRELEASED_0
16:35:49.777 (index):880 NODEACCESSRELEASED_1
16:35:49.778 (index):880 NODEACCESSRELEASED_2
16:35:49.779 (index):884 ATTRIBUTEACCESSRELEASED_3
16:35:49.780 (index):884 ATTRIBUTEACCESSRELEASED_4
16:35:49.781 (index):941 NODEACCESSREQUESTED_0
16:35:49.782 (index):935 ATTRIBUTEACCESSREQUESTED_1
16:35:49.782 (index):935 ATTRIBUTEACCESSREQUESTED_2
16:35:49.784 (index):935 ATTRIBUTEACCESSREQUESTED_3
16:35:49.784 (index):941 NODEACCESSREQUESTED_4
16:35:49.785 (index):905 UPDATE_0
16:35:49.786 (index):908 UPDATE_1
16:35:49.787 (index):908 UPDATE_2
16:35:49.788 (index):908 UPDATE_3
16:35:49.789 (index):905 UPDATE_4
16:35:49.790 (index):880 NODEACCESSRELEASED_0
16:35:49.791 (index):884 ATTRIBUTEACCESSRELEASED_1
16:35:49.791 (index):884 ATTRIBUTEACCESSRELEASED_2
16:35:49.793 (index):884 ATTRIBUTEACCESSRELEASED_3
16:35:49.794 (index):880 NODEACCESSRELEASED_4
16:35:49.795 (index):935 ATTRIBUTEACCESSREQUESTED_0
16:35:49.795 (index):935 ATTRIBUTEACCESSREQUESTED_1
16:35:49.796 (index):935 ATTRIBUTEACCESSREQUESTED_2
16:35:49.797 (index):941 NODEACCESSREQUESTED_3
16:35:49.798 (index):941 NODEACCESSREQUESTED_4
16:35:49.799 (index):908 UPDATE_0
16:35:49.800 (index):908 UPDATE_1
16:35:49.801 (index):908 UPDATE_2
16:35:49.802 (index):905 UPDATE_3
16:35:49.803 (index):905 UPDATE_4
16:35:49.804 (index):884 ATTRIBUTEACCESSRELEASED_0
16:35:49.804 (index):884 ATTRIBUTEACCESSRELEASED_1
16:35:49.805 (index):884 ATTRIBUTEACCESSRELEASED_2
16:35:49.807 (index):880 NODEACCESSRELEASED_3
16:35:49.807 (index):880 NODEACCESSRELEASED_4
16:35:49.808 (index):941 NODEACCESSREQUESTED_0
16:35:49.809 (index):941 NODEACCESSREQUESTED_1
16:35:49.810 (index):941 NODEACCESSREQUESTED_2
16:35:49.811 (index):935 ATTRIBUTEACCESSREQUESTED_3
16:35:49.812 (index):941 NODEACCESSREQUESTED_4
16:35:49.813 (index):905 UPDATE_0
16:35:49.814 (index):905 UPDATE_1
16:35:49.814 (index):905 UPDATE_2
16:35:49.816 (index):908 UPDATE_3
16:35:49.817 (index):905 UPDATE_4
16:35:49.817 (index):880 NODEACCESSRELEASED_0
16:35:49.818 (index):880 NODEACCESSRELEASED_1
16:35:49.819 (index):880 NODEACCESSRELEASED_2
16:35:49.820 (index):884 ATTRIBUTEACCESSRELEASED_3
16:35:49.821 (index):880 NODEACCESSRELEASED_4
16:35:49.822 (index):941 NODEACCESSREQUESTED_0
16:35:49.823 (index):941 NODEACCESSREQUESTED_1
16:35:49.823 (index):935 ATTRIBUTEACCESSREQUESTED_2
16:35:49.825 (index):941 NODEACCESSREQUESTED_3
16:35:49.826 (index):935 ATTRIBUTEACCESSREQUESTED_4
16:35:49.827 (index):905 UPDATE_0
16:35:49.827 (index):905 UPDATE_1
16:35:49.828 (index):908 UPDATE_2
16:35:49.829 (index):905 UPDATE_3
16:35:49.830 (index):908 UPDATE_4
16:35:49.831 (index):880 NODEACCESSRELEASED_0
16:35:49.832 (index):880 NODEACCESSRELEASED_1
16:35:49.833 (index):884 ATTRIBUTEACCESSRELEASED_2
16:35:49.834 (index):880 NODEACCESSRELEASED_3
16:35:49.835 (index):884 ATTRIBUTEACCESSRELEASED_4
16:35:49.836 (index):941 NODEACCESSREQUESTED_0
16:35:49.836 (index):941 NODEACCESSREQUESTED_1
16:35:49.837 (index):935 ATTRIBUTEACCESSREQUESTED_2
16:35:49.838 (index):941 NODEACCESSREQUESTED_3
16:35:49.839 (index):941 NODEACCESSREQUESTED_4
16:35:49.840 (index):905 UPDATE_0
16:35:49.841 (index):905 UPDATE_1
16:35:49.842 (index):908 UPDATE_2
16:35:49.843 (index):905 UPDATE_3
16:35:49.844 (index):905 UPDATE_4
16:35:49.845 (index):880 NODEACCESSRELEASED_0
16:35:49.846 (index):880 NODEACCESSRELEASED_1
16:35:49.846 (index):884 ATTRIBUTEACCESSRELEASED_2
16:35:49.848 (index):880 NODEACCESSRELEASED_3
16:35:49.848 (index):880 NODEACCESSRELEASED_4
16:35:49.849 (index):935 ATTRIBUTEACCESSREQUESTED_0
16:35:49.850 (index):941 NODEACCESSREQUESTED_1
16:35:49.851 (index):935 ATTRIBUTEACCESSREQUESTED_2
16:35:49.852 (index):941 NODEACCESSREQUESTED_3
16:35:49.853 (index):935 ATTRIBUTEACCESSREQUESTED_4
16:35:49.854 (index):908 UPDATE_0
16:35:49.855 (index):905 UPDATE_1
16:35:49.855 (index):908 UPDATE_2
16:35:49.857 (index):905 UPDATE_3
16:35:49.857 (index):908 UPDATE_4
16:35:49.858 (index):884 ATTRIBUTEACCESSRELEASED_0
16:35:49.859 (index):880 NODEACCESSRELEASED_1
16:35:49.860 (index):884 ATTRIBUTEACCESSRELEASED_2
16:35:49.861 (index):880 NODEACCESSRELEASED_3
16:35:49.862 (index):884 ATTRIBUTEACCESSRELEASED_4
16:35:49.863 (index):941 NODEACCESSREQUESTED_0
16:35:49.864 (index):941 NODEACCESSREQUESTED_1
16:35:49.864 (index):941 NODEACCESSREQUESTED_2
16:35:49.869 (index):941 NODEACCESSREQUESTED_3
16:35:49.870 (index):935 ATTRIBUTEACCESSREQUESTED_4
16:35:49.871 (index):905 UPDATE_0
16:35:49.871 (index):905 UPDATE_1
16:35:49.872 (index):905 UPDATE_2
16:35:49.874 (index):967 WAITING_3
16:35:49.875 (index):908 UPDATE_4
16:35:49.875 (index):880 NODEACCESSRELEASED_0
16:35:49.876 (index):880 NODEACCESSRELEASED_1
16:35:49.877 (index):880 NODEACCESSRELEASED_2
16:35:49.879 (index):967 WAITING_3
16:35:49.880 (index):884 ATTRIBUTEACCESSRELEASED_4
16:35:49.880 (index):941 NODEACCESSREQUESTED_0
16:35:49.881 (index):935 ATTRIBUTEACCESSREQUESTED_1
16:35:49.881 (index):941 NODEACCESSREQUESTED_2
16:35:49.883 (index):905 UPDATE_3
16:35:49.884 (index):941 NODEACCESSREQUESTED_4
16:35:49.885 (index):967 WAITING_0
16:35:49.885 (index):967 WAITING_1
16:35:49.886 (index):967 WAITING_2
16:35:49.888 (index):880 NODEACCESSRELEASED_3
16:35:49.889 (index):905 UPDATE_4
16:35:49.889 (index):905 UPDATE_0
16:35:49.890 (index):908 UPDATE_1
16:35:49.890 (index):967 WAITING_2
16:35:49.893 (index):935 ATTRIBUTEACCESSREQUESTED_3
16:35:49.894 (index):880 NODEACCESSRELEASED_4
16:35:49.894 (index):880 NODEACCESSRELEASED_0
16:35:49.895 (index):884 ATTRIBUTEACCESSRELEASED_1
16:35:49.895 (index):905 UPDATE_2
16:35:49.898 (index):908 UPDATE_3
16:35:49.898 (index):941 NODEACCESSREQUESTED_4
16:35:49.899 (index):935 ATTRIBUTEACCESSREQUESTED_0
16:35:49.899 (index):941 NODEACCESSREQUESTED_1
16:35:49.900 (index):880 NODEACCESSRELEASED_2
16:35:49.902 (index):884 ATTRIBUTEACCESSRELEASED_3
16:35:49.903 (index):905 UPDATE_4
16:35:49.903 (index):908 UPDATE_0
16:35:49.904 (index):905 UPDATE_1
16:35:49.905 (index):941 NODEACCESSREQUESTED_2
16:35:49.907 (index):935 ATTRIBUTEACCESSREQUESTED_3
16:35:49.908 (index):978 END_4
16:35:49.908 (index):978 END_0
16:35:49.908 (index):978 END_1
16:35:49.909 (index):905 UPDATE_2
16:35:49.912 (index):908 UPDATE_3
16:35:49.914 (index):978 END_2
16:35:49.916 (index):978 END_3
