16:35:48.147 (index):3407 Tasks: 25; Collaborators: 5    =========================>
16:35:48.148 (index):941 NODEACCESSREQUESTED_0
16:35:48.149 (index):941 NODEACCESSREQUESTED_1
16:35:48.149 (index):935 ATTRIBUTEACCESSREQUESTED_2
16:35:48.150 (index):935 ATTRIBUTEACCESSREQUESTED_3
16:35:48.151 (index):935 ATTRIBUTEACCESSREQUESTED_4
16:35:48.153 (index):880 NODEACCESSRELEASED_0
16:35:48.153 (index):880 NODEACCESSRELEASED_1
16:35:48.154 (index):884 ATTRIBUTEACCESSRELEASED_2
16:35:48.155 (index):884 ATTRIBUTEACCESSRELEASED_3
16:35:48.155 (index):884 ATTRIBUTEACCESSRELEASED_4
16:35:48.157 (index):941 NODEACCESSREQUESTED_0
16:35:48.158 (index):941 NODEACCESSREQUESTED_1
16:35:48.159 (index):935 ATTRIBUTEACCESSREQUESTED_2
16:35:48.159 (index):935 ATTRIBUTEACCESSREQUESTED_3
16:35:48.160 (index):935 ATTRIBUTEACCESSREQUESTED_4
16:35:48.162 (index):905 UPDATE_0
16:35:48.163 (index):905 UPDATE_1
16:35:48.163 (index):908 UPDATE_2
16:35:48.164 (index):908 UPDATE_3
16:35:48.165 (index):908 UPDATE_4
16:35:48.167 (index):880 NODEACCESSRELEASED_0
16:35:48.167 (index):880 NODEACCESSRELEASED_1
16:35:48.168 (index):884 ATTRIBUTEACCESSRELEASED_2
16:35:48.169 (index):884 ATTRIBUTEACCESSRELEASED_3
16:35:48.169 (index):884 ATTRIBUTEACCESSRELEASED_4
16:35:48.171 (index):941 NODEACCESSREQUESTED_0
16:35:48.172 (index):941 NODEACCESSREQUESTED_1
16:35:48.173 (index):941 NODEACCESSREQUESTED_2
16:35:48.173 (index):941 NODEACCESSREQUESTED_3
16:35:48.174 (index):935 ATTRIBUTEACCESSREQUESTED_4
16:35:48.176 (index):905 UPDATE_0
16:35:48.177 (index):905 UPDATE_1
16:35:48.177 (index):905 UPDATE_2
16:35:48.178 (index):905 UPDATE_3
16:35:48.179 (index):908 UPDATE_4
16:35:48.181 (index):880 NODEACCESSRELEASED_0
16:35:48.181 (index):880 NODEACCESSRELEASED_1
16:35:48.182 (index):880 NODEACCESSRELEASED_2
16:35:48.183 (index):880 NODEACCESSRELEASED_3
16:35:48.183 (index):884 ATTRIBUTEACCESSRELEASED_4
16:35:48.185 (index):935 ATTRIBUTEACCESSREQUESTED_0
16:35:48.186 (index):941 NODEACCESSREQUESTED_1
16:35:48.187 (index):941 NODEACCESSREQUESTED_2
16:35:48.187 (index):941 NODEACCESSREQUESTED_3
16:35:48.188 (index):941 NODEACCESSREQUESTED_4
16:35:48.190 (index):908 UPDATE_0
16:35:48.191 (index):905 UPDATE_1
16:35:48.192 (index):905 UPDATE_2
16:35:48.192 (index):967 WAITING_3
16:35:48.193 (index):905 UPDATE_4
16:35:48.195 (index):884 ATTRIBUTEACCESSRELEASED_0
16:35:48.196 (index):880 NODEACCESSRELEASED_1
16:35:48.196 (index):880 NODEACCESSRELEASED_2
16:35:48.197 (index):967 WAITING_3
16:35:48.198 (index):880 NODEACCESSRELEASED_4
16:35:48.199 (index):941 NODEACCESSREQUESTED_0
16:35:48.200 (index):941 NODEACCESSREQUESTED_1
16:35:48.201 (index):941 NODEACCESSREQUESTED_2
16:35:48.202 (index):905 UPDATE_3
16:35:48.203 (index):935 ATTRIBUTEACCESSREQUESTED_4
16:35:48.204 (index):905 UPDATE_0
16:35:48.205 (index):967 WAITING_1
16:35:48.206 (index):967 WAITING_2
16:35:48.207 (index):880 NODEACCESSRELEASED_3
16:35:48.208 (index):908 UPDATE_4
16:35:48.209 (index):880 NODEACCESSRELEASED_0
16:35:48.210 (index):905 UPDATE_1
16:35:48.210 (index):905 UPDATE_2
16:35:48.212 (index):935 ATTRIBUTEACCESSREQUESTED_3
16:35:48.213 (index):884 ATTRIBUTEACCESSRELEASED_4
16:35:48.214 (index):941 NODEACCESSREQUESTED_0
16:35:48.215 (index):880 NODEACCESSRELEASED_1
16:35:48.216 (index):880 NODEACCESSRELEASED_2
16:35:48.217 (index):908 UPDATE_3
16:35:48.218 (index):941 NODEACCESSREQUESTED_4
16:35:48.219 (index):905 UPDATE_0
16:35:48.220 (index):935 ATTRIBUTEACCESSREQUESTED_1
16:35:48.221 (index):935 ATTRIBUTEACCESSREQUESTED_2
16:35:48.222 (index):884 ATTRIBUTEACCESSRELEASED_3
16:35:48.223 (index):905 UPDATE_4
16:35:48.224 (index):880 NODEACCESSRELEASED_0
16:35:48.225 (index):908 UPDATE_1
16:35:48.225 (index):908 UPDATE_2
16:35:48.226 (index):935 ATTRIBUTEACCESSREQUESTED_3
16:35:48.227 (index):880 NODEACCESSRELEASED_4
16:35:48.228 (index):935 ATTRIBUTEACCESSREQUESTED_0
16:35:48.229 (index):884 ATTRIBUTEACCESSRELEASED_1
16:35:48.230 (index):884 ATTRIBUTEACCESSRELEASED_2
16:35:48.231 (index):908 UPDATE_3
16:35:48.232 (index):941 NODEACCESSREQUESTED_4
16:35:48.233 (index):908 UPDATE_0
16:35:48.234 (index):935 ATTRIBUTEACCESSREQUESTED_1
16:35:48.235 (index):935 ATTRIBUTEACCESSREQUESTED_2
16:35:48.236 (index):884 ATTRIBUTEACCESSRELEASED_3
16:35:48.237 (index):905 UPDATE_4
16:35:48.238 (index):884 ATTRIBUTEACCESSRELEASED_0
16:35:48.238 (index):908 UPDATE_1
16:35:48.239 (index):908 UPDATE_2
16:35:48.240 (index):941 NODEACCESSREQUESTED_3
16:35:48.241 (index):880 NODEACCESSRELEASED_4
16:35:48.242 (index):941 NODEACCESSREQUESTED_0
16:35:48.243 (index):884 ATTRIBUTEACCESSRELEASED_1
16:35:48.244 (index):884 ATTRIBUTEACCESSRELEASED_2
16:35:48.245 (index):905 UPDATE_3
16:35:48.246 (index):941 NODEACCESSREQUESTED_4
16:35:48.247 (index):905 UPDATE_0
16:35:48.247 (index):941 NODEACCESSREQUESTED_1
16:35:48.248 (index):941 NODEACCESSREQUESTED_2
16:35:48.249 (index):880 NODEACCESSRELEASED_3
16:35:48.250 (index):905 UPDATE_4
16:35:48.251 (index):880 NODEACCESSRELEASED_0
16:35:48.252 (index):905 UPDATE_1
16:35:48.253 (index):905 UPDATE_2
16:35:48.254 (index):935 ATTRIBUTEACCESSREQUESTED_3
16:35:48.255 (index):880 NODEACCESSRELEASED_4
16:35:48.256 (index):941 NODEACCESSREQUESTED_0
16:35:48.257 (index):880 NODEACCESSRELEASED_1
16:35:48.258 (index):880 NODEACCESSRELEASED_2
16:35:48.258 (index):908 UPDATE_3
16:35:48.259 (index):935 ATTRIBUTEACCESSREQUESTED_4
16:35:48.260 (index):967 WAITING_0
16:35:48.261 (index):941 NODEACCESSREQUESTED_1
16:35:48.262 (index):935 ATTRIBUTEACCESSREQUESTED_2
16:35:48.263 (index):884 ATTRIBUTEACCESSRELEASED_3
16:35:48.264 (index):908 UPDATE_4
16:35:48.265 (index):967 WAITING_0
16:35:48.266 (index):905 UPDATE_1
16:35:48.267 (index):908 UPDATE_2
16:35:48.268 (index):941 NODEACCESSREQUESTED_3
16:35:48.268 (index):884 ATTRIBUTEACCESSRELEASED_4
16:35:48.269 (index):967 WAITING_0
16:35:48.271 (index):880 NODEACCESSRELEASED_1
16:35:48.271 (index):884 ATTRIBUTEACCESSRELEASED_2
16:35:48.272 (index):905 UPDATE_3
16:35:48.273 (index):941 NODEACCESSREQUESTED_4
16:35:48.274 (index):905 UPDATE_0
16:35:48.275 (index):941 NODEACCESSREQUESTED_1
16:35:48.276 (index):935 ATTRIBUTEACCESSREQUESTED_2
16:35:48.277 (index):880 NODEACCESSRELEASED_3
16:35:48.277 (index):905 UPDATE_4
16:35:48.279 (index):880 NODEACCESSRELEASED_0
16:35:48.280 (index):905 UPDATE_1
16:35:48.280 (index):908 UPDATE_2
16:35:48.281 (index):941 NODEACCESSREQUESTED_3
16:35:48.282 (index):880 NODEACCESSRELEASED_4
16:35:48.283 (index):941 NODEACCESSREQUESTED_0
16:35:48.284 (index):880 NODEACCESSRELEASED_1
16:35:48.285 (index):884 ATTRIBUTEACCESSRELEASED_2
16:35:48.286 (index):905 UPDATE_3
16:35:48.287 (index):935 ATTRIBUTEACCESSREQUESTED_4
16:35:48.288 (index):905 UPDATE_0
16:35:48.289 (index):941 NODEACCESSREQUESTED_1
16:35:48.289 (index):935 ATTRIBUTEACCESSREQUESTED_2
16:35:48.290 (index):880 NODEACCESSRELEASED_3
16:35:48.291 (index):908 UPDATE_4
16:35:48.292 (index):880 NODEACCESSRELEASED_0
16:35:48.293 (index):905 UPDATE_1
16:35:48.294 (index):908 UPDATE_2
16:35:48.295 (index):941 NODEACCESSREQUESTED_3
16:35:48.296 (index):884 ATTRIBUTEACCESSRELEASED_4
16:35:48.297 (index):935 ATTRIBUTEACCESSREQUESTED_0
16:35:48.298 (index):880 NODEACCESSRELEASED_1
16:35:48.299 (index):884 ATTRIBUTEACCESSRELEASED_2
16:35:48.300 (index):905 UPDATE_3
16:35:48.300 (index):935 ATTRIBUTEACCESSREQUESTED_4
16:35:48.301 (index):908 UPDATE_0
16:35:48.302 (index):941 NODEACCESSREQUESTED_1
16:35:48.303 (index):941 NODEACCESSREQUESTED_2
16:35:48.304 (index):880 NODEACCESSRELEASED_3
16:35:48.305 (index):908 UPDATE_4
16:35:48.306 (index):884 ATTRIBUTEACCESSRELEASED_0
16:35:48.307 (index):905 UPDATE_1
16:35:48.308 (index):905 UPDATE_2
16:35:48.309 (index):941 NODEACCESSREQUESTED_3
16:35:48.309 (index):884 ATTRIBUTEACCESSRELEASED_4
16:35:48.310 (index):941 NODEACCESSREQUESTED_0
16:35:48.312 (index):880 NODEACCESSRELEASED_1
16:35:48.312 (index):880 NODEACCESSRELEASED_2
16:35:48.313 (index):905 UPDATE_3
16:35:48.314 (index):941 NODEACCESSREQUESTED_4
16:35:48.315 (index):905 UPDATE_0
16:35:48.316 (index):935 ATTRIBUTEACCESSREQUESTED_1
16:35:48.317 (index):941 NODEACCESSREQUESTED_2
16:35:48.318 (index):880 NODEACCESSRELEASED_3
16:35:48.318 (index):905 UPDATE_4
16:35:48.320 (index):880 NODEACCESSRELEASED_0
16:35:48.321 (index):908 UPDATE_1
16:35:48.321 (index):905 UPDATE_2
16:35:48.322 (index):935 ATTRIBUTEACCESSREQUESTED_3
16:35:48.323 (index):880 NODEACCESSRELEASED_4
16:35:48.324 (index):941 NODEACCESSREQUESTED_0
16:35:48.325 (index):884 ATTRIBUTEACCESSRELEASED_1
16:35:48.326 (index):880 NODEACCESSRELEASED_2
16:35:48.327 (index):908 UPDATE_3
16:35:48.327 (index):941 NODEACCESSREQUESTED_4
16:35:48.329 (index):905 UPDATE_0
16:35:48.330 (index):941 NODEACCESSREQUESTED_1
16:35:48.330 (index):941 NODEACCESSREQUESTED_2
16:35:48.331 (index):884 ATTRIBUTEACCESSRELEASED_3
16:35:48.332 (index):905 UPDATE_4
16:35:48.333 (index):880 NODEACCESSRELEASED_0
16:35:48.334 (index):905 UPDATE_1
16:35:48.335 (index):905 UPDATE_2
16:35:48.336 (index):935 ATTRIBUTEACCESSREQUESTED_3
16:35:48.336 (index):978 END_4
16:35:48.338 (index):935 ATTRIBUTEACCESSREQUESTED_0
16:35:48.339 (index):978 END_1
16:35:48.339 (index):978 END_2
16:35:48.340 (index):908 UPDATE_3
16:35:48.342 (index):908 UPDATE_0
16:35:48.345 (index):978 END_3
16:35:48.347 (index):978 END_0
