16:35:48.348 (index):3407 Tasks: 25; Collaborators: 5    =========================>
16:35:48.348 (index):941 NODEACCESSREQUESTED_0
16:35:48.349 (index):941 NODEACCESSREQUESTED_1
16:35:48.350 (index):935 ATTRIBUTEACCESSREQUESTED_2
16:35:48.350 (index):935 ATTRIBUTEACCESSREQUESTED_3
16:35:48.351 (index):935 ATTRIBUTEACCESSREQUESTED_4
16:35:48.353 (index):880 NODEACCESSRELEASED_0
16:35:48.354 (index):880 NODEACCESSRELEASED_1
16:35:48.355 (index):884 ATTRIBUTEACCESSRELEASED_2
16:35:48.355 (index):884 ATTRIBUTEACCESSRELEASED_3
16:35:48.356 (index):884 ATTRIBUTEACCESSRELEASED_4
16:35:48.358 (index):941 NODEACCESSREQUESTED_0
16:35:48.359 (index):941 NODEACCESSREQUESTED_1
16:35:48.359 (index):935 ATTRIBUTEACCESSREQUESTED_2
16:35:48.360 (index):935 ATTRIBUTEACCESSREQUESTED_3
16:35:48.360 (index):935 ATTRIBUTEACCESSREQUESTED_4
16:35:48.363 (index):905 UPDATE_0
16:35:48.363 (index):905 UPDATE_1
16:35:48.364 (index):908 UPDATE_2
16:35:48.364 (index):908 UPDATE_3
16:35:48.365 (index):908 UPDATE_4
16:35:48.367 (index):880 NODEACCESSRELEASED_0
16:35:48.368 (index):880 NODEACCESSRELEASED_1
16:35:48.368 (index):884 ATTRIBUTEACCESSRELEASED_2
16:35:48.369 (index):884 ATTRIBUTEACCESSRELEASED_3
16:35:48.369 (index):884 ATTRIBUTEACCESSRELEASED_4
16:35:48.372 (index):941 NODEACCESSREQUESTED_0
16:35:48.372 (index):941 NODEACCESSREQUESTED_1
16:35:48.373 (index):941 NODEACCESSREQUESTED_2
16:35:48.373 (index):941 NODEACCESSREQUESTED_3
16:35:48.374 (index):935 ATTRIBUTEACCESSREQUESTED_4
16:35:48.376 (index):905 UPDATE_0
16:35:48.377 (index):905 UPDATE_1
16:35:48.378 (index):905 UPDATE_2
16:35:48.378 (index):905 UPDATE_3
16:35:48.379 (index):908 UPDATE_4
16:35:48.381 (index):880 NODEACCESSRELEASED_0
16:35:48.382 (index):880 NODEACCESSRELEASED_1
16:35:48.383 (index):880 NODEACCESSRELEASED_2
16:35:48.383 (index):880 NODEACCESSRELEASED_3
16:35:48.384 (index):884 ATTRIBUTEACCESSRELEASED_4
16:35:48.386 (index):935 ATTRIBUTEACCESSREQUESTED_0
16:35:48.387 (index):941 NODEACCESSREQUESTED_1
16:35:48.387 (index):941 NODEACCESSREQUESTED_2
16:35:48.388 (index):941 NODEACCESSREQUESTED_3
16:35:48.388 (index):941 NODEACCESSREQUESTED_4
16:35:48.391 (index):908 UPDATE_0
16:35:48.391 (index):905 UPDATE_1
16:35:48.392 (index):905 UPDATE_2
16:35:48.393 (index):905 UPDATE_3
16:35:48.393 (index):905 UPDATE_4
16:35:48.395 (index):884 ATTRIBUTEACCESSRELEASED_0
16:35:48.396 (index):880 NODEACCESSRELEASED_1
16:35:48.397 (index):880 NODEACCESSRELEASED_2
16:35:48.397 (index):880 NODEACCESSRELEASED_3
16:35:48.398 (index):880 NODEACCESSRELEASED_4
16:35:48.400 (index):941 NODEACCESSREQUESTED_0
16:35:48.401 (index):941 NODEACCESSREQUESTED_1
16:35:48.401 (index):941 NODEACCESSREQUESTED_2
16:35:48.402 (index):935 ATTRIBUTEACCESSREQUESTED_3
16:35:48.403 (index):935 ATTRIBUTEACCESSREQUESTED_4
16:35:48.405 (index):905 UPDATE_0
16:35:48.405 (index):905 UPDATE_1
16:35:48.406 (index):905 UPDATE_2
16:35:48.407 (index):908 UPDATE_3
16:35:48.407 (index):908 UPDATE_4
16:35:48.409 (index):880 NODEACCESSRELEASED_0
16:35:48.410 (index):880 NODEACCESSRELEASED_1
16:35:48.411 (index):880 NODEACCESSRELEASED_2
16:35:48.411 (index):884 ATTRIBUTEACCESSRELEASED_3
16:35:48.412 (index):884 ATTRIBUTEACCESSRELEASED_4
16:35:48.414 (index):941 NODEACCESSREQUESTED_0
16:35:48.415 (index):935 ATTRIBUTEACCESSREQUESTED_1
16:35:48.415 (index):935 ATTRIBUTEACCESSREQUESTED_2
16:35:48.416 (index):935 ATTRIBUTEACCESSREQUESTED_3
16:35:48.416 (index):941 NODEACCESSREQUESTED_4
16:35:48.419 (index):905 UPDATE_0
16:35:48.419 (index):908 UPDATE_1
16:35:48.420 (index):908 UPDATE_2
16:35:48.420 (index):908 UPDATE_3
16:35:48.421 (index):905 UPDATE_4
16:35:48.424 (index):880 NODEACCESSRELEASED_0
16:35:48.424 (index):884 ATTRIBUTEACCESSRELEASED_1
16:35:48.425 (index):884 ATTRIBUTEACCESSRELEASED_2
16:35:48.425 (index):884 ATTRIBUTEACCESSRELEASED_3
16:35:48.426 (index):880 NODEACCESSRELEASED_4
16:35:48.428 (index):935 ATTRIBUTEACCESSREQUESTED_0
16:35:48.429 (index):935 ATTRIBUTEACCESSREQUESTED_1
16:35:48.429 (index):935 ATTRIBUTEACCESSREQUESTED_2
16:35:48.430 (index):941 NODEACCESSREQUESTED_3
16:35:48.430 (index):941 NODEACCESSREQUESTED_4
16:35:48.433 (index):908 UPDATE_0
16:35:48.433 (index):908 UPDATE_1
16:35:48.434 (index):908 UPDATE_2
16:35:48.434 (index):905 UPDATE_3
16:35:48.435 (index):905 UPDATE_4
16:35:48.437 (index):884 ATTRIBUTEACCESSRELEASED_0
16:35:48.438 (index):884 ATTRIBUTEACCESSRELEASED_1
16:35:48.438 (index):884 ATTRIBUTEACCESSRELEASED_2
16:35:48.439 (index):880 NODEACCESSRELEASED_3
16:35:48.440 (index):880 NODEACCESSRELEASED_4
16:35:48.442 (index):941 NODEACCESSREQUESTED_0
16:35:48.443 (index):941 NODEACCESSREQUESTED_1
16:35:48.443 (index):941 NODEACCESSREQUESTED_2
16:35:48.444 (index):935 ATTRIBUTEACCESSREQUESTED_3
16:35:48.444 (index):941 NODEACCESSREQUESTED_4
16:35:48.447 (index):905 UPDATE_0
16:35:48.447 (index):905 UPDATE_1
16:35:48.448 (index):905 UPDATE_2
16:35:48.448 (index):908 UPDATE_3
16:35:48.449 (index):905 UPDATE_4
16:35:48.451 (index):880 NODEACCESSRELEASED_0
16:35:48.452 (index):880 NODEACCESSRELEASED_1
16:35:48.452 (index):880 NODEACCESSRELEASED_2
16:35:48.453 (index):884 ATTRIBUTEACCESSRELEASED_3
16:35:48.454 (index):880 NODEACCESSRELEASED_4
16:35:48.456 (index):941 NODEACCESSREQUESTED_0
16:35:48.457 (index):941 NODEACCESSREQUESTED_1
16:35:48.458 (index):935 ATTRIBUTEACCESSREQUESTED_2
16:35:48.458 (index):941 NODEACCESSREQUESTED_3
16:35:48.459 (index):935 ATTRIBUTEACCESSREQUESTED_4
16:35:48.461 (index):905 UPDATE_0
16:35:48.462 (index):905 UPDATE_1
16:35:48.462 (index):908 UPDATE_2
16:35:48.463 (index):967 WAITING_3
16:35:48.464 (index):908 UPDATE_4
16:35:48.466 (index):880 NODEACCESSRELEASED_0
16:35:48.467 (index):880 NODEACCESSRELEASED_1
16:35:48.468 (index):884 ATTRIBUTEACCESSRELEASED_2
16:35:48.468 (index):967 WAITING_3
16:35:48.470 (index):884 ATTRIBUTEACCESSRELEASED_4
16:35:48.471 (index):941 NODEACCESSREQUESTED_0
16:35:48.471 (index):941 NODEACCESSREQUESTED_1
16:35:48.472 (index):935 ATTRIBUTEACCESSREQUESTED_2
16:35:48.473 (index):905 UPDATE_3
16:35:48.475 (index):941 NODEACCESSREQUESTED_4
16:35:48.475 (index):967 WAITING_0
16:35:48.476 (index):967 WAITING_1
16:35:48.477 (index):967 WAITING_2
16:35:48.478 (index):880 NODEACCESSRELEASED_3
16:35:48.479 (index):905 UPDATE_4
16:35:48.480 (index):905 UPDATE_0
16:35:48.481 (index):967 WAITING_1
16:35:48.482 (index):908 UPDATE_2
16:35:48.483 (index):941 NODEACCESSREQUESTED_3
16:35:48.484 (index):880 NODEACCESSRELEASED_4
16:35:48.484 (index):880 NODEACCESSRELEASED_0
16:35:48.485 (index):905 UPDATE_1
16:35:48.486 (index):884 ATTRIBUTEACCESSRELEASED_2
16:35:48.487 (index):905 UPDATE_3
16:35:48.488 (index):935 ATTRIBUTEACCESSREQUESTED_4
16:35:48.489 (index):935 ATTRIBUTEACCESSREQUESTED_0
16:35:48.490 (index):880 NODEACCESSRELEASED_1
16:35:48.491 (index):935 ATTRIBUTEACCESSREQUESTED_2
16:35:48.492 (index):880 NODEACCESSRELEASED_3
16:35:48.493 (index):908 UPDATE_4
16:35:48.494 (index):908 UPDATE_0
16:35:48.494 (index):941 NODEACCESSREQUESTED_1
16:35:48.495 (index):908 UPDATE_2
16:35:48.496 (index):941 NODEACCESSREQUESTED_3
16:35:48.498 (index):884 ATTRIBUTEACCESSRELEASED_4
16:35:48.498 (index):884 ATTRIBUTEACCESSRELEASED_0
16:35:48.499 (index):905 UPDATE_1
16:35:48.500 (index):884 ATTRIBUTEACCESSRELEASED_2
16:35:48.501 (index):905 UPDATE_3
16:35:48.502 (index):935 ATTRIBUTEACCESSREQUESTED_4
16:35:48.503 (index):941 NODEACCESSREQUESTED_0
16:35:48.503 (index):880 NODEACCESSRELEASED_1
16:35:48.504 (index):941 NODEACCESSREQUESTED_2
16:35:48.506 (index):880 NODEACCESSRELEASED_3
16:35:48.507 (index):908 UPDATE_4
16:35:48.507 (index):905 UPDATE_0
16:35:48.508 (index):941 NODEACCESSREQUESTED_1
16:35:48.509 (index):905 UPDATE_2
16:35:48.510 (index):941 NODEACCESSREQUESTED_3
16:35:48.511 (index):884 ATTRIBUTEACCESSRELEASED_4
16:35:48.512 (index):880 NODEACCESSRELEASED_0
16:35:48.513 (index):905 UPDATE_1
16:35:48.514 (index):880 NODEACCESSRELEASED_2
16:35:48.515 (index):905 UPDATE_3
16:35:48.516 (index):941 NODEACCESSREQUESTED_4
16:35:48.516 (index):941 NODEACCESSREQUESTED_0
16:35:48.517 (index):880 NODEACCESSRELEASED_1
16:35:48.518 (index):941 NODEACCESSREQUESTED_2
16:35:48.519 (index):880 NODEACCESSRELEASED_3
16:35:48.520 (index):905 UPDATE_4
16:35:48.521 (index):905 UPDATE_0
16:35:48.522 (index):935 ATTRIBUTEACCESSREQUESTED_1
16:35:48.523 (index):967 WAITING_2
16:35:48.524 (index):935 ATTRIBUTEACCESSREQUESTED_3
16:35:48.525 (index):880 NODEACCESSRELEASED_4
16:35:48.526 (index):880 NODEACCESSRELEASED_0
16:35:48.526 (index):908 UPDATE_1
16:35:48.527 (index):905 UPDATE_2
16:35:48.528 (index):908 UPDATE_3
16:35:48.530 (index):941 NODEACCESSREQUESTED_4
16:35:48.530 (index):935 ATTRIBUTEACCESSREQUESTED_0
16:35:48.531 (index):884 ATTRIBUTEACCESSRELEASED_1
16:35:48.532 (index):880 NODEACCESSRELEASED_2
16:35:48.533 (index):884 ATTRIBUTEACCESSRELEASED_3
16:35:48.534 (index):905 UPDATE_4
16:35:48.535 (index):908 UPDATE_0
16:35:48.536 (index):941 NODEACCESSREQUESTED_1
16:35:48.537 (index):941 NODEACCESSREQUESTED_2
16:35:48.538 (index):935 ATTRIBUTEACCESSREQUESTED_3
16:35:48.539 (index):978 END_4
16:35:48.540 (index):978 END_0
16:35:48.540 (index):905 UPDATE_1
16:35:48.541 (index):905 UPDATE_2
16:35:48.542 (index):908 UPDATE_3
16:35:48.545 (index):978 END_1
16:35:48.546 (index):978 END_2
16:35:48.547 (index):978 END_3
