16:35:49.437 (index):3407 Tasks: 25; Collaborators: 5    =========================>
16:35:49.437 (index):941 NODEACCESSREQUESTED_0
16:35:49.438 (index):941 NODEACCESSREQUESTED_1
16:35:49.438 (index):935 ATTRIBUTEACCESSREQUESTED_2
16:35:49.439 (index):935 ATTRIBUTEACCESSREQUESTED_3
16:35:49.439 (index):935 ATTRIBUTEACCESSREQUESTED_4
16:35:49.442 (index):880 NODEACCESSRELEASED_0
16:35:49.443 (index):967 WAITING_1
16:35:49.443 (index):884 ATTRIBUTEACCESSRELEASED_2
16:35:49.444 (index):884 ATTRIBUTEACCESSRELEASED_3
16:35:49.445 (index):884 ATTRIBUTEACCESSRELEASED_4
16:35:49.447 (index):941 NODEACCESSREQUESTED_0
16:35:49.447 (index):880 NODEACCESSRELEASED_1
16:35:49.448 (index):935 ATTRIBUTEACCESSREQUESTED_2
16:35:49.448 (index):935 ATTRIBUTEACCESSREQUESTED_3
16:35:49.449 (index):935 ATTRIBUTEACCESSREQUESTED_4
16:35:49.451 (index):905 UPDATE_0
16:35:49.452 (index):941 NODEACCESSREQUESTED_1
16:35:49.452 (index):908 UPDATE_2
16:35:49.453 (index):908 UPDATE_3
16:35:49.454 (index):908 UPDATE_4
16:35:49.456 (index):880 NODEACCESSRELEASED_0
16:35:49.456 (index):905 UPDATE_1
16:35:49.457 (index):884 ATTRIBUTEACCESSRELEASED_2
16:35:49.458 (index):884 ATTRIBUTEACCESSRELEASED_3
16:35:49.459 (index):884 ATTRIBUTEACCESSRELEASED_4
16:35:49.460 (index):941 NODEACCESSREQUESTED_0
16:35:49.461 (index):880 NODEACCESSRELEASED_1
16:35:49.462 (index):941 NODEACCESSREQUESTED_2
16:35:49.463 (index):941 NODEACCESSREQUESTED_3
16:35:49.464 (index):935 ATTRIBUTEACCESSREQUESTED_4
16:35:49.466 (index):905 UPDATE_0
16:35:49.467 (index):941 NODEACCESSREQUESTED_1
16:35:49.468 (index):905 UPDATE_2
16:35:49.469 (index):905 UPDATE_3
16:35:49.469 (index):908 UPDATE_4
16:35:49.471 (index):880 NODEACCESSRELEASED_0
16:35:49.472 (index):905 UPDATE_1
16:35:49.473 (index):880 NODEACCESSRELEASED_2
16:35:49.473 (index):880 NODEACCESSRELEASED_3
16:35:49.474 (index):884 ATTRIBUTEACCESSRELEASED_4
16:35:49.476 (index):935 ATTRIBUTEACCESSREQUESTED_0
16:35:49.477 (index):880 NODEACCESSRELEASED_1
16:35:49.477 (index):941 NODEACCESSREQUESTED_2
16:35:49.478 (index):941 NODEACCESSREQUESTED_3
16:35:49.478 (index):941 NODEACCESSREQUESTED_4
16:35:49.480 (index):908 UPDATE_0
16:35:49.481 (index):941 NODEACCESSREQUESTED_1
16:35:49.482 (index):905 UPDATE_2
16:35:49.482 (index):905 UPDATE_3
16:35:49.483 (index):905 UPDATE_4
16:35:49.485 (index):884 ATTRIBUTEACCESSRELEASED_0
16:35:49.486 (index):905 UPDATE_1
16:35:49.486 (index):880 NODEACCESSRELEASED_2
16:35:49.487 (index):880 NODEACCESSRELEASED_3
16:35:49.488 (index):880 NODEACCESSRELEASED_4
16:35:49.489 (index):941 NODEACCESSREQUESTED_0
16:35:49.491 (index):880 NODEACCESSRELEASED_1
16:35:49.491 (index):941 NODEACCESSREQUESTED_2
16:35:49.492 (index):935 ATTRIBUTEACCESSREQUESTED_3
16:35:49.492 (index):935 ATTRIBUTEACCESSREQUESTED_4
16:35:49.494 (index):905 UPDATE_0
16:35:49.495 (index):941 NODEACCESSREQUESTED_1
16:35:49.496 (index):905 UPDATE_2
16:35:49.496 (index):967 WAITING_3
16:35:49.497 (index):908 UPDATE_4
16:35:49.499 (index):880 NODEACCESSRELEASED_0
16:35:49.500 (index):905 UPDATE_1
16:35:49.500 (index):880 NODEACCESSRELEASED_2
16:35:49.501 (index):908 UPDATE_3
16:35:49.501 (index):884 ATTRIBUTEACCESSRELEASED_4
16:35:49.503 (index):941 NODEACCESSREQUESTED_0
16:35:49.504 (index):880 NODEACCESSRELEASED_1
16:35:49.505 (index):935 ATTRIBUTEACCESSREQUESTED_2
16:35:49.505 (index):884 ATTRIBUTEACCESSRELEASED_3
16:35:49.506 (index):941 NODEACCESSREQUESTED_4
16:35:49.508 (index):905 UPDATE_0
16:35:49.509 (index):935 ATTRIBUTEACCESSREQUESTED_1
16:35:49.509 (index):908 UPDATE_2
16:35:49.510 (index):935 ATTRIBUTEACCESSREQUESTED_3
16:35:49.511 (index):905 UPDATE_4
16:35:49.513 (index):880 NODEACCESSRELEASED_0
16:35:49.513 (index):908 UPDATE_1
16:35:49.514 (index):884 ATTRIBUTEACCESSRELEASED_2
16:35:49.515 (index):908 UPDATE_3
16:35:49.516 (index):880 NODEACCESSRELEASED_4
16:35:49.517 (index):935 ATTRIBUTEACCESSREQUESTED_0
16:35:49.518 (index):884 ATTRIBUTEACCESSRELEASED_1
16:35:49.519 (index):935 ATTRIBUTEACCESSREQUESTED_2
16:35:49.520 (index):884 ATTRIBUTEACCESSRELEASED_3
16:35:49.521 (index):941 NODEACCESSREQUESTED_4
16:35:49.523 (index):908 UPDATE_0
16:35:49.524 (index):935 ATTRIBUTEACCESSREQUESTED_1
16:35:49.525 (index):908 UPDATE_2
16:35:49.526 (index):941 NODEACCESSREQUESTED_3
16:35:49.527 (index):905 UPDATE_4
16:35:49.528 (index):884 ATTRIBUTEACCESSRELEASED_0
16:35:49.529 (index):908 UPDATE_1
16:35:49.530 (index):884 ATTRIBUTEACCESSRELEASED_2
16:35:49.531 (index):905 UPDATE_3
16:35:49.532 (index):880 NODEACCESSRELEASED_4
16:35:49.533 (index):941 NODEACCESSREQUESTED_0
16:35:49.534 (index):884 ATTRIBUTEACCESSRELEASED_1
16:35:49.534 (index):941 NODEACCESSREQUESTED_2
16:35:49.536 (index):880 NODEACCESSRELEASED_3
16:35:49.536 (index):941 NODEACCESSREQUESTED_4
16:35:49.537 (index):905 UPDATE_0
16:35:49.538 (index):941 NODEACCESSREQUESTED_1
16:35:49.539 (index):905 UPDATE_2
16:35:49.540 (index):935 ATTRIBUTEACCESSREQUESTED_3
16:35:49.541 (index):905 UPDATE_4
16:35:49.542 (index):880 NODEACCESSRELEASED_0
16:35:49.543 (index):905 UPDATE_1
16:35:49.544 (index):880 NODEACCESSRELEASED_2
16:35:49.545 (index):908 UPDATE_3
16:35:49.546 (index):880 NODEACCESSRELEASED_4
16:35:49.547 (index):941 NODEACCESSREQUESTED_0
16:35:49.548 (index):880 NODEACCESSRELEASED_1
16:35:49.548 (index):935 ATTRIBUTEACCESSREQUESTED_2
16:35:49.549 (index):884 ATTRIBUTEACCESSRELEASED_3
16:35:49.550 (index):935 ATTRIBUTEACCESSREQUESTED_4
16:35:49.551 (index):905 UPDATE_0
16:35:49.552 (index):941 NODEACCESSREQUESTED_1
16:35:49.553 (index):908 UPDATE_2
16:35:49.554 (index):941 NODEACCESSREQUESTED_3
16:35:49.555 (index):908 UPDATE_4
16:35:49.556 (index):880 NODEACCESSRELEASED_0
16:35:49.557 (index):967 WAITING_1
16:35:49.558 (index):884 ATTRIBUTEACCESSRELEASED_2
16:35:49.558 (index):905 UPDATE_3
16:35:49.559 (index):884 ATTRIBUTEACCESSRELEASED_4
16:35:49.560 (index):941 NODEACCESSREQUESTED_0
16:35:49.561 (index):967 WAITING_1
16:35:49.562 (index):935 ATTRIBUTEACCESSREQUESTED_2
16:35:49.563 (index):880 NODEACCESSRELEASED_3
16:35:49.564 (index):941 NODEACCESSREQUESTED_4
16:35:49.565 (index):905 UPDATE_0
16:35:49.566 (index):967 WAITING_1
16:35:49.567 (index):908 UPDATE_2
16:35:49.568 (index):941 NODEACCESSREQUESTED_3
16:35:49.569 (index):905 UPDATE_4
16:35:49.570 (index):880 NODEACCESSRELEASED_0
16:35:49.570 (index):967 WAITING_1
16:35:49.571 (index):884 ATTRIBUTEACCESSRELEASED_2
16:35:49.572 (index):905 UPDATE_3
16:35:49.573 (index):880 NODEACCESSRELEASED_4
16:35:49.574 (index):935 ATTRIBUTEACCESSREQUESTED_0
16:35:49.575 (index):967 WAITING_1
16:35:49.576 (index):935 ATTRIBUTEACCESSREQUESTED_2
16:35:49.578 (index):880 NODEACCESSRELEASED_3
16:35:49.579 (index):935 ATTRIBUTEACCESSREQUESTED_4
16:35:49.579 (index):908 UPDATE_0
16:35:49.580 (index):967 WAITING_1
16:35:49.581 (index):908 UPDATE_2
16:35:49.583 (index):941 NODEACCESSREQUESTED_3
16:35:49.583 (index):908 UPDATE_4
16:35:49.584 (index):884 ATTRIBUTEACCESSRELEASED_0
16:35:49.585 (index):967 WAITING_1
16:35:49.586 (index):884 ATTRIBUTEACCESSRELEASED_2
16:35:49.588 (index):905 UPDATE_3
16:35:49.588 (index):884 ATTRIBUTEACCESSRELEASED_4
16:35:49.589 (index):941 NODEACCESSREQUESTED_0
16:35:49.590 (index):967 WAITING_1
16:35:49.590 (index):941 NODEACCESSREQUESTED_2
16:35:49.592 (index):880 NODEACCESSRELEASED_3
16:35:49.593 (index):935 ATTRIBUTEACCESSREQUESTED_4
16:35:49.594 (index):905 UPDATE_0
16:35:49.594 (index):967 WAITING_1
16:35:49.595 (index):905 UPDATE_2
16:35:49.597 (index):941 NODEACCESSREQUESTED_3
16:35:49.598 (index):908 UPDATE_4
16:35:49.598 (index):880 NODEACCESSRELEASED_0
16:35:49.599 (index):967 WAITING_1
16:35:49.600 (index):880 NODEACCESSRELEASED_2
16:35:49.601 (index):905 UPDATE_3
16:35:49.602 (index):884 ATTRIBUTEACCESSRELEASED_4
16:35:49.603 (index):941 NODEACCESSREQUESTED_0
16:35:49.604 (index):967 WAITING_1
16:35:49.604 (index):941 NODEACCESSREQUESTED_2
16:35:49.606 (index):880 NODEACCESSRELEASED_3
16:35:49.607 (index):941 NODEACCESSREQUESTED_4
16:35:49.608 (index):905 UPDATE_0
16:35:49.608 (index):967 WAITING_1
16:35:49.609 (index):905 UPDATE_2
16:35:49.611 (index):935 ATTRIBUTEACCESSREQUESTED_3
16:35:49.612 (index):905 UPDATE_4
16:35:49.612 (index):880 NODEACCESSRELEASED_0
16:35:49.613 (index):967 WAITING_1
16:35:49.614 (index):880 NODEACCESSRELEASED_2
16:35:49.615 (index):908 UPDATE_3
16:35:49.616 (index):880 NODEACCESSRELEASED_4
16:35:49.617 (index):935 ATTRIBUTEACCESSREQUESTED_0
16:35:49.617 (index):967 WAITING_1
16:35:49.618 (index):941 NODEACCESSREQUESTED_2
16:35:49.620 (index):884 ATTRIBUTEACCESSRELEASED_3
16:35:49.621 (index):941 NODEACCESSREQUESTED_4
16:35:49.622 (index):908 UPDATE_0
16:35:49.622 (index):967 WAITING_1
16:35:49.623 (index):905 UPDATE_2
16:35:49.624 (index):935 ATTRIBUTEACCESSREQUESTED_3
16:35:49.625 (index):905 UPDATE_4
16:35:49.626 (index):978 END_0
16:35:49.627 (index):967 WAITING_1
16:35:49.628 (index):978 END_2
16:35:49.629 (index):908 UPDATE_3
16:35:49.630 (index):978 END_4
16:35:49.631 (index):967 WAITING_1
16:35:49.634 (index):978 END_3
16:35:49.636 (index):905 UPDATE_1
16:35:49.641 (index):880 NODEACCESSRELEASED_1
16:35:49.646 (index):941 NODEACCESSREQUESTED_1
16:35:49.650 (index):905 UPDATE_1
16:35:49.655 (index):880 NODEACCESSRELEASED_1
16:35:49.660 (index):941 NODEACCESSREQUESTED_1
16:35:49.665 (index):905 UPDATE_1
16:35:49.669 (index):880 NODEACCESSRELEASED_1
16:35:49.674 (index):941 NODEACCESSREQUESTED_1
16:35:49.678 (index):905 UPDATE_1
16:35:49.683 (index):880 NODEACCESSRELEASED_1
16:35:49.688 (index):935 ATTRIBUTEACCESSREQUESTED_1
16:35:49.692 (index):908 UPDATE_1
16:35:49.697 (index):884 ATTRIBUTEACCESSRELEASED_1
16:35:49.701 (index):941 NODEACCESSREQUESTED_1
16:35:49.706 (index):905 UPDATE_1
16:35:49.711 (index):978 END_1
