16:35:49.000 (index):3407 Tasks: 25; Collaborators: 5    =========================>
16:35:49.001 (index):941 NODEACCESSREQUESTED_0
16:35:49.002 (index):941 NODEACCESSREQUESTED_1
16:35:49.004 (index):935 ATTRIBUTEACCESSREQUESTED_2
16:35:49.005 (index):935 ATTRIBUTEACCESSREQUESTED_3
16:35:49.006 (index):935 ATTRIBUTEACCESSREQUESTED_4
16:35:49.007 (index):880 NODEACCESSRELEASED_0
16:35:49.008 (index):880 NODEACCESSRELEASED_1
16:35:49.009 (index):884 ATTRIBUTEACCESSRELEASED_2
16:35:49.010 (index):884 ATTRIBUTEACCESSRELEASED_3
16:35:49.011 (index):884 ATTRIBUTEACCESSRELEASED_4
16:35:49.012 (index):941 NODEACCESSREQUESTED_0
16:35:49.012 (index):941 NODEACCESSREQUESTED_1
16:35:49.013 (index):935 ATTRIBUTEACCESSREQUESTED_2
16:35:49.015 (index):935 ATTRIBUTEACCESSREQUESTED_3
16:35:49.016 (index):935 ATTRIBUTEACCESSREQUESTED_4
16:35:49.016 (index):905 UPDATE_0
16:35:49.017 (index):905 UPDATE_1
16:35:49.018 (index):908 UPDATE_2
16:35:49.019 (index):908 UPDATE_3
16:35:49.020 (index):908 UPDATE_4
16:35:49.021 (index):880 NODEACCESSRELEASED_0
16:35:49.022 (index):880 NODEACCESSRELEASED_1
16:35:49.023 (index):884 ATTRIBUTEACCESSRELEASED_2
16:35:49.024 (index):884 ATTRIBUTEACCESSRELEASED_3
16:35:49.025 (index):884 ATTRIBUTEACCESSRELEASED_4
16:35:49.025 (index):941 NODEACCESSREQUESTED_0
16:35:49.026 (index):941 NODEACCESSREQUESTED_1
16:35:49.027 (index):941 NODEACCESSREQUESTED_2
16:35:49.028 (index):941 NODEACCESSREQUESTED_3
16:35:49.029 (index):935 ATTRIBUTEACCESSREQUESTED_4
16:35:49.030 (index):905 UPDATE_0
16:35:49.031 (index):905 UPDATE_1
16:35:49.032 (index):905 UPDATE_2
16:35:49.033 (index):905 UPDATE_3
16:35:49.034 (index):908 UPDATE_4
16:35:49.035 (index):880 NODEACCESSRELEASED_0
16:35:49.036 (index):880 NODEACCESSRELEASED_1
16:35:49.036 (index):880 NODEACCESSRELEASED_2
16:35:49.038 (index):880 NODEACCESSRELEASED_3
16:35:49.038 (index):884 ATTRIBUTEACCESSRELEASED_4
16:35:49.039 (index):935 ATTRIBUTEACCESSREQUESTED_0
16:35:49.040 (index):941 NODEACCESSREQUESTED_1
16:35:49.041 (index):941 NODEACCESSREQUESTED_2
16:35:49.042 (index):941 NODEACCESSREQUESTED_3
16:35:49.043 (index):941 NODEACCESSREQUESTED_4
16:35:49.044 (index):908 UPDATE_0
16:35:49.045 (index):905 UPDATE_1
16:35:49.046 (index):905 UPDATE_2
16:35:49.047 (index):905 UPDATE_3
16:35:49.048 (index):905 UPDATE_4
16:35:49.049 (index):884 ATTRIBUTEACCESSRELEASED_0
16:35:49.050 (index):880 NODEACCESSRELEASED_1
16:35:49.050 (index):880 NODEACCESSRELEASED_2
16:35:49.052 (index):880 NODEACCESSRELEASED_3
16:35:49.053 (index):880 NODEACCESSRELEASED_4
16:35:49.053 (index):941 NODEACCESSREQUESTED_0
16:35:49.054 (index):941 NODEACCESSREQUESTED_1
16:35:49.055 (index):941 NODEACCESSREQUESTED_2
16:35:49.056 (index):935 ATTRIBUTEACCESSREQUESTED_3
16:35:49.057 (index):935 ATTRIBUTEACCESSREQUESTED_4
16:35:49.058 (index):905 UPDATE_0
16:35:49.059 (index):905 UPDATE_1
16:35:49.059 (index):905 UPDATE_2
16:35:49.061 (index):908 UPDATE_3
16:35:49.062 (index):908 UPDATE_4
16:35:49.063 (index):880 NODEACCESSRELEASED_0
16:35:49.063 (index):880 NODEACCESSRELEASED_1
16:35:49.064 (index):880 NODEACCESSRELEASED_2
16:35:49.065 (index):884 ATTRIBUTEACCESSRELEASED_3
16:35:49.066 (index):884 ATTRIBUTEACCESSRELEASED_4
16:35:49.067 (index):941 NODEACCESSREQUESTED_0
16:35:49.068 (index):935 ATTRIBUTEACCESSREQUESTED_1
16:35:49.069 (index):935 ATTRIBUTEACCESSREQUESTED_2
16:35:49.070 (index):935 ATTRIBUTEACCESSREQUESTED_3
16:35:49.071 (index):941 NODEACCESSREQUESTED_4
16:35:49.072 (index):905 UPDATE_0
16:35:49.072 (index):908 UPDATE_1
16:35:49.073 (index):908 UPDATE_2
16:35:49.074 (index):908 UPDATE_3
16:35:49.075 (index):905 UPDATE_4
16:35:49.076 (index):880 NODEACCESSRELEASED_0
16:35:49.077 (index):884 ATTRIBUTEACCESSRELEASED_1
16:35:49.078 (index):884 ATTRIBUTEACCESSRELEASED_2
16:35:49.079 (index):884 ATTRIBUTEACCESSRELEASED_3
16:35:49.080 (index):880 NODEACCESSRELEASED_4
16:35:49.081 (index):935 ATTRIBUTEACCESSREQUESTED_0
16:35:49.081 (index):935 ATTRIBUTEACCESSREQUESTED_1
16:35:49.082 (index):935 ATTRIBUTEACCESSREQUESTED_2
16:35:49.083 (index):941 NODEACCESSREQUESTED_3
16:35:49.084 (index):941 NODEACCESSREQUESTED_4
16:35:49.085 (index):908 UPDATE_0
16:35:49.086 (index):908 UPDATE_1
16:35:49.087 (index):908 UPDATE_2
16:35:49.088 (index):905 UPDATE_3
16:35:49.089 (index):905 UPDATE_4
16:35:49.090 (index):884 ATTRIBUTEACCESSRELEASED_0
16:35:49.091 (index):884 ATTRIBUTEACCESSRELEASED_1
16:35:49.091 (index):884 ATTRIBUTEACCESSRELEASED_2
16:35:49.092 (index):880 NODEACCESSRELEASED_3
16:35:49.094 (index):880 NODEACCESSRELEASED_4
16:35:49.094 (index):941 NODEACCESSREQUESTED_0
16:35:49.095 (index):941 NODEACCESSREQUESTED_1
16:35:49.096 (index):941 NODEACCESSREQUESTED_2
16:35:49.097 (index):935 ATTRIBUTEACCESSREQUESTED_3
16:35:49.098 (index):941 NODEACCESSREQUESTED_4
16:35:49.099 (index):905 UPDATE_0
16:35:49.100 (index):905 UPDATE_1
16:35:49.100 (index):905 UPDATE_2
16:35:49.101 (index):908 UPDATE_3
16:35:49.103 (index):905 UPDATE_4
16:35:49.103 (index):880 NODEACCESSRELEASED_0
16:35:49.104 (index):880 NODEACCESSRELEASED_1
16:35:49.105 (index):880 NODEACCESSRELEASED_2
16:35:49.106 (index):884 ATTRIBUTEACCESSRELEASED_3
16:35:49.107 (index):880 NODEACCESSRELEASED_4
16:35:49.108 (index):941 NODEACCESSREQUESTED_0
16:35:49.109 (index):941 NODEACCESSREQUESTED_1
16:35:49.110 (index):935 ATTRIBUTEACCESSREQUESTED_2
16:35:49.110 (index):941 NODEACCESSREQUESTED_3
16:35:49.112 (index):935 ATTRIBUTEACCESSREQUESTED_4
16:35:49.113 (index):905 UPDATE_0
16:35:49.113 (index):905 UPDATE_1
16:35:49.114 (index):908 UPDATE_2
16:35:49.115 (index):905 UPDATE_3
16:35:49.116 (index):908 UPDATE_4
16:35:49.117 (index):880 NODEACCESSRELEASED_0
16:35:49.118 (index):880 NODEACCESSRELEASED_1
16:35:49.119 (index):884 ATTRIBUTEACCESSRELEASED_2
16:35:49.120 (index):880 NODEACCESSRELEASED_3
16:35:49.121 (index):884 ATTRIBUTEACCESSRELEASED_4
16:35:49.122 (index):941 NODEACCESSREQUESTED_0
16:35:49.123 (index):941 NODEACCESSREQUESTED_1
16:35:49.123 (index):935 ATTRIBUTEACCESSREQUESTED_2
16:35:49.124 (index):941 NODEACCESSREQUESTED_3
16:35:49.125 (index):941 NODEACCESSREQUESTED_4
16:35:49.127 (index):905 UPDATE_0
16:35:49.127 (index):967 WAITING_1
16:35:49.128 (index):967 WAITING_2
16:35:49.129 (index):967 WAITING_3
16:35:49.130 (index):967 WAITING_4
16:35:49.132 (index):880 NODEACCESSRELEASED_0
16:35:49.132 (index):905 UPDATE_1
16:35:49.133 (index):908 UPDATE_2
16:35:49.133 (index):967 WAITING_3
16:35:49.135 (index):905 UPDATE_4
16:35:49.136 (index):935 ATTRIBUTEACCESSREQUESTED_0
16:35:49.137 (index):880 NODEACCESSRELEASED_1
16:35:49.138 (index):884 ATTRIBUTEACCESSRELEASED_2
16:35:49.138 (index):905 UPDATE_3
16:35:49.139 (index):880 NODEACCESSRELEASED_4
16:35:49.141 (index):908 UPDATE_0
16:35:49.142 (index):941 NODEACCESSREQUESTED_1
16:35:49.142 (index):935 ATTRIBUTEACCESSREQUESTED_2
16:35:49.143 (index):880 NODEACCESSRELEASED_3
16:35:49.144 (index):935 ATTRIBUTEACCESSREQUESTED_4
16:35:49.145 (index):884 ATTRIBUTEACCESSRELEASED_0
16:35:49.146 (index):905 UPDATE_1
16:35:49.147 (index):908 UPDATE_2
16:35:49.148 (index):941 NODEACCESSREQUESTED_3
16:35:49.148 (index):908 UPDATE_4
16:35:49.150 (index):941 NODEACCESSREQUESTED_0
16:35:49.151 (index):880 NODEACCESSRELEASED_1
16:35:49.151 (index):884 ATTRIBUTEACCESSRELEASED_2
16:35:49.152 (index):905 UPDATE_3
16:35:49.153 (index):884 ATTRIBUTEACCESSRELEASED_4
16:35:49.155 (index):905 UPDATE_0
16:35:49.155 (index):941 NODEACCESSREQUESTED_1
16:35:49.156 (index):941 NODEACCESSREQUESTED_2
16:35:49.157 (index):880 NODEACCESSRELEASED_3
16:35:49.158 (index):935 ATTRIBUTEACCESSREQUESTED_4
16:35:49.159 (index):880 NODEACCESSRELEASED_0
16:35:49.160 (index):905 UPDATE_1
16:35:49.161 (index):905 UPDATE_2
16:35:49.161 (index):941 NODEACCESSREQUESTED_3
16:35:49.162 (index):908 UPDATE_4
16:35:49.164 (index):941 NODEACCESSREQUESTED_0
16:35:49.165 (index):880 NODEACCESSRELEASED_1
16:35:49.165 (index):880 NODEACCESSRELEASED_2
16:35:49.166 (index):905 UPDATE_3
16:35:49.167 (index):884 ATTRIBUTEACCESSRELEASED_4
16:35:49.169 (index):905 UPDATE_0
16:35:49.170 (index):935 ATTRIBUTEACCESSREQUESTED_1
16:35:49.170 (index):941 NODEACCESSREQUESTED_2
16:35:49.171 (index):880 NODEACCESSRELEASED_3
16:35:49.172 (index):941 NODEACCESSREQUESTED_4
16:35:49.174 (index):880 NODEACCESSRELEASED_0
16:35:49.175 (index):908 UPDATE_1
16:35:49.175 (index):905 UPDATE_2
16:35:49.176 (index):935 ATTRIBUTEACCESSREQUESTED_3
16:35:49.177 (index):905 UPDATE_4
16:35:49.179 (index):935 ATTRIBUTEACCESSREQUESTED_0
16:35:49.179 (index):884 ATTRIBUTEACCESSRELEASED_1
16:35:49.180 (index):880 NODEACCESSRELEASED_2
16:35:49.180 (index):908 UPDATE_3
16:35:49.181 (index):880 NODEACCESSRELEASED_4
16:35:49.183 (index):908 UPDATE_0
16:35:49.184 (index):941 NODEACCESSREQUESTED_1
16:35:49.184 (index):941 NODEACCESSREQUESTED_2
16:35:49.185 (index):884 ATTRIBUTEACCESSRELEASED_3
16:35:49.186 (index):941 NODEACCESSREQUESTED_4
16:35:49.188 (index):978 END_0
16:35:49.188 (index):905 UPDATE_1
16:35:49.189 (index):967 WAITING_2
16:35:49.189 (index):935 ATTRIBUTEACCESSREQUESTED_3
16:35:49.190 (index):905 UPDATE_4
16:35:49.193 (index):978 END_1
16:35:49.194 (index):967 WAITING_2
16:35:49.194 (index):908 UPDATE_3
16:35:49.195 (index):978 END_4
16:35:49.198 (index):967 WAITING_2
16:35:49.199 (index):978 END_3
16:35:49.203 (index):905 UPDATE_2
16:35:49.209 (index):978 END_2
