16:51:33.026 (index):3812 Tasks: 25; Collaborators: 20    =========================>
16:51:33.027 (index):941 NODEACCESSREQUESTED_0
16:51:33.027 (index):941 NODEACCESSREQUESTED_1
16:51:33.028 (index):935 ATTRIBUTEACCESSREQUESTED_2
16:51:33.028 (index):935 ATTRIBUTEACCESSREQUESTED_3
16:51:33.029 (index):935 ATTRIBUTEACCESSREQUESTED_4
16:51:33.029 (index):935 ATTRIBUTEACCESSREQUESTED_5
16:51:33.029 (index):941 NODEACCESSREQUESTED_6
16:51:33.030 (index):941 NODEACCESSREQUESTED_7
16:51:33.030 (index):935 ATTRIBUTEACCESSREQUESTED_8
16:51:33.031 (index):935 ATTRIBUTEACCESSREQUESTED_9
16:51:33.031 (index):941 NODEACCESSREQUESTED_10
16:51:33.032 (index):941 NODEACCESSREQUESTED_11
16:51:33.032 (index):941 NODEACCESSREQUESTED_12
16:51:33.033 (index):941 NODEACCESSREQUESTED_13
16:51:33.033 (index):941 NODEACCESSREQUESTED_14
16:51:33.033 (index):941 NODEACCESSREQUESTED_15
16:51:33.034 (index):941 NODEACCESSREQUESTED_16
16:51:33.034 (index):935 ATTRIBUTEACCESSREQUESTED_17
16:51:33.035 (index):941 NODEACCESSREQUESTED_18
16:51:33.035 (index):941 NODEACCESSREQUESTED_19
16:51:33.036 (index):880 NODEACCESSRELEASED_0
16:51:33.036 (index):880 NODEACCESSRELEASED_1
16:51:33.037 (index):884 ATTRIBUTEACCESSRELEASED_2
16:51:33.037 (index):884 ATTRIBUTEACCESSRELEASED_3
16:51:33.038 (index):884 ATTRIBUTEACCESSRELEASED_4
16:51:33.038 (index):884 ATTRIBUTEACCESSRELEASED_5
16:51:33.039 (index):880 NODEACCESSRELEASED_6
16:51:33.039 (index):880 NODEACCESSRELEASED_7
16:51:33.040 (index):884 ATTRIBUTEACCESSRELEASED_8
16:51:33.040 (index):884 ATTRIBUTEACCESSRELEASED_9
16:51:33.041 (index):880 NODEACCESSRELEASED_10
16:51:33.041 (index):880 NODEACCESSRELEASED_11
16:51:33.042 (index):880 NODEACCESSRELEASED_12
16:51:33.042 (index):880 NODEACCESSRELEASED_13
16:51:33.043 (index):880 NODEACCESSRELEASED_14
16:51:33.043 (index):880 NODEACCESSRELEASED_15
16:51:33.044 (index):880 NODEACCESSRELEASED_16
16:51:33.044 (index):884 ATTRIBUTEACCESSRELEASED_17
16:51:33.044 (index):880 NODEACCESSRELEASED_18
16:51:33.045 (index):880 NODEACCESSRELEASED_19
16:51:33.045 (index):941 NODEACCESSREQUESTED_0
16:51:33.046 (index):941 NODEACCESSREQUESTED_1
16:51:33.046 (index):935 ATTRIBUTEACCESSREQUESTED_2
16:51:33.047 (index):935 ATTRIBUTEACCESSREQUESTED_3
16:51:33.047 (index):935 ATTRIBUTEACCESSREQUESTED_4
16:51:33.048 (index):935 ATTRIBUTEACCESSREQUESTED_5
16:51:33.048 (index):941 NODEACCESSREQUESTED_6
16:51:33.049 (index):941 NODEACCESSREQUESTED_7
16:51:33.049 (index):935 ATTRIBUTEACCESSREQUESTED_8
16:51:33.050 (index):935 ATTRIBUTEACCESSREQUESTED_9
16:51:33.050 (index):941 NODEACCESSREQUESTED_10
16:51:33.051 (index):941 NODEACCESSREQUESTED_11
16:51:33.051 (index):941 NODEACCESSREQUESTED_12
16:51:33.052 (index):941 NODEACCESSREQUESTED_13
16:51:33.052 (index):941 NODEACCESSREQUESTED_14
16:51:33.052 (index):941 NODEACCESSREQUESTED_15
16:51:33.053 (index):941 NODEACCESSREQUESTED_16
16:51:33.053 (index):935 ATTRIBUTEACCESSREQUESTED_17
16:51:33.054 (index):941 NODEACCESSREQUESTED_18
16:51:33.054 (index):941 NODEACCESSREQUESTED_19
16:51:33.055 (index):905 UPDATE_0
16:51:33.055 (index):967 WAITING_1
16:51:33.056 (index):908 UPDATE_2
16:51:33.056 (index):908 UPDATE_3
16:51:33.057 (index):908 UPDATE_4
16:51:33.057 (index):908 UPDATE_5
16:51:33.058 (index):905 UPDATE_6
16:51:33.058 (index):905 UPDATE_7
16:51:33.059 (index):908 UPDATE_8
16:51:33.059 (index):908 UPDATE_9
16:51:33.059 (index):967 WAITING_10
16:51:33.060 (index):905 UPDATE_11
16:51:33.060 (index):905 UPDATE_12
16:51:33.061 (index):967 WAITING_13
16:51:33.061 (index):967 WAITING_14
16:51:33.062 (index):905 UPDATE_15
16:51:33.062 (index):905 UPDATE_16
16:51:33.062 (index):908 UPDATE_17
16:51:33.063 (index):905 UPDATE_18
16:51:33.063 (index):905 UPDATE_19
16:51:33.064 (index):880 NODEACCESSRELEASED_0
16:51:33.064 (index):905 UPDATE_1
16:51:33.065 (index):884 ATTRIBUTEACCESSRELEASED_2
16:51:33.065 (index):884 ATTRIBUTEACCESSRELEASED_3
16:51:33.066 (index):884 ATTRIBUTEACCESSRELEASED_4
16:51:33.066 (index):884 ATTRIBUTEACCESSRELEASED_5
16:51:33.067 (index):880 NODEACCESSRELEASED_6
16:51:33.067 (index):880 NODEACCESSRELEASED_7
16:51:33.068 (index):884 ATTRIBUTEACCESSRELEASED_8
16:51:33.068 (index):884 ATTRIBUTEACCESSRELEASED_9
16:51:33.069 (index):905 UPDATE_10
16:51:33.069 (index):880 NODEACCESSRELEASED_11
16:51:33.070 (index):880 NODEACCESSRELEASED_12
16:51:33.070 (index):905 UPDATE_13
16:51:33.070 (index):905 UPDATE_14
16:51:33.071 (index):880 NODEACCESSRELEASED_15
16:51:33.071 (index):880 NODEACCESSRELEASED_16
16:51:33.072 (index):884 ATTRIBUTEACCESSRELEASED_17
16:51:33.072 (index):880 NODEACCESSRELEASED_18
16:51:33.073 (index):880 NODEACCESSRELEASED_19
16:51:33.073 (index):941 NODEACCESSREQUESTED_0
16:51:33.074 (index):880 NODEACCESSRELEASED_1
16:51:33.074 (index):941 NODEACCESSREQUESTED_2
16:51:33.075 (index):941 NODEACCESSREQUESTED_3
16:51:33.075 (index):935 ATTRIBUTEACCESSREQUESTED_4
16:51:33.076 (index):941 NODEACCESSREQUESTED_5
16:51:33.076 (index):941 NODEACCESSREQUESTED_6
16:51:33.077 (index):935 ATTRIBUTEACCESSREQUESTED_7
16:51:33.077 (index):941 NODEACCESSREQUESTED_8
16:51:33.078 (index):941 NODEACCESSREQUESTED_9
16:51:33.078 (index):880 NODEACCESSRELEASED_10
16:51:33.079 (index):935 ATTRIBUTEACCESSREQUESTED_11
16:51:33.079 (index):941 NODEACCESSREQUESTED_12
16:51:33.080 (index):880 NODEACCESSRELEASED_13
16:51:33.080 (index):880 NODEACCESSRELEASED_14
16:51:33.081 (index):941 NODEACCESSREQUESTED_15
16:51:33.081 (index):941 NODEACCESSREQUESTED_16
16:51:33.082 (index):941 NODEACCESSREQUESTED_17
16:51:33.082 (index):941 NODEACCESSREQUESTED_18
16:51:33.083 (index):935 ATTRIBUTEACCESSREQUESTED_19
16:51:33.083 (index):967 WAITING_0
16:51:33.084 (index):941 NODEACCESSREQUESTED_1
16:51:33.084 (index):905 UPDATE_2
16:51:33.084 (index):905 UPDATE_3
16:51:33.085 (index):908 UPDATE_4
16:51:33.085 (index):905 UPDATE_5
16:51:33.086 (index):967 WAITING_6
16:51:33.086 (index):908 UPDATE_7
16:51:33.087 (index):905 UPDATE_8
16:51:33.087 (index):905 UPDATE_9
16:51:33.087 (index):935 ATTRIBUTEACCESSREQUESTED_10
16:51:33.088 (index):908 UPDATE_11
16:51:33.088 (index):905 UPDATE_12
16:51:33.089 (index):935 ATTRIBUTEACCESSREQUESTED_13
16:51:33.089 (index):941 NODEACCESSREQUESTED_14
16:51:33.090 (index):967 WAITING_15
16:51:33.090 (index):905 UPDATE_16
16:51:33.091 (index):905 UPDATE_17
16:51:33.091 (index):967 WAITING_18
16:51:33.092 (index):908 UPDATE_19
16:51:33.092 (index):967 WAITING_0
16:51:33.092 (index):967 WAITING_1
16:51:33.093 (index):880 NODEACCESSRELEASED_2
16:51:33.094 (index):880 NODEACCESSRELEASED_3
16:51:33.094 (index):884 ATTRIBUTEACCESSRELEASED_4
16:51:33.095 (index):880 NODEACCESSRELEASED_5
16:51:33.095 (index):905 UPDATE_6
16:51:33.096 (index):884 ATTRIBUTEACCESSRELEASED_7
16:51:33.096 (index):880 NODEACCESSRELEASED_8
16:51:33.097 (index):880 NODEACCESSRELEASED_9
16:51:33.097 (index):908 UPDATE_10
16:51:33.098 (index):884 ATTRIBUTEACCESSRELEASED_11
16:51:33.098 (index):880 NODEACCESSRELEASED_12
16:51:33.099 (index):908 UPDATE_13
16:51:33.099 (index):905 UPDATE_14
16:51:33.099 (index):905 UPDATE_15
16:51:33.100 (index):880 NODEACCESSRELEASED_16
16:51:33.101 (index):880 NODEACCESSRELEASED_17
16:51:33.101 (index):905 UPDATE_18
16:51:33.101 (index):884 ATTRIBUTEACCESSRELEASED_19
16:51:33.102 (index):967 WAITING_0
16:51:33.102 (index):967 WAITING_1
16:51:33.103 (index):941 NODEACCESSREQUESTED_2
16:51:33.103 (index):941 NODEACCESSREQUESTED_3
16:51:33.104 (index):941 NODEACCESSREQUESTED_4
16:51:33.104 (index):941 NODEACCESSREQUESTED_5
16:51:33.105 (index):880 NODEACCESSRELEASED_6
16:51:33.105 (index):941 NODEACCESSREQUESTED_7
16:51:33.106 (index):941 NODEACCESSREQUESTED_8
16:51:33.106 (index):941 NODEACCESSREQUESTED_9
16:51:33.107 (index):884 ATTRIBUTEACCESSRELEASED_10
16:51:33.107 (index):935 ATTRIBUTEACCESSREQUESTED_11
16:51:33.108 (index):941 NODEACCESSREQUESTED_12
16:51:33.108 (index):884 ATTRIBUTEACCESSRELEASED_13
16:51:33.109 (index):880 NODEACCESSRELEASED_14
16:51:33.109 (index):880 NODEACCESSRELEASED_15
16:51:33.110 (index):941 NODEACCESSREQUESTED_16
16:51:33.110 (index):941 NODEACCESSREQUESTED_17
16:51:33.111 (index):880 NODEACCESSRELEASED_18
16:51:33.111 (index):941 NODEACCESSREQUESTED_19
16:51:33.112 (index):967 WAITING_0
16:51:33.112 (index):905 UPDATE_1
16:51:33.113 (index):905 UPDATE_2
16:51:33.113 (index):905 UPDATE_3
16:51:33.113 (index):905 UPDATE_4
16:51:33.114 (index):905 UPDATE_5
16:51:33.114 (index):941 NODEACCESSREQUESTED_6
16:51:33.115 (index):967 WAITING_7
16:51:33.115 (index):905 UPDATE_8
16:51:33.116 (index):905 UPDATE_9
16:51:33.116 (index):935 ATTRIBUTEACCESSREQUESTED_10
16:51:33.117 (index):908 UPDATE_11
16:51:33.117 (index):905 UPDATE_12
16:51:33.118 (index):941 NODEACCESSREQUESTED_13
16:51:33.118 (index):941 NODEACCESSREQUESTED_14
16:51:33.119 (index):941 NODEACCESSREQUESTED_15
16:51:33.119 (index):905 UPDATE_16
16:51:33.119 (index):905 UPDATE_17
16:51:33.120 (index):941 NODEACCESSREQUESTED_18
16:51:33.120 (index):905 UPDATE_19
16:51:33.121 (index):967 WAITING_0
16:51:33.121 (index):880 NODEACCESSRELEASED_1
16:51:33.122 (index):880 NODEACCESSRELEASED_2
16:51:33.123 (index):880 NODEACCESSRELEASED_3
16:51:33.123 (index):880 NODEACCESSRELEASED_4
16:51:33.124 (index):880 NODEACCESSRELEASED_5
16:51:33.124 (index):905 UPDATE_6
16:51:33.125 (index):967 WAITING_7
16:51:33.125 (index):880 NODEACCESSRELEASED_8
16:51:33.126 (index):880 NODEACCESSRELEASED_9
16:51:33.126 (index):908 UPDATE_10
16:51:33.127 (index):884 ATTRIBUTEACCESSRELEASED_11
16:51:33.127 (index):880 NODEACCESSRELEASED_12
16:51:33.128 (index):905 UPDATE_13
16:51:33.128 (index):905 UPDATE_14
16:51:33.129 (index):905 UPDATE_15
16:51:33.129 (index):880 NODEACCESSRELEASED_16
16:51:33.130 (index):880 NODEACCESSRELEASED_17
16:51:33.130 (index):905 UPDATE_18
16:51:33.131 (index):880 NODEACCESSRELEASED_19
16:51:33.131 (index):967 WAITING_0
16:51:33.132 (index):941 NODEACCESSREQUESTED_1
16:51:33.132 (index):941 NODEACCESSREQUESTED_2
16:51:33.133 (index):935 ATTRIBUTEACCESSREQUESTED_3
16:51:33.133 (index):935 ATTRIBUTEACCESSREQUESTED_4
16:51:33.134 (index):935 ATTRIBUTEACCESSREQUESTED_5
16:51:33.134 (index):880 NODEACCESSRELEASED_6
16:51:33.135 (index):967 WAITING_7
16:51:33.135 (index):935 ATTRIBUTEACCESSREQUESTED_8
16:51:33.136 (index):941 NODEACCESSREQUESTED_9
16:51:33.136 (index):884 ATTRIBUTEACCESSRELEASED_10
16:51:33.137 (index):941 NODEACCESSREQUESTED_11
16:51:33.137 (index):935 ATTRIBUTEACCESSREQUESTED_12
16:51:33.138 (index):880 NODEACCESSRELEASED_13
16:51:33.138 (index):880 NODEACCESSRELEASED_14
16:51:33.139 (index):880 NODEACCESSRELEASED_15
16:51:33.139 (index):941 NODEACCESSREQUESTED_16
16:51:33.140 (index):935 ATTRIBUTEACCESSREQUESTED_17
16:51:33.140 (index):880 NODEACCESSRELEASED_18
16:51:33.141 (index):941 NODEACCESSREQUESTED_19
16:51:33.141 (index):967 WAITING_0
16:51:33.142 (index):905 UPDATE_1
16:51:33.142 (index):905 UPDATE_2
16:51:33.142 (index):908 UPDATE_3
16:51:33.143 (index):908 UPDATE_4
16:51:33.143 (index):908 UPDATE_5
16:51:33.144 (index):941 NODEACCESSREQUESTED_6
16:51:33.144 (index):967 WAITING_7
16:51:33.145 (index):908 UPDATE_8
16:51:33.145 (index):905 UPDATE_9
16:51:33.146 (index):941 NODEACCESSREQUESTED_10
16:51:33.146 (index):905 UPDATE_11
16:51:33.147 (index):967 WAITING_12
16:51:33.147 (index):941 NODEACCESSREQUESTED_13
16:51:33.147 (index):941 NODEACCESSREQUESTED_14
16:51:33.148 (index):941 NODEACCESSREQUESTED_15
16:51:33.148 (index):905 UPDATE_16
16:51:33.149 (index):908 UPDATE_17
16:51:33.149 (index):935 ATTRIBUTEACCESSREQUESTED_18
16:51:33.150 (index):905 UPDATE_19
16:51:33.150 (index):967 WAITING_0
16:51:33.151 (index):880 NODEACCESSRELEASED_1
16:51:33.151 (index):880 NODEACCESSRELEASED_2
16:51:33.152 (index):884 ATTRIBUTEACCESSRELEASED_3
16:51:33.153 (index):884 ATTRIBUTEACCESSRELEASED_4
16:51:33.153 (index):884 ATTRIBUTEACCESSRELEASED_5
16:51:33.154 (index):905 UPDATE_6
16:51:33.154 (index):967 WAITING_7
16:51:33.155 (index):884 ATTRIBUTEACCESSRELEASED_8
16:51:33.155 (index):880 NODEACCESSRELEASED_9
16:51:33.156 (index):967 WAITING_10
16:51:33.156 (index):880 NODEACCESSRELEASED_11
16:51:33.157 (index):908 UPDATE_12
16:51:33.157 (index):905 UPDATE_13
16:51:33.158 (index):905 UPDATE_14
16:51:33.158 (index):967 WAITING_15
16:51:33.159 (index):880 NODEACCESSRELEASED_16
16:51:33.159 (index):884 ATTRIBUTEACCESSRELEASED_17
16:51:33.160 (index):908 UPDATE_18
16:51:33.160 (index):880 NODEACCESSRELEASED_19
16:51:33.161 (index):967 WAITING_0
16:51:33.161 (index):941 NODEACCESSREQUESTED_1
16:51:33.162 (index):935 ATTRIBUTEACCESSREQUESTED_2
16:51:33.162 (index):935 ATTRIBUTEACCESSREQUESTED_3
16:51:33.163 (index):941 NODEACCESSREQUESTED_4
16:51:33.163 (index):941 NODEACCESSREQUESTED_5
16:51:33.164 (index):880 NODEACCESSRELEASED_6
16:51:33.164 (index):967 WAITING_7
16:51:33.165 (index):941 NODEACCESSREQUESTED_8
16:51:33.165 (index):935 ATTRIBUTEACCESSREQUESTED_9
16:51:33.166 (index):967 WAITING_10
16:51:33.166 (index):935 ATTRIBUTEACCESSREQUESTED_11
16:51:33.167 (index):884 ATTRIBUTEACCESSRELEASED_12
16:51:33.167 (index):880 NODEACCESSRELEASED_13
16:51:33.168 (index):880 NODEACCESSRELEASED_14
16:51:33.168 (index):967 WAITING_15
16:51:33.169 (index):935 ATTRIBUTEACCESSREQUESTED_16
16:51:33.169 (index):941 NODEACCESSREQUESTED_17
16:51:33.170 (index):884 ATTRIBUTEACCESSRELEASED_18
16:51:33.170 (index):935 ATTRIBUTEACCESSREQUESTED_19
16:51:33.171 (index):967 WAITING_0
16:51:33.171 (index):905 UPDATE_1
16:51:33.172 (index):908 UPDATE_2
16:51:33.172 (index):908 UPDATE_3
16:51:33.173 (index):905 UPDATE_4
16:51:33.173 (index):905 UPDATE_5
16:51:33.173 (index):941 NODEACCESSREQUESTED_6
16:51:33.174 (index):967 WAITING_7
16:51:33.174 (index):905 UPDATE_8
16:51:33.175 (index):908 UPDATE_9
16:51:33.175 (index):967 WAITING_10
16:51:33.176 (index):908 UPDATE_11
16:51:33.176 (index):935 ATTRIBUTEACCESSREQUESTED_12
16:51:33.177 (index):935 ATTRIBUTEACCESSREQUESTED_13
16:51:33.177 (index):941 NODEACCESSREQUESTED_14
16:51:33.178 (index):967 WAITING_15
16:51:33.178 (index):908 UPDATE_16
16:51:33.179 (index):967 WAITING_17
16:51:33.179 (index):941 NODEACCESSREQUESTED_18
16:51:33.179 (index):908 UPDATE_19
16:51:33.180 (index):967 WAITING_0
16:51:33.181 (index):880 NODEACCESSRELEASED_1
16:51:33.181 (index):884 ATTRIBUTEACCESSRELEASED_2
16:51:33.182 (index):884 ATTRIBUTEACCESSRELEASED_3
16:51:33.182 (index):880 NODEACCESSRELEASED_4
16:51:33.183 (index):880 NODEACCESSRELEASED_5
16:51:33.183 (index):905 UPDATE_6
16:51:33.184 (index):967 WAITING_7
16:51:33.184 (index):880 NODEACCESSRELEASED_8
16:51:33.185 (index):884 ATTRIBUTEACCESSRELEASED_9
16:51:33.186 (index):967 WAITING_10
16:51:33.186 (index):884 ATTRIBUTEACCESSRELEASED_11
16:51:33.187 (index):908 UPDATE_12
16:51:33.187 (index):908 UPDATE_13
16:51:33.188 (index):905 UPDATE_14
16:51:33.189 (index):967 WAITING_15
16:51:33.190 (index):884 ATTRIBUTEACCESSRELEASED_16
16:51:33.190 (index):905 UPDATE_17
16:51:33.191 (index):967 WAITING_18
16:51:33.191 (index):884 ATTRIBUTEACCESSRELEASED_19
16:51:33.192 (index):967 WAITING_0
16:51:33.192 (index):935 ATTRIBUTEACCESSREQUESTED_1
16:51:33.193 (index):935 ATTRIBUTEACCESSREQUESTED_2
16:51:33.193 (index):941 NODEACCESSREQUESTED_3
16:51:33.194 (index):941 NODEACCESSREQUESTED_4
16:51:33.194 (index):941 NODEACCESSREQUESTED_5
16:51:33.195 (index):880 NODEACCESSRELEASED_6
16:51:33.195 (index):967 WAITING_7
16:51:33.196 (index):941 NODEACCESSREQUESTED_8
16:51:33.196 (index):941 NODEACCESSREQUESTED_9
16:51:33.197 (index):967 WAITING_10
16:51:33.197 (index):941 NODEACCESSREQUESTED_11
16:51:33.198 (index):884 ATTRIBUTEACCESSRELEASED_12
16:51:33.199 (index):884 ATTRIBUTEACCESSRELEASED_13
16:51:33.200 (index):880 NODEACCESSRELEASED_14
16:51:33.200 (index):967 WAITING_15
16:51:33.201 (index):941 NODEACCESSREQUESTED_16
16:51:33.201 (index):880 NODEACCESSRELEASED_17
16:51:33.202 (index):967 WAITING_18
16:51:33.202 (index):935 ATTRIBUTEACCESSREQUESTED_19
16:51:33.203 (index):967 WAITING_0
16:51:33.203 (index):908 UPDATE_1
16:51:33.204 (index):908 UPDATE_2
16:51:33.204 (index):905 UPDATE_3
16:51:33.205 (index):905 UPDATE_4
16:51:33.205 (index):905 UPDATE_5
16:51:33.205 (index):941 NODEACCESSREQUESTED_6
16:51:33.206 (index):967 WAITING_7
16:51:33.206 (index):905 UPDATE_8
16:51:33.207 (index):905 UPDATE_9
16:51:33.207 (index):967 WAITING_10
16:51:33.208 (index):905 UPDATE_11
16:51:33.208 (index):941 NODEACCESSREQUESTED_12
16:51:33.209 (index):941 NODEACCESSREQUESTED_13
16:51:33.209 (index):935 ATTRIBUTEACCESSREQUESTED_14
16:51:33.210 (index):967 WAITING_15
16:51:33.210 (index):905 UPDATE_16
16:51:33.211 (index):941 NODEACCESSREQUESTED_17
16:51:33.211 (index):967 WAITING_18
16:51:33.212 (index):908 UPDATE_19
16:51:33.212 (index):967 WAITING_0
16:51:33.213 (index):884 ATTRIBUTEACCESSRELEASED_1
16:51:33.214 (index):884 ATTRIBUTEACCESSRELEASED_2
16:51:33.214 (index):880 NODEACCESSRELEASED_3
16:51:33.215 (index):880 NODEACCESSRELEASED_4
16:51:33.216 (index):880 NODEACCESSRELEASED_5
16:51:33.216 (index):905 UPDATE_6
16:51:33.217 (index):967 WAITING_7
16:51:33.217 (index):880 NODEACCESSRELEASED_8
16:51:33.218 (index):880 NODEACCESSRELEASED_9
16:51:33.218 (index):967 WAITING_10
16:51:33.219 (index):880 NODEACCESSRELEASED_11
16:51:33.219 (index):967 WAITING_12
16:51:33.220 (index):905 UPDATE_13
16:51:33.220 (index):908 UPDATE_14
16:51:33.221 (index):967 WAITING_15
16:51:33.222 (index):880 NODEACCESSRELEASED_16
16:51:33.222 (index):905 UPDATE_17
16:51:33.223 (index):967 WAITING_18
16:51:33.223 (index):884 ATTRIBUTEACCESSRELEASED_19
16:51:33.224 (index):967 WAITING_0
16:51:33.224 (index):935 ATTRIBUTEACCESSREQUESTED_1
16:51:33.225 (index):941 NODEACCESSREQUESTED_2
16:51:33.225 (index):935 ATTRIBUTEACCESSREQUESTED_3
16:51:33.226 (index):941 NODEACCESSREQUESTED_4
16:51:33.228 (index):941 NODEACCESSREQUESTED_5
16:51:33.228 (index):880 NODEACCESSRELEASED_6
16:51:33.229 (index):967 WAITING_7
16:51:33.229 (index):941 NODEACCESSREQUESTED_8
16:51:33.230 (index):935 ATTRIBUTEACCESSREQUESTED_9
16:51:33.230 (index):967 WAITING_10
16:51:33.231 (index):941 NODEACCESSREQUESTED_11
16:51:33.231 (index):967 WAITING_12
16:51:33.232 (index):880 NODEACCESSRELEASED_13
16:51:33.232 (index):884 ATTRIBUTEACCESSRELEASED_14
16:51:33.233 (index):967 WAITING_15
16:51:33.233 (index):941 NODEACCESSREQUESTED_16
16:51:33.234 (index):880 NODEACCESSRELEASED_17
16:51:33.235 (index):967 WAITING_18
16:51:33.235 (index):941 NODEACCESSREQUESTED_19
16:51:33.236 (index):967 WAITING_0
16:51:33.236 (index):908 UPDATE_1
16:51:33.236 (index):905 UPDATE_2
16:51:33.237 (index):908 UPDATE_3
16:51:33.237 (index):905 UPDATE_4
16:51:33.238 (index):905 UPDATE_5
16:51:33.238 (index):941 NODEACCESSREQUESTED_6
16:51:33.239 (index):967 WAITING_7
16:51:33.239 (index):905 UPDATE_8
16:51:33.240 (index):908 UPDATE_9
16:51:33.240 (index):967 WAITING_10
16:51:33.241 (index):905 UPDATE_11
16:51:33.241 (index):967 WAITING_12
16:51:33.241 (index):941 NODEACCESSREQUESTED_13
16:51:33.242 (index):941 NODEACCESSREQUESTED_14
16:51:33.242 (index):967 WAITING_15
16:51:33.243 (index):967 WAITING_16
16:51:33.243 (index):941 NODEACCESSREQUESTED_17
16:51:33.244 (index):967 WAITING_18
16:51:33.244 (index):905 UPDATE_19
16:51:33.245 (index):967 WAITING_0
16:51:33.245 (index):884 ATTRIBUTEACCESSRELEASED_1
16:51:33.246 (index):880 NODEACCESSRELEASED_2
16:51:33.247 (index):884 ATTRIBUTEACCESSRELEASED_3
16:51:33.247 (index):880 NODEACCESSRELEASED_4
16:51:33.248 (index):880 NODEACCESSRELEASED_5
16:51:33.249 (index):905 UPDATE_6
16:51:33.249 (index):967 WAITING_7
16:51:33.250 (index):880 NODEACCESSRELEASED_8
16:51:33.250 (index):884 ATTRIBUTEACCESSRELEASED_9
16:51:33.251 (index):967 WAITING_10
16:51:33.252 (index):880 NODEACCESSRELEASED_11
16:51:33.252 (index):967 WAITING_12
16:51:33.252 (index):905 UPDATE_13
16:51:33.253 (index):967 WAITING_14
16:51:33.253 (index):967 WAITING_15
16:51:33.254 (index):905 UPDATE_16
16:51:33.254 (index):905 UPDATE_17
16:51:33.255 (index):967 WAITING_18
16:51:33.255 (index):880 NODEACCESSRELEASED_19
16:51:33.256 (index):967 WAITING_0
16:51:33.256 (index):941 NODEACCESSREQUESTED_1
16:51:33.257 (index):935 ATTRIBUTEACCESSREQUESTED_2
16:51:33.257 (index):941 NODEACCESSREQUESTED_3
16:51:33.258 (index):935 ATTRIBUTEACCESSREQUESTED_4
16:51:33.258 (index):935 ATTRIBUTEACCESSREQUESTED_5
16:51:33.259 (index):880 NODEACCESSRELEASED_6
16:51:33.259 (index):967 WAITING_7
16:51:33.260 (index):941 NODEACCESSREQUESTED_8
16:51:33.260 (index):941 NODEACCESSREQUESTED_9
16:51:33.261 (index):967 WAITING_10
16:51:33.261 (index):935 ATTRIBUTEACCESSREQUESTED_11
16:51:33.262 (index):967 WAITING_12
16:51:33.263 (index):880 NODEACCESSRELEASED_13
16:51:33.263 (index):967 WAITING_14
16:51:33.264 (index):967 WAITING_15
16:51:33.264 (index):880 NODEACCESSRELEASED_16
16:51:33.265 (index):880 NODEACCESSRELEASED_17
16:51:33.266 (index):967 WAITING_18
16:51:33.266 (index):941 NODEACCESSREQUESTED_19
16:51:33.266 (index):967 WAITING_0
16:51:33.267 (index):905 UPDATE_1
16:51:33.267 (index):908 UPDATE_2
16:51:33.268 (index):905 UPDATE_3
16:51:33.268 (index):908 UPDATE_4
16:51:33.309 (index):908 UPDATE_5
16:51:33.310 (index):941 NODEACCESSREQUESTED_6
16:51:33.310 (index):967 WAITING_7
16:51:33.311 (index):905 UPDATE_8
16:51:33.311 (index):967 WAITING_9
16:51:33.312 (index):967 WAITING_10
16:51:33.312 (index):908 UPDATE_11
16:51:33.313 (index):967 WAITING_12
16:51:33.313 (index):941 NODEACCESSREQUESTED_13
16:51:33.314 (index):967 WAITING_14
16:51:33.314 (index):967 WAITING_15
16:51:33.315 (index):941 NODEACCESSREQUESTED_16
16:51:33.315 (index):941 NODEACCESSREQUESTED_17
16:51:33.316 (index):967 WAITING_18
16:51:33.316 (index):905 UPDATE_19
16:51:33.317 (index):967 WAITING_0
16:51:33.317 (index):880 NODEACCESSRELEASED_1
16:51:33.318 (index):884 ATTRIBUTEACCESSRELEASED_2
16:51:33.319 (index):880 NODEACCESSRELEASED_3
16:51:33.320 (index):884 ATTRIBUTEACCESSRELEASED_4
16:51:33.320 (index):884 ATTRIBUTEACCESSRELEASED_5
16:51:33.321 (index):905 UPDATE_6
16:51:33.322 (index):967 WAITING_7
16:51:33.322 (index):880 NODEACCESSRELEASED_8
16:51:33.323 (index):905 UPDATE_9
16:51:33.323 (index):967 WAITING_10
16:51:33.324 (index):884 ATTRIBUTEACCESSRELEASED_11
16:51:33.325 (index):967 WAITING_12
16:51:33.325 (index):905 UPDATE_13
16:51:33.325 (index):967 WAITING_14
16:51:33.326 (index):967 WAITING_15
16:51:33.326 (index):967 WAITING_16
16:51:33.327 (index):905 UPDATE_17
16:51:33.327 (index):967 WAITING_18
16:51:33.328 (index):880 NODEACCESSRELEASED_19
16:51:33.328 (index):967 WAITING_0
16:51:33.329 (index):941 NODEACCESSREQUESTED_1
16:51:33.329 (index):935 ATTRIBUTEACCESSREQUESTED_2
16:51:33.330 (index):941 NODEACCESSREQUESTED_3
16:51:33.330 (index):941 NODEACCESSREQUESTED_4
16:51:33.331 (index):941 NODEACCESSREQUESTED_5
16:51:33.332 (index):880 NODEACCESSRELEASED_6
16:51:33.332 (index):967 WAITING_7
16:51:33.333 (index):941 NODEACCESSREQUESTED_8
16:51:33.333 (index):880 NODEACCESSRELEASED_9
16:51:33.334 (index):967 WAITING_10
16:51:33.334 (index):941 NODEACCESSREQUESTED_11
16:51:33.335 (index):967 WAITING_12
16:51:33.335 (index):880 NODEACCESSRELEASED_13
16:51:33.336 (index):967 WAITING_14
16:51:33.336 (index):967 WAITING_15
16:51:33.337 (index):905 UPDATE_16
16:51:33.338 (index):880 NODEACCESSRELEASED_17
16:51:33.338 (index):967 WAITING_18
16:51:33.339 (index):935 ATTRIBUTEACCESSREQUESTED_19
16:51:33.339 (index):967 WAITING_0
16:51:33.339 (index):905 UPDATE_1
16:51:33.340 (index):908 UPDATE_2
16:51:33.340 (index):905 UPDATE_3
16:51:33.341 (index):905 UPDATE_4
16:51:33.341 (index):905 UPDATE_5
16:51:33.342 (index):941 NODEACCESSREQUESTED_6
16:51:33.342 (index):967 WAITING_7
16:51:33.343 (index):905 UPDATE_8
16:51:33.343 (index):941 NODEACCESSREQUESTED_9
16:51:33.344 (index):967 WAITING_10
16:51:33.344 (index):905 UPDATE_11
16:51:33.345 (index):967 WAITING_12
16:51:33.345 (index):935 ATTRIBUTEACCESSREQUESTED_13
16:51:33.346 (index):967 WAITING_14
16:51:33.346 (index):967 WAITING_15
16:51:33.347 (index):880 NODEACCESSRELEASED_16
16:51:33.347 (index):941 NODEACCESSREQUESTED_17
16:51:33.348 (index):967 WAITING_18
16:51:33.348 (index):908 UPDATE_19
16:51:33.349 (index):967 WAITING_0
16:51:33.349 (index):880 NODEACCESSRELEASED_1
16:51:33.350 (index):884 ATTRIBUTEACCESSRELEASED_2
16:51:33.351 (index):880 NODEACCESSRELEASED_3
16:51:33.351 (index):880 NODEACCESSRELEASED_4
16:51:33.352 (index):880 NODEACCESSRELEASED_5
16:51:33.353 (index):905 UPDATE_6
16:51:33.353 (index):967 WAITING_7
16:51:33.354 (index):880 NODEACCESSRELEASED_8
16:51:33.354 (index):905 UPDATE_9
16:51:33.355 (index):967 WAITING_10
16:51:33.355 (index):880 NODEACCESSRELEASED_11
16:51:33.356 (index):967 WAITING_12
16:51:33.356 (index):908 UPDATE_13
16:51:33.357 (index):967 WAITING_14
16:51:33.357 (index):967 WAITING_15
16:51:33.358 (index):941 NODEACCESSREQUESTED_16
16:51:33.358 (index):905 UPDATE_17
16:51:33.359 (index):967 WAITING_18
16:51:33.359 (index):884 ATTRIBUTEACCESSRELEASED_19
16:51:33.360 (index):967 WAITING_0
16:51:33.360 (index):941 NODEACCESSREQUESTED_1
16:51:33.361 (index):935 ATTRIBUTEACCESSREQUESTED_2
16:51:33.361 (index):941 NODEACCESSREQUESTED_3
16:51:33.362 (index):935 ATTRIBUTEACCESSREQUESTED_4
16:51:33.362 (index):935 ATTRIBUTEACCESSREQUESTED_5
16:51:33.363 (index):880 NODEACCESSRELEASED_6
16:51:33.364 (index):967 WAITING_7
16:51:33.364 (index):941 NODEACCESSREQUESTED_8
16:51:33.365 (index):880 NODEACCESSRELEASED_9
16:51:33.365 (index):967 WAITING_10
16:51:33.366 (index):941 NODEACCESSREQUESTED_11
16:51:33.366 (index):967 WAITING_12
16:51:33.367 (index):884 ATTRIBUTEACCESSRELEASED_13
16:51:33.367 (index):967 WAITING_14
16:51:33.368 (index):967 WAITING_15
16:51:33.368 (index):905 UPDATE_16
16:51:33.369 (index):880 NODEACCESSRELEASED_17
16:51:33.370 (index):967 WAITING_18
16:51:33.370 (index):941 NODEACCESSREQUESTED_19
16:51:33.371 (index):967 WAITING_0
16:51:33.371 (index):905 UPDATE_1
16:51:33.371 (index):908 UPDATE_2
16:51:33.372 (index):967 WAITING_3
16:51:33.372 (index):908 UPDATE_4
16:51:33.373 (index):908 UPDATE_5
16:51:33.373 (index):935 ATTRIBUTEACCESSREQUESTED_6
16:51:33.374 (index):967 WAITING_7
16:51:33.374 (index):905 UPDATE_8
16:51:33.375 (index):941 NODEACCESSREQUESTED_9
16:51:33.375 (index):967 WAITING_10
16:51:33.376 (index):967 WAITING_11
16:51:33.376 (index):967 WAITING_12
16:51:33.377 (index):941 NODEACCESSREQUESTED_13
16:51:33.377 (index):967 WAITING_14
16:51:33.378 (index):967 WAITING_15
16:51:33.378 (index):880 NODEACCESSRELEASED_16
16:51:33.379 (index):935 ATTRIBUTEACCESSREQUESTED_17
16:51:33.379 (index):967 WAITING_18
16:51:33.380 (index):905 UPDATE_19
16:51:33.380 (index):967 WAITING_0
16:51:33.381 (index):880 NODEACCESSRELEASED_1
16:51:33.382 (index):884 ATTRIBUTEACCESSRELEASED_2
16:51:33.382 (index):905 UPDATE_3
16:51:33.383 (index):884 ATTRIBUTEACCESSRELEASED_4
16:51:33.383 (index):884 ATTRIBUTEACCESSRELEASED_5
16:51:33.384 (index):908 UPDATE_6
16:51:33.384 (index):967 WAITING_7
16:51:33.385 (index):880 NODEACCESSRELEASED_8
16:51:33.386 (index):905 UPDATE_9
16:51:33.386 (index):967 WAITING_10
16:51:33.386 (index):905 UPDATE_11
16:51:33.387 (index):967 WAITING_12
16:51:33.387 (index):905 UPDATE_13
16:51:33.388 (index):967 WAITING_14
16:51:33.388 (index):967 WAITING_15
16:51:33.389 (index):941 NODEACCESSREQUESTED_16
16:51:33.389 (index):908 UPDATE_17
16:51:33.390 (index):967 WAITING_18
16:51:33.390 (index):880 NODEACCESSRELEASED_19
16:51:33.391 (index):967 WAITING_0
16:51:33.391 (index):941 NODEACCESSREQUESTED_1
16:51:33.392 (index):941 NODEACCESSREQUESTED_2
16:51:33.393 (index):880 NODEACCESSRELEASED_3
16:51:33.393 (index):935 ATTRIBUTEACCESSREQUESTED_4
16:51:33.394 (index):941 NODEACCESSREQUESTED_5
16:51:33.394 (index):884 ATTRIBUTEACCESSRELEASED_6
16:51:33.395 (index):967 WAITING_7
16:51:33.395 (index):935 ATTRIBUTEACCESSREQUESTED_8
16:51:33.396 (index):880 NODEACCESSRELEASED_9
16:51:33.397 (index):967 WAITING_10
16:51:33.397 (index):880 NODEACCESSRELEASED_11
16:51:33.398 (index):967 WAITING_12
16:51:33.399 (index):880 NODEACCESSRELEASED_13
16:51:33.399 (index):967 WAITING_14
16:51:33.400 (index):967 WAITING_15
16:51:33.400 (index):967 WAITING_16
16:51:33.401 (index):884 ATTRIBUTEACCESSRELEASED_17
16:51:33.401 (index):967 WAITING_18
16:51:33.402 (index):941 NODEACCESSREQUESTED_19
16:51:33.402 (index):967 WAITING_0
16:51:33.403 (index):905 UPDATE_1
16:51:33.403 (index):905 UPDATE_2
16:51:33.404 (index):941 NODEACCESSREQUESTED_3
16:51:33.404 (index):967 WAITING_4
16:51:33.404 (index):905 UPDATE_5
16:51:33.405 (index):941 NODEACCESSREQUESTED_6
16:51:33.405 (index):967 WAITING_7
16:51:33.406 (index):908 UPDATE_8
16:51:33.406 (index):941 NODEACCESSREQUESTED_9
16:51:33.407 (index):967 WAITING_10
16:51:33.407 (index):941 NODEACCESSREQUESTED_11
16:51:33.408 (index):967 WAITING_12
16:51:33.408 (index):941 NODEACCESSREQUESTED_13
16:51:33.409 (index):967 WAITING_14
16:51:33.409 (index):967 WAITING_15
16:51:33.410 (index):967 WAITING_16
16:51:33.410 (index):941 NODEACCESSREQUESTED_17
16:51:33.411 (index):967 WAITING_18
16:51:33.411 (index):905 UPDATE_19
16:51:33.411 (index):967 WAITING_0
16:51:33.412 (index):880 NODEACCESSRELEASED_1
16:51:33.413 (index):880 NODEACCESSRELEASED_2
16:51:33.413 (index):905 UPDATE_3
16:51:33.414 (index):908 UPDATE_4
16:51:33.415 (index):880 NODEACCESSRELEASED_5
16:51:33.415 (index):905 UPDATE_6
16:51:33.415 (index):967 WAITING_7
16:51:33.416 (index):884 ATTRIBUTEACCESSRELEASED_8
16:51:33.417 (index):905 UPDATE_9
16:51:33.417 (index):967 WAITING_10
16:51:33.417 (index):967 WAITING_11
16:51:33.418 (index):967 WAITING_12
16:51:33.418 (index):905 UPDATE_13
16:51:33.419 (index):967 WAITING_14
16:51:33.419 (index):967 WAITING_15
16:51:33.420 (index):967 WAITING_16
16:51:33.420 (index):905 UPDATE_17
16:51:33.420 (index):967 WAITING_18
16:51:33.421 (index):880 NODEACCESSRELEASED_19
16:51:33.422 (index):967 WAITING_0
16:51:33.422 (index):941 NODEACCESSREQUESTED_1
16:51:33.423 (index):941 NODEACCESSREQUESTED_2
16:51:33.423 (index):880 NODEACCESSRELEASED_3
16:51:33.424 (index):884 ATTRIBUTEACCESSRELEASED_4
16:51:33.425 (index):941 NODEACCESSREQUESTED_5
16:51:33.425 (index):880 NODEACCESSRELEASED_6
16:51:33.426 (index):967 WAITING_7
16:51:33.426 (index):941 NODEACCESSREQUESTED_8
16:51:33.427 (index):880 NODEACCESSRELEASED_9
16:51:33.428 (index):967 WAITING_10
16:51:33.428 (index):967 WAITING_11
16:51:33.428 (index):967 WAITING_12
16:51:33.429 (index):880 NODEACCESSRELEASED_13
16:51:33.430 (index):967 WAITING_14
16:51:33.430 (index):967 WAITING_15
16:51:33.430 (index):967 WAITING_16
16:51:33.431 (index):880 NODEACCESSRELEASED_17
16:51:33.432 (index):967 WAITING_18
16:51:33.432 (index):941 NODEACCESSREQUESTED_19
16:51:33.433 (index):967 WAITING_0
16:51:33.433 (index):905 UPDATE_1
16:51:33.433 (index):905 UPDATE_2
16:51:33.434 (index):935 ATTRIBUTEACCESSREQUESTED_3
16:51:33.434 (index):941 NODEACCESSREQUESTED_4
16:51:33.435 (index):905 UPDATE_5
16:51:33.435 (index):941 NODEACCESSREQUESTED_6
16:51:33.436 (index):967 WAITING_7
16:51:33.436 (index):905 UPDATE_8
16:51:33.437 (index):941 NODEACCESSREQUESTED_9
16:51:33.437 (index):967 WAITING_10
16:51:33.437 (index):967 WAITING_11
16:51:33.438 (index):967 WAITING_12
16:51:33.438 (index):935 ATTRIBUTEACCESSREQUESTED_13
16:51:33.439 (index):967 WAITING_14
16:51:33.439 (index):967 WAITING_15
16:51:33.440 (index):967 WAITING_16
16:51:33.440 (index):941 NODEACCESSREQUESTED_17
16:51:33.441 (index):967 WAITING_18
16:51:33.441 (index):905 UPDATE_19
16:51:33.442 (index):967 WAITING_0
16:51:33.442 (index):880 NODEACCESSRELEASED_1
16:51:33.443 (index):880 NODEACCESSRELEASED_2
16:51:33.444 (index):908 UPDATE_3
16:51:33.444 (index):905 UPDATE_4
16:51:33.445 (index):880 NODEACCESSRELEASED_5
16:51:33.445 (index):905 UPDATE_6
16:51:33.446 (index):967 WAITING_7
16:51:33.447 (index):880 NODEACCESSRELEASED_8
16:51:33.447 (index):905 UPDATE_9
16:51:33.448 (index):967 WAITING_10
16:51:33.448 (index):967 WAITING_11
16:51:33.448 (index):967 WAITING_12
16:51:33.449 (index):908 UPDATE_13
16:51:33.449 (index):967 WAITING_14
16:51:33.450 (index):967 WAITING_15
16:51:33.450 (index):967 WAITING_16
16:51:33.451 (index):905 UPDATE_17
16:51:33.451 (index):967 WAITING_18
16:51:33.452 (index):880 NODEACCESSRELEASED_19
16:51:33.453 (index):967 WAITING_0
16:51:33.453 (index):935 ATTRIBUTEACCESSREQUESTED_1
16:51:33.453 (index):941 NODEACCESSREQUESTED_2
16:51:33.454 (index):884 ATTRIBUTEACCESSRELEASED_3
16:51:33.455 (index):880 NODEACCESSRELEASED_4
16:51:33.455 (index):941 NODEACCESSREQUESTED_5
16:51:33.456 (index):880 NODEACCESSRELEASED_6
16:51:33.457 (index):967 WAITING_7
16:51:33.457 (index):935 ATTRIBUTEACCESSREQUESTED_8
16:51:33.458 (index):880 NODEACCESSRELEASED_9
16:51:33.458 (index):967 WAITING_10
16:51:33.459 (index):967 WAITING_11
16:51:33.459 (index):967 WAITING_12
16:51:33.460 (index):884 ATTRIBUTEACCESSRELEASED_13
16:51:33.460 (index):967 WAITING_14
16:51:33.461 (index):967 WAITING_15
16:51:33.461 (index):967 WAITING_16
16:51:33.462 (index):880 NODEACCESSRELEASED_17
16:51:33.463 (index):967 WAITING_18
16:51:33.463 (index):941 NODEACCESSREQUESTED_19
16:51:33.464 (index):967 WAITING_0
16:51:33.464 (index):908 UPDATE_1
16:51:33.464 (index):905 UPDATE_2
16:51:33.465 (index):935 ATTRIBUTEACCESSREQUESTED_3
16:51:33.465 (index):941 NODEACCESSREQUESTED_4
16:51:33.466 (index):905 UPDATE_5
16:51:33.466 (index):935 ATTRIBUTEACCESSREQUESTED_6
16:51:33.467 (index):967 WAITING_7
16:51:33.467 (index):908 UPDATE_8
16:51:33.468 (index):935 ATTRIBUTEACCESSREQUESTED_9
16:51:33.468 (index):967 WAITING_10
16:51:33.469 (index):967 WAITING_11
16:51:33.469 (index):967 WAITING_12
16:51:33.469 (index):941 NODEACCESSREQUESTED_13
16:51:33.470 (index):967 WAITING_14
16:51:33.470 (index):967 WAITING_15
16:51:33.471 (index):967 WAITING_16
16:51:33.471 (index):941 NODEACCESSREQUESTED_17
16:51:33.472 (index):967 WAITING_18
16:51:33.472 (index):905 UPDATE_19
16:51:33.473 (index):967 WAITING_0
16:51:33.473 (index):884 ATTRIBUTEACCESSRELEASED_1
16:51:33.474 (index):978 END_2
16:51:33.475 (index):908 UPDATE_3
16:51:33.475 (index):905 UPDATE_4
16:51:33.475 (index):978 END_5
16:51:33.476 (index):908 UPDATE_6
16:51:33.477 (index):967 WAITING_7
16:51:33.477 (index):978 END_8
16:51:33.478 (index):908 UPDATE_9
16:51:33.478 (index):967 WAITING_10
16:51:33.479 (index):967 WAITING_11
16:51:33.479 (index):967 WAITING_12
16:51:33.480 (index):905 UPDATE_13
16:51:33.480 (index):967 WAITING_14
16:51:33.480 (index):967 WAITING_15
16:51:33.481 (index):967 WAITING_16
16:51:33.481 (index):905 UPDATE_17
16:51:33.482 (index):967 WAITING_18
16:51:33.482 (index):978 END_19
16:51:33.483 (index):967 WAITING_0
16:51:33.483 (index):941 NODEACCESSREQUESTED_1
16:51:33.484 (index):978 END_3
16:51:33.507 (index):978 END_4
16:51:33.508 (index):978 END_6
16:51:33.508 (index):967 WAITING_7
16:51:33.509 (index):978 END_9
16:51:33.510 (index):967 WAITING_10
16:51:33.510 (index):967 WAITING_11
16:51:33.511 (index):967 WAITING_12
16:51:33.511 (index):978 END_13
16:51:33.512 (index):967 WAITING_14
16:51:33.512 (index):967 WAITING_15
16:51:33.513 (index):967 WAITING_16
16:51:33.513 (index):978 END_17
16:51:33.514 (index):967 WAITING_18
16:51:33.514 (index):967 WAITING_0
16:51:33.515 (index):905 UPDATE_1
16:51:33.515 (index):967 WAITING_7
16:51:33.516 (index):967 WAITING_10
16:51:33.516 (index):967 WAITING_11
16:51:33.517 (index):967 WAITING_12
16:51:33.517 (index):967 WAITING_14
16:51:33.518 (index):967 WAITING_15
16:51:33.518 (index):967 WAITING_16
16:51:33.518 (index):967 WAITING_18
16:51:33.519 (index):967 WAITING_0
16:51:33.519 (index):978 END_1
16:51:33.520 (index):967 WAITING_7
16:51:33.520 (index):967 WAITING_10
16:51:33.521 (index):967 WAITING_11
16:51:33.521 (index):967 WAITING_12
16:51:33.522 (index):967 WAITING_14
16:51:33.522 (index):967 WAITING_15
16:51:33.523 (index):967 WAITING_16
16:51:33.523 (index):967 WAITING_18
16:51:33.524 (index):905 UPDATE_0
16:51:33.525 (index):967 WAITING_7
16:51:33.525 (index):967 WAITING_10
16:51:33.525 (index):967 WAITING_11
16:51:33.526 (index):967 WAITING_12
16:51:33.526 (index):967 WAITING_14
16:51:33.527 (index):967 WAITING_15
16:51:33.527 (index):967 WAITING_16
16:51:33.528 (index):967 WAITING_18
16:51:33.529 (index):880 NODEACCESSRELEASED_0
16:51:33.529 (index):905 UPDATE_7
16:51:33.529 (index):967 WAITING_10
16:51:33.530 (index):967 WAITING_11
16:51:33.530 (index):967 WAITING_12
16:51:33.531 (index):967 WAITING_14
16:51:33.531 (index):967 WAITING_15
16:51:33.532 (index):967 WAITING_16
16:51:33.532 (index):967 WAITING_18
16:51:33.533 (index):935 ATTRIBUTEACCESSREQUESTED_0
16:51:33.534 (index):880 NODEACCESSRELEASED_7
16:51:33.534 (index):905 UPDATE_10
16:51:33.535 (index):967 WAITING_11
16:51:33.535 (index):967 WAITING_12
16:51:33.536 (index):967 WAITING_14
16:51:33.536 (index):967 WAITING_15
16:51:33.537 (index):967 WAITING_16
16:51:33.537 (index):967 WAITING_18
16:51:33.538 (index):967 WAITING_0
16:51:33.538 (index):941 NODEACCESSREQUESTED_7
16:51:33.539 (index):880 NODEACCESSRELEASED_10
16:51:33.540 (index):967 WAITING_11
16:51:33.540 (index):967 WAITING_12
16:51:33.540 (index):967 WAITING_14
16:51:33.541 (index):905 UPDATE_15
16:51:33.541 (index):967 WAITING_16
16:51:33.542 (index):967 WAITING_18
16:51:33.542 (index):967 WAITING_0
16:51:33.543 (index):967 WAITING_7
16:51:33.544 (index):941 NODEACCESSREQUESTED_10
16:51:33.544 (index):967 WAITING_11
16:51:33.545 (index):967 WAITING_12
16:51:33.545 (index):967 WAITING_14
16:51:33.546 (index):880 NODEACCESSRELEASED_15
16:51:33.546 (index):967 WAITING_16
16:51:33.547 (index):905 UPDATE_18
16:51:33.547 (index):967 WAITING_0
16:51:33.548 (index):967 WAITING_7
16:51:33.548 (index):905 UPDATE_10
16:51:33.549 (index):967 WAITING_11
16:51:33.549 (index):967 WAITING_12
16:51:33.549 (index):967 WAITING_14
16:51:33.550 (index):935 ATTRIBUTEACCESSREQUESTED_15
16:51:33.551 (index):967 WAITING_16
16:51:33.551 (index):880 NODEACCESSRELEASED_18
16:51:33.552 (index):967 WAITING_0
16:51:33.552 (index):967 WAITING_7
16:51:33.553 (index):880 NODEACCESSRELEASED_10
16:51:33.553 (index):905 UPDATE_11
16:51:33.554 (index):967 WAITING_12
16:51:33.554 (index):967 WAITING_14
16:51:33.555 (index):967 WAITING_15
16:51:33.555 (index):967 WAITING_16
16:51:33.556 (index):941 NODEACCESSREQUESTED_18
16:51:33.556 (index):967 WAITING_0
16:51:33.557 (index):967 WAITING_7
16:51:33.557 (index):935 ATTRIBUTEACCESSREQUESTED_10
16:51:33.558 (index):880 NODEACCESSRELEASED_11
16:51:33.559 (index):967 WAITING_12
16:51:33.559 (index):967 WAITING_14
16:51:33.559 (index):967 WAITING_15
16:51:33.560 (index):967 WAITING_16
16:51:33.560 (index):967 WAITING_18
16:51:33.561 (index):908 UPDATE_0
16:51:33.561 (index):905 UPDATE_7
16:51:33.562 (index):908 UPDATE_10
16:51:33.563 (index):935 ATTRIBUTEACCESSREQUESTED_11
16:51:33.563 (index):967 WAITING_12
16:51:33.564 (index):967 WAITING_14
16:51:33.564 (index):967 WAITING_15
16:51:33.564 (index):967 WAITING_16
16:51:33.565 (index):967 WAITING_18
16:51:33.566 (index):884 ATTRIBUTEACCESSRELEASED_0
16:51:33.566 (index):880 NODEACCESSRELEASED_7
16:51:33.567 (index):884 ATTRIBUTEACCESSRELEASED_10
16:51:33.567 (index):908 UPDATE_11
16:51:33.568 (index):967 WAITING_12
16:51:33.568 (index):967 WAITING_14
16:51:33.568 (index):908 UPDATE_15
16:51:33.569 (index):967 WAITING_16
16:51:33.569 (index):905 UPDATE_18
16:51:33.570 (index):941 NODEACCESSREQUESTED_0
16:51:33.571 (index):935 ATTRIBUTEACCESSREQUESTED_7
16:51:33.571 (index):941 NODEACCESSREQUESTED_10
16:51:33.572 (index):884 ATTRIBUTEACCESSRELEASED_11
16:51:33.572 (index):967 WAITING_12
16:51:33.573 (index):967 WAITING_14
16:51:33.573 (index):884 ATTRIBUTEACCESSRELEASED_15
16:51:33.574 (index):967 WAITING_16
16:51:33.575 (index):880 NODEACCESSRELEASED_18
16:51:33.575 (index):905 UPDATE_0
16:51:33.575 (index):908 UPDATE_7
16:51:33.576 (index):905 UPDATE_10
16:51:33.576 (index):941 NODEACCESSREQUESTED_11
16:51:33.577 (index):967 WAITING_12
16:51:33.577 (index):967 WAITING_14
16:51:33.578 (index):941 NODEACCESSREQUESTED_15
16:51:33.578 (index):967 WAITING_16
16:51:33.579 (index):941 NODEACCESSREQUESTED_18
16:51:33.580 (index):880 NODEACCESSRELEASED_0
16:51:33.580 (index):884 ATTRIBUTEACCESSRELEASED_7
16:51:33.581 (index):880 NODEACCESSRELEASED_10
16:51:33.581 (index):905 UPDATE_11
