16:51:32.134 (index):3812 Tasks: 25; Collaborators: 20    =========================>
16:51:32.135 (index):941 NODEACCESSREQUESTED_0
16:51:32.135 (index):941 NODEACCESSREQUESTED_1
16:51:32.136 (index):935 ATTRIBUTEACCESSREQUESTED_2
16:51:32.136 (index):935 ATTRIBUTEACCESSREQUESTED_3
16:51:32.137 (index):935 ATTRIBUTEACCESSREQUESTED_4
16:51:32.137 (index):935 ATTRIBUTEACCESSREQUESTED_5
16:51:32.138 (index):941 NODEACCESSREQUESTED_6
16:51:32.138 (index):941 NODEACCESSREQUESTED_7
16:51:32.139 (index):935 ATTRIBUTEACCESSREQUESTED_8
16:51:32.139 (index):935 ATTRIBUTEACCESSREQUESTED_9
16:51:32.140 (index):941 NODEACCESSREQUESTED_10
16:51:32.140 (index):941 NODEACCESSREQUESTED_11
16:51:32.140 (index):941 NODEACCESSREQUESTED_12
16:51:32.141 (index):941 NODEACCESSREQUESTED_13
16:51:32.141 (index):941 NODEACCESSREQUESTED_14
16:51:32.142 (index):941 NODEACCESSREQUESTED_15
16:51:32.142 (index):941 NODEACCESSREQUESTED_16
16:51:32.143 (index):935 ATTRIBUTEACCESSREQUESTED_17
16:51:32.143 (index):941 NODEACCESSREQUESTED_18
16:51:32.144 (index):941 NODEACCESSREQUESTED_19
16:51:32.144 (index):880 NODEACCESSRELEASED_0
16:51:32.145 (index):880 NODEACCESSRELEASED_1
16:51:32.145 (index):884 ATTRIBUTEACCESSRELEASED_2
16:51:32.146 (index):884 ATTRIBUTEACCESSRELEASED_3
16:51:32.146 (index):884 ATTRIBUTEACCESSRELEASED_4
16:51:32.147 (index):884 ATTRIBUTEACCESSRELEASED_5
16:51:32.148 (index):880 NODEACCESSRELEASED_6
16:51:32.148 (index):880 NODEACCESSRELEASED_7
16:51:32.149 (index):884 ATTRIBUTEACCESSRELEASED_8
16:51:32.149 (index):884 ATTRIBUTEACCESSRELEASED_9
16:51:32.150 (index):880 NODEACCESSRELEASED_10
16:51:32.150 (index):880 NODEACCESSRELEASED_11
16:51:32.151 (index):880 NODEACCESSRELEASED_12
16:51:32.152 (index):880 NODEACCESSRELEASED_13
16:51:32.152 (index):880 NODEACCESSRELEASED_14
16:51:32.153 (index):880 NODEACCESSRELEASED_15
16:51:32.153 (index):880 NODEACCESSRELEASED_16
16:51:32.154 (index):884 ATTRIBUTEACCESSRELEASED_17
16:51:32.154 (index):967 WAITING_18
16:51:32.155 (index):880 NODEACCESSRELEASED_19
16:51:32.155 (index):941 NODEACCESSREQUESTED_0
16:51:32.156 (index):941 NODEACCESSREQUESTED_1
16:51:32.156 (index):935 ATTRIBUTEACCESSREQUESTED_2
16:51:32.157 (index):935 ATTRIBUTEACCESSREQUESTED_3
16:51:32.157 (index):935 ATTRIBUTEACCESSREQUESTED_4
16:51:32.158 (index):935 ATTRIBUTEACCESSREQUESTED_5
16:51:32.158 (index):941 NODEACCESSREQUESTED_6
16:51:32.159 (index):941 NODEACCESSREQUESTED_7
16:51:32.159 (index):935 ATTRIBUTEACCESSREQUESTED_8
16:51:32.160 (index):935 ATTRIBUTEACCESSREQUESTED_9
16:51:32.160 (index):941 NODEACCESSREQUESTED_10
16:51:32.160 (index):941 NODEACCESSREQUESTED_11
16:51:32.161 (index):941 NODEACCESSREQUESTED_12
16:51:32.161 (index):941 NODEACCESSREQUESTED_13
16:51:32.162 (index):941 NODEACCESSREQUESTED_14
16:51:32.163 (index):941 NODEACCESSREQUESTED_15
16:51:32.163 (index):941 NODEACCESSREQUESTED_16
16:51:32.164 (index):935 ATTRIBUTEACCESSREQUESTED_17
16:51:32.164 (index):880 NODEACCESSRELEASED_18
16:51:32.165 (index):941 NODEACCESSREQUESTED_19
16:51:32.165 (index):905 UPDATE_0
16:51:32.166 (index):967 WAITING_1
16:51:32.166 (index):908 UPDATE_2
16:51:32.167 (index):967 WAITING_3
16:51:32.167 (index):908 UPDATE_4
16:51:32.168 (index):967 WAITING_5
16:51:32.168 (index):905 UPDATE_6
16:51:32.169 (index):967 WAITING_7
16:51:32.169 (index):908 UPDATE_8
16:51:32.169 (index):967 WAITING_9
16:51:32.170 (index):905 UPDATE_10
16:51:32.170 (index):967 WAITING_11
16:51:32.171 (index):905 UPDATE_12
16:51:32.172 (index):967 WAITING_13
16:51:32.172 (index):905 UPDATE_14
16:51:32.172 (index):967 WAITING_15
16:51:32.173 (index):967 WAITING_16
16:51:32.173 (index):908 UPDATE_17
16:51:32.174 (index):941 NODEACCESSREQUESTED_18
16:51:32.174 (index):905 UPDATE_19
16:51:32.175 (index):880 NODEACCESSRELEASED_0
16:51:32.175 (index):967 WAITING_1
16:51:32.176 (index):884 ATTRIBUTEACCESSRELEASED_2
16:51:32.177 (index):908 UPDATE_3
16:51:32.177 (index):884 ATTRIBUTEACCESSRELEASED_4
16:51:32.178 (index):908 UPDATE_5
16:51:32.178 (index):880 NODEACCESSRELEASED_6
16:51:32.179 (index):905 UPDATE_7
16:51:32.179 (index):884 ATTRIBUTEACCESSRELEASED_8
16:51:32.180 (index):908 UPDATE_9
16:51:32.180 (index):880 NODEACCESSRELEASED_10
16:51:32.181 (index):967 WAITING_11
16:51:32.181 (index):880 NODEACCESSRELEASED_12
16:51:32.182 (index):905 UPDATE_13
16:51:32.182 (index):880 NODEACCESSRELEASED_14
16:51:32.183 (index):905 UPDATE_15
16:51:32.183 (index):905 UPDATE_16
16:51:32.184 (index):884 ATTRIBUTEACCESSRELEASED_17
16:51:32.184 (index):905 UPDATE_18
16:51:32.185 (index):880 NODEACCESSRELEASED_19
16:51:32.185 (index):941 NODEACCESSREQUESTED_0
16:51:32.185 (index):967 WAITING_1
16:51:32.186 (index):941 NODEACCESSREQUESTED_2
16:51:32.186 (index):884 ATTRIBUTEACCESSRELEASED_3
16:51:32.187 (index):935 ATTRIBUTEACCESSREQUESTED_4
16:51:32.188 (index):884 ATTRIBUTEACCESSRELEASED_5
16:51:32.189 (index):941 NODEACCESSREQUESTED_6
16:51:32.190 (index):880 NODEACCESSRELEASED_7
16:51:32.191 (index):941 NODEACCESSREQUESTED_8
16:51:32.192 (index):884 ATTRIBUTEACCESSRELEASED_9
16:51:32.192 (index):935 ATTRIBUTEACCESSREQUESTED_10
16:51:32.193 (index):967 WAITING_11
16:51:32.194 (index):941 NODEACCESSREQUESTED_12
16:51:32.195 (index):880 NODEACCESSRELEASED_13
16:51:32.196 (index):941 NODEACCESSREQUESTED_14
16:51:32.196 (index):880 NODEACCESSRELEASED_15
16:51:32.197 (index):880 NODEACCESSRELEASED_16
16:51:32.198 (index):941 NODEACCESSREQUESTED_17
16:51:32.199 (index):880 NODEACCESSRELEASED_18
16:51:32.199 (index):935 ATTRIBUTEACCESSREQUESTED_19
16:51:32.200 (index):905 UPDATE_0
16:51:32.200 (index):967 WAITING_1
16:51:32.200 (index):905 UPDATE_2
16:51:32.201 (index):941 NODEACCESSREQUESTED_3
16:51:32.201 (index):908 UPDATE_4
16:51:32.202 (index):941 NODEACCESSREQUESTED_5
16:51:32.202 (index):967 WAITING_6
16:51:32.203 (index):935 ATTRIBUTEACCESSREQUESTED_7
16:51:32.203 (index):905 UPDATE_8
16:51:32.204 (index):941 NODEACCESSREQUESTED_9
16:51:32.204 (index):908 UPDATE_10
16:51:32.204 (index):905 UPDATE_11
16:51:32.205 (index):967 WAITING_12
16:51:32.205 (index):935 ATTRIBUTEACCESSREQUESTED_13
16:51:32.206 (index):905 UPDATE_14
16:51:32.206 (index):941 NODEACCESSREQUESTED_15
16:51:32.207 (index):941 NODEACCESSREQUESTED_16
16:51:32.207 (index):905 UPDATE_17
16:51:32.208 (index):941 NODEACCESSREQUESTED_18
16:51:32.208 (index):908 UPDATE_19
16:51:32.209 (index):880 NODEACCESSRELEASED_0
16:51:32.253 (index):967 WAITING_1
16:51:32.253 (index):880 NODEACCESSRELEASED_2
16:51:32.254 (index):967 WAITING_3
16:51:32.254 (index):884 ATTRIBUTEACCESSRELEASED_4
16:51:32.255 (index):905 UPDATE_5
16:51:32.255 (index):967 WAITING_6
16:51:32.256 (index):908 UPDATE_7
16:51:32.256 (index):880 NODEACCESSRELEASED_8
16:51:32.257 (index):905 UPDATE_9
16:51:32.257 (index):884 ATTRIBUTEACCESSRELEASED_10
16:51:32.258 (index):880 NODEACCESSRELEASED_11
16:51:32.258 (index):905 UPDATE_12
16:51:32.259 (index):908 UPDATE_13
16:51:32.259 (index):880 NODEACCESSRELEASED_14
16:51:32.260 (index):905 UPDATE_15
16:51:32.261 (index):905 UPDATE_16
16:51:32.262 (index):880 NODEACCESSRELEASED_17
16:51:32.262 (index):905 UPDATE_18
16:51:32.263 (index):884 ATTRIBUTEACCESSRELEASED_19
16:51:32.263 (index):935 ATTRIBUTEACCESSREQUESTED_0
16:51:32.264 (index):967 WAITING_1
16:51:32.264 (index):941 NODEACCESSREQUESTED_2
16:51:32.265 (index):967 WAITING_3
16:51:32.265 (index):941 NODEACCESSREQUESTED_4
16:51:32.266 (index):880 NODEACCESSRELEASED_5
16:51:32.266 (index):967 WAITING_6
16:51:32.267 (index):884 ATTRIBUTEACCESSRELEASED_7
16:51:32.267 (index):941 NODEACCESSREQUESTED_8
16:51:32.268 (index):880 NODEACCESSRELEASED_9
16:51:32.268 (index):935 ATTRIBUTEACCESSREQUESTED_10
16:51:32.268 (index):935 ATTRIBUTEACCESSREQUESTED_11
16:51:32.269 (index):880 NODEACCESSRELEASED_12
16:51:32.270 (index):884 ATTRIBUTEACCESSRELEASED_13
16:51:32.270 (index):941 NODEACCESSREQUESTED_14
16:51:32.271 (index):880 NODEACCESSRELEASED_15
16:51:32.271 (index):880 NODEACCESSRELEASED_16
16:51:32.272 (index):941 NODEACCESSREQUESTED_17
16:51:32.272 (index):880 NODEACCESSRELEASED_18
16:51:32.273 (index):941 NODEACCESSREQUESTED_19
16:51:32.273 (index):908 UPDATE_0
16:51:32.273 (index):967 WAITING_1
16:51:32.274 (index):905 UPDATE_2
16:51:32.274 (index):967 WAITING_3
16:51:32.275 (index):967 WAITING_4
16:51:32.275 (index):941 NODEACCESSREQUESTED_5
16:51:32.276 (index):967 WAITING_6
16:51:32.276 (index):941 NODEACCESSREQUESTED_7
16:51:32.277 (index):905 UPDATE_8
16:51:32.277 (index):941 NODEACCESSREQUESTED_9
16:51:32.278 (index):908 UPDATE_10
16:51:32.278 (index):908 UPDATE_11
16:51:32.278 (index):941 NODEACCESSREQUESTED_12
16:51:32.279 (index):941 NODEACCESSREQUESTED_13
16:51:32.279 (index):905 UPDATE_14
16:51:32.280 (index):941 NODEACCESSREQUESTED_15
16:51:32.280 (index):941 NODEACCESSREQUESTED_16
16:51:32.281 (index):905 UPDATE_17
16:51:32.281 (index):941 NODEACCESSREQUESTED_18
16:51:32.282 (index):905 UPDATE_19
16:51:32.282 (index):884 ATTRIBUTEACCESSRELEASED_0
16:51:32.283 (index):967 WAITING_1
16:51:32.283 (index):880 NODEACCESSRELEASED_2
16:51:32.304 (index):967 WAITING_3
16:51:32.305 (index):905 UPDATE_4
16:51:32.305 (index):905 UPDATE_5
16:51:32.306 (index):967 WAITING_6
16:51:32.306 (index):905 UPDATE_7
16:51:32.307 (index):880 NODEACCESSRELEASED_8
16:51:32.307 (index):905 UPDATE_9
16:51:32.308 (index):884 ATTRIBUTEACCESSRELEASED_10
16:51:32.309 (index):884 ATTRIBUTEACCESSRELEASED_11
16:51:32.309 (index):967 WAITING_12
16:51:32.310 (index):967 WAITING_13
16:51:32.310 (index):880 NODEACCESSRELEASED_14
16:51:32.311 (index):905 UPDATE_15
16:51:32.311 (index):905 UPDATE_16
16:51:32.312 (index):880 NODEACCESSRELEASED_17
16:51:32.312 (index):905 UPDATE_18
16:51:32.313 (index):880 NODEACCESSRELEASED_19
16:51:32.313 (index):941 NODEACCESSREQUESTED_0
16:51:32.314 (index):967 WAITING_1
16:51:32.314 (index):941 NODEACCESSREQUESTED_2
16:51:32.314 (index):967 WAITING_3
16:51:32.315 (index):880 NODEACCESSRELEASED_4
16:51:32.316 (index):880 NODEACCESSRELEASED_5
16:51:32.316 (index):967 WAITING_6
16:51:32.317 (index):880 NODEACCESSRELEASED_7
16:51:32.317 (index):935 ATTRIBUTEACCESSREQUESTED_8
16:51:32.318 (index):880 NODEACCESSRELEASED_9
16:51:32.318 (index):941 NODEACCESSREQUESTED_10
16:51:32.319 (index):935 ATTRIBUTEACCESSREQUESTED_11
16:51:32.319 (index):967 WAITING_12
16:51:32.320 (index):905 UPDATE_13
16:51:32.320 (index):941 NODEACCESSREQUESTED_14
16:51:32.321 (index):880 NODEACCESSRELEASED_15
16:51:32.321 (index):880 NODEACCESSRELEASED_16
16:51:32.322 (index):935 ATTRIBUTEACCESSREQUESTED_17
16:51:32.322 (index):880 NODEACCESSRELEASED_18
16:51:32.323 (index):941 NODEACCESSREQUESTED_19
16:51:32.323 (index):905 UPDATE_0
16:51:32.324 (index):967 WAITING_1
16:51:32.324 (index):905 UPDATE_2
16:51:32.325 (index):967 WAITING_3
16:51:32.325 (index):935 ATTRIBUTEACCESSREQUESTED_4
16:51:32.326 (index):935 ATTRIBUTEACCESSREQUESTED_5
16:51:32.326 (index):967 WAITING_6
16:51:32.327 (index):941 NODEACCESSREQUESTED_7
16:51:32.327 (index):908 UPDATE_8
16:51:32.328 (index):941 NODEACCESSREQUESTED_9
16:51:32.328 (index):905 UPDATE_10
16:51:32.328 (index):908 UPDATE_11
16:51:32.329 (index):967 WAITING_12
16:51:32.330 (index):880 NODEACCESSRELEASED_13
16:51:32.330 (index):967 WAITING_14
16:51:32.330 (index):941 NODEACCESSREQUESTED_15
16:51:32.331 (index):941 NODEACCESSREQUESTED_16
16:51:32.331 (index):908 UPDATE_17
16:51:32.332 (index):935 ATTRIBUTEACCESSREQUESTED_18
16:51:32.332 (index):905 UPDATE_19
16:51:32.333 (index):880 NODEACCESSRELEASED_0
16:51:32.333 (index):967 WAITING_1
16:51:32.334 (index):880 NODEACCESSRELEASED_2
16:51:32.335 (index):967 WAITING_3
16:51:32.335 (index):967 WAITING_4
16:51:32.335 (index):908 UPDATE_5
16:51:32.336 (index):967 WAITING_6
16:51:32.336 (index):967 WAITING_7
16:51:32.337 (index):884 ATTRIBUTEACCESSRELEASED_8
16:51:32.337 (index):905 UPDATE_9
16:51:32.338 (index):880 NODEACCESSRELEASED_10
16:51:32.339 (index):884 ATTRIBUTEACCESSRELEASED_11
16:51:32.339 (index):967 WAITING_12
16:51:32.340 (index):941 NODEACCESSREQUESTED_13
16:51:32.340 (index):967 WAITING_14
16:51:32.341 (index):967 WAITING_15
16:51:32.341 (index):967 WAITING_16
16:51:32.342 (index):884 ATTRIBUTEACCESSRELEASED_17
16:51:32.342 (index):908 UPDATE_18
16:51:32.343 (index):880 NODEACCESSRELEASED_19
16:51:32.343 (index):941 NODEACCESSREQUESTED_0
16:51:32.344 (index):967 WAITING_1
16:51:32.344 (index):935 ATTRIBUTEACCESSREQUESTED_2
16:51:32.345 (index):967 WAITING_3
16:51:32.345 (index):908 UPDATE_4
16:51:32.346 (index):884 ATTRIBUTEACCESSRELEASED_5
16:51:32.346 (index):967 WAITING_6
16:51:32.347 (index):967 WAITING_7
16:51:32.347 (index):941 NODEACCESSREQUESTED_8
16:51:32.348 (index):880 NODEACCESSRELEASED_9
16:51:32.349 (index):941 NODEACCESSREQUESTED_10
16:51:32.350 (index):941 NODEACCESSREQUESTED_11
16:51:32.351 (index):967 WAITING_12
16:51:32.352 (index):905 UPDATE_13
16:51:32.353 (index):967 WAITING_14
16:51:32.353 (index):905 UPDATE_15
16:51:32.354 (index):905 UPDATE_16
16:51:32.354 (index):941 NODEACCESSREQUESTED_17
16:51:32.355 (index):884 ATTRIBUTEACCESSRELEASED_18
16:51:32.355 (index):935 ATTRIBUTEACCESSREQUESTED_19
16:51:32.356 (index):905 UPDATE_0
16:51:32.356 (index):967 WAITING_1
16:51:32.357 (index):908 UPDATE_2
16:51:32.357 (index):967 WAITING_3
16:51:32.358 (index):884 ATTRIBUTEACCESSRELEASED_4
16:51:32.358 (index):941 NODEACCESSREQUESTED_5
16:51:32.359 (index):967 WAITING_6
16:51:32.359 (index):967 WAITING_7
16:51:32.360 (index):905 UPDATE_8
16:51:32.360 (index):935 ATTRIBUTEACCESSREQUESTED_9
16:51:32.360 (index):905 UPDATE_10
16:51:32.361 (index):967 WAITING_11
16:51:32.361 (index):967 WAITING_12
16:51:32.362 (index):880 NODEACCESSRELEASED_13
16:51:32.362 (index):967 WAITING_14
16:51:32.363 (index):880 NODEACCESSRELEASED_15
16:51:32.364 (index):880 NODEACCESSRELEASED_16
16:51:32.364 (index):905 UPDATE_17
16:51:32.365 (index):941 NODEACCESSREQUESTED_18
16:51:32.365 (index):967 WAITING_19
16:51:32.366 (index):880 NODEACCESSRELEASED_0
16:51:32.366 (index):967 WAITING_1
16:51:32.367 (index):884 ATTRIBUTEACCESSRELEASED_2
16:51:32.367 (index):967 WAITING_3
16:51:32.368 (index):941 NODEACCESSREQUESTED_4
16:51:32.368 (index):905 UPDATE_5
16:51:32.369 (index):967 WAITING_6
16:51:32.369 (index):967 WAITING_7
16:51:32.370 (index):880 NODEACCESSRELEASED_8
16:51:32.370 (index):908 UPDATE_9
16:51:32.371 (index):880 NODEACCESSRELEASED_10
16:51:32.372 (index):905 UPDATE_11
16:51:32.372 (index):967 WAITING_12
16:51:32.372 (index):935 ATTRIBUTEACCESSREQUESTED_13
16:51:32.373 (index):967 WAITING_14
16:51:32.373 (index):935 ATTRIBUTEACCESSREQUESTED_15
16:51:32.374 (index):935 ATTRIBUTEACCESSREQUESTED_16
16:51:32.375 (index):880 NODEACCESSRELEASED_17
16:51:32.375 (index):905 UPDATE_18
16:51:32.375 (index):908 UPDATE_19
16:51:32.376 (index):935 ATTRIBUTEACCESSREQUESTED_0
16:51:32.376 (index):967 WAITING_1
16:51:32.377 (index):935 ATTRIBUTEACCESSREQUESTED_2
16:51:32.377 (index):967 WAITING_3
16:51:32.378 (index):967 WAITING_4
16:51:32.378 (index):880 NODEACCESSRELEASED_5
16:51:32.379 (index):967 WAITING_6
16:51:32.379 (index):967 WAITING_7
16:51:32.380 (index):941 NODEACCESSREQUESTED_8
16:51:32.380 (index):884 ATTRIBUTEACCESSRELEASED_9
16:51:32.381 (index):935 ATTRIBUTEACCESSREQUESTED_10
16:51:32.381 (index):880 NODEACCESSRELEASED_11
16:51:32.382 (index):967 WAITING_12
16:51:32.382 (index):908 UPDATE_13
16:51:32.383 (index):967 WAITING_14
16:51:32.383 (index):908 UPDATE_15
16:51:32.384 (index):967 WAITING_16
16:51:32.384 (index):941 NODEACCESSREQUESTED_17
16:51:32.385 (index):880 NODEACCESSRELEASED_18
16:51:32.385 (index):884 ATTRIBUTEACCESSRELEASED_19
16:51:32.386 (index):908 UPDATE_0
16:51:32.386 (index):967 WAITING_1
16:51:32.387 (index):908 UPDATE_2
16:51:32.387 (index):967 WAITING_3
16:51:32.388 (index):905 UPDATE_4
16:51:32.388 (index):941 NODEACCESSREQUESTED_5
16:51:32.388 (index):967 WAITING_6
16:51:32.389 (index):967 WAITING_7
16:51:32.389 (index):905 UPDATE_8
16:51:32.390 (index):941 NODEACCESSREQUESTED_9
16:51:32.390 (index):908 UPDATE_10
16:51:32.391 (index):935 ATTRIBUTEACCESSREQUESTED_11
16:51:32.391 (index):967 WAITING_12
16:51:32.392 (index):884 ATTRIBUTEACCESSRELEASED_13
16:51:32.392 (index):967 WAITING_14
16:51:32.393 (index):884 ATTRIBUTEACCESSRELEASED_15
16:51:32.393 (index):967 WAITING_16
16:51:32.394 (index):967 WAITING_17
16:51:32.394 (index):941 NODEACCESSREQUESTED_18
16:51:32.395 (index):935 ATTRIBUTEACCESSREQUESTED_19
16:51:32.395 (index):884 ATTRIBUTEACCESSRELEASED_0
16:51:32.396 (index):967 WAITING_1
16:51:32.397 (index):884 ATTRIBUTEACCESSRELEASED_2
16:51:32.397 (index):967 WAITING_3
16:51:32.398 (index):880 NODEACCESSRELEASED_4
16:51:32.398 (index):967 WAITING_5
16:51:32.399 (index):967 WAITING_6
16:51:32.399 (index):967 WAITING_7
16:51:32.400 (index):880 NODEACCESSRELEASED_8
16:51:32.400 (index):905 UPDATE_9
16:51:32.401 (index):884 ATTRIBUTEACCESSRELEASED_10
16:51:32.401 (index):908 UPDATE_11
16:51:32.402 (index):967 WAITING_12
16:51:32.402 (index):941 NODEACCESSREQUESTED_13
16:51:32.403 (index):967 WAITING_14
16:51:32.403 (index):941 NODEACCESSREQUESTED_15
16:51:32.404 (index):908 UPDATE_16
16:51:32.404 (index):967 WAITING_17
16:51:32.404 (index):905 UPDATE_18
16:51:32.405 (index):908 UPDATE_19
16:51:32.405 (index):941 NODEACCESSREQUESTED_0
16:51:32.406 (index):967 WAITING_1
16:51:32.406 (index):941 NODEACCESSREQUESTED_2
16:51:32.407 (index):967 WAITING_3
16:51:32.407 (index):941 NODEACCESSREQUESTED_4
16:51:32.408 (index):967 WAITING_5
16:51:32.408 (index):967 WAITING_6
16:51:32.408 (index):967 WAITING_7
16:51:32.409 (index):941 NODEACCESSREQUESTED_8
16:51:32.410 (index):880 NODEACCESSRELEASED_9
16:51:32.410 (index):941 NODEACCESSREQUESTED_10
16:51:32.411 (index):884 ATTRIBUTEACCESSRELEASED_11
16:51:32.411 (index):967 WAITING_12
16:51:32.412 (index):905 UPDATE_13
16:51:32.412 (index):967 WAITING_14
16:51:32.413 (index):905 UPDATE_15
16:51:32.413 (index):884 ATTRIBUTEACCESSRELEASED_16
16:51:32.414 (index):967 WAITING_17
16:51:32.415 (index):880 NODEACCESSRELEASED_18
16:51:32.415 (index):884 ATTRIBUTEACCESSRELEASED_19
16:51:32.416 (index):905 UPDATE_0
16:51:32.416 (index):967 WAITING_1
16:51:32.417 (index):905 UPDATE_2
16:51:32.417 (index):967 WAITING_3
16:51:32.418 (index):967 WAITING_4
16:51:32.418 (index):905 UPDATE_5
16:51:32.418 (index):967 WAITING_6
16:51:32.419 (index):967 WAITING_7
16:51:32.419 (index):967 WAITING_8
16:51:32.420 (index):935 ATTRIBUTEACCESSREQUESTED_9
16:51:32.420 (index):905 UPDATE_10
16:51:32.421 (index):941 NODEACCESSREQUESTED_11
16:51:32.421 (index):967 WAITING_12
16:51:32.422 (index):880 NODEACCESSRELEASED_13
16:51:32.422 (index):967 WAITING_14
16:51:32.423 (index):880 NODEACCESSRELEASED_15
16:51:32.424 (index):941 NODEACCESSREQUESTED_16
16:51:32.424 (index):967 WAITING_17
16:51:32.425 (index):941 NODEACCESSREQUESTED_18
16:51:32.425 (index):941 NODEACCESSREQUESTED_19
16:51:32.426 (index):880 NODEACCESSRELEASED_0
16:51:32.426 (index):967 WAITING_1
16:51:32.427 (index):880 NODEACCESSRELEASED_2
16:51:32.428 (index):967 WAITING_3
16:51:32.428 (index):967 WAITING_4
16:51:32.429 (index):880 NODEACCESSRELEASED_5
16:51:32.429 (index):967 WAITING_6
16:51:32.430 (index):967 WAITING_7
16:51:32.430 (index):967 WAITING_8
16:51:32.431 (index):908 UPDATE_9
16:51:32.431 (index):880 NODEACCESSRELEASED_10
16:51:32.432 (index):905 UPDATE_11
16:51:32.432 (index):967 WAITING_12
16:51:32.433 (index):941 NODEACCESSREQUESTED_13
16:51:32.433 (index):967 WAITING_14
16:51:32.434 (index):941 NODEACCESSREQUESTED_15
16:51:32.434 (index):905 UPDATE_16
16:51:32.435 (index):967 WAITING_17
16:51:32.435 (index):905 UPDATE_18
16:51:32.435 (index):905 UPDATE_19
16:51:32.436 (index):941 NODEACCESSREQUESTED_0
16:51:32.436 (index):967 WAITING_1
16:51:32.437 (index):935 ATTRIBUTEACCESSREQUESTED_2
16:51:32.438 (index):967 WAITING_3
16:51:32.438 (index):967 WAITING_4
16:51:32.439 (index):941 NODEACCESSREQUESTED_5
16:51:32.440 (index):967 WAITING_6
16:51:32.440 (index):967 WAITING_7
16:51:32.441 (index):967 WAITING_8
16:51:32.442 (index):884 ATTRIBUTEACCESSRELEASED_9
16:51:32.442 (index):941 NODEACCESSREQUESTED_10
16:51:32.444 (index):880 NODEACCESSRELEASED_11
16:51:32.444 (index):967 WAITING_12
16:51:32.445 (index):967 WAITING_13
16:51:32.446 (index):967 WAITING_14
16:51:32.446 (index):905 UPDATE_15
16:51:32.448 (index):880 NODEACCESSRELEASED_16
16:51:32.448 (index):967 WAITING_17
16:51:32.449 (index):880 NODEACCESSRELEASED_18
16:51:32.450 (index):880 NODEACCESSRELEASED_19
16:51:32.450 (index):905 UPDATE_0
16:51:32.451 (index):967 WAITING_1
16:51:32.451 (index):908 UPDATE_2
16:51:32.452 (index):967 WAITING_3
16:51:32.452 (index):967 WAITING_4
16:51:32.452 (index):905 UPDATE_5
16:51:32.453 (index):967 WAITING_6
16:51:32.453 (index):967 WAITING_7
16:51:32.454 (index):967 WAITING_8
16:51:32.454 (index):941 NODEACCESSREQUESTED_9
16:51:32.455 (index):905 UPDATE_10
16:51:32.455 (index):941 NODEACCESSREQUESTED_11
16:51:32.455 (index):967 WAITING_12
16:51:32.456 (index):905 UPDATE_13
16:51:32.456 (index):967 WAITING_14
16:51:32.457 (index):880 NODEACCESSRELEASED_15
16:51:32.458 (index):941 NODEACCESSREQUESTED_16
16:51:32.458 (index):967 WAITING_17
16:51:32.458 (index):941 NODEACCESSREQUESTED_18
16:51:32.459 (index):941 NODEACCESSREQUESTED_19
16:51:32.460 (index):880 NODEACCESSRELEASED_0
16:51:32.460 (index):967 WAITING_1
16:51:32.461 (index):884 ATTRIBUTEACCESSRELEASED_2
16:51:32.461 (index):967 WAITING_3
16:51:32.462 (index):967 WAITING_4
16:51:32.463 (index):880 NODEACCESSRELEASED_5
16:51:32.463 (index):967 WAITING_6
16:51:32.463 (index):967 WAITING_7
16:51:32.464 (index):967 WAITING_8
16:51:32.465 (index):905 UPDATE_9
16:51:32.466 (index):880 NODEACCESSRELEASED_10
16:51:32.467 (index):905 UPDATE_11
16:51:32.468 (index):967 WAITING_12
16:51:32.469 (index):880 NODEACCESSRELEASED_13
16:51:32.469 (index):967 WAITING_14
16:51:32.470 (index):941 NODEACCESSREQUESTED_15
16:51:32.470 (index):905 UPDATE_16
16:51:32.471 (index):967 WAITING_17
16:51:32.471 (index):967 WAITING_18
16:51:32.472 (index):905 UPDATE_19
16:51:32.472 (index):941 NODEACCESSREQUESTED_0
16:51:32.473 (index):967 WAITING_1
16:51:32.473 (index):935 ATTRIBUTEACCESSREQUESTED_2
16:51:32.474 (index):967 WAITING_3
16:51:32.474 (index):967 WAITING_4
16:51:32.475 (index):935 ATTRIBUTEACCESSREQUESTED_5
16:51:32.475 (index):967 WAITING_6
16:51:32.475 (index):967 WAITING_7
16:51:32.476 (index):967 WAITING_8
16:51:32.477 (index):880 NODEACCESSRELEASED_9
16:51:32.477 (index):941 NODEACCESSREQUESTED_10
16:51:32.478 (index):880 NODEACCESSRELEASED_11
16:51:32.478 (index):967 WAITING_12
16:51:32.479 (index):941 NODEACCESSREQUESTED_13
16:51:32.479 (index):967 WAITING_14
16:51:32.480 (index):905 UPDATE_15
16:51:32.480 (index):880 NODEACCESSRELEASED_16
16:51:32.481 (index):967 WAITING_17
16:51:32.481 (index):905 UPDATE_18
16:51:32.482 (index):880 NODEACCESSRELEASED_19
16:51:32.482 (index):905 UPDATE_0
16:51:32.483 (index):967 WAITING_1
16:51:32.483 (index):908 UPDATE_2
16:51:32.484 (index):967 WAITING_3
16:51:32.484 (index):967 WAITING_4
16:51:32.485 (index):908 UPDATE_5
16:51:32.485 (index):967 WAITING_6
16:51:32.485 (index):967 WAITING_7
16:51:32.486 (index):967 WAITING_8
16:51:32.486 (index):941 NODEACCESSREQUESTED_9
16:51:32.487 (index):905 UPDATE_10
16:51:32.487 (index):935 ATTRIBUTEACCESSREQUESTED_11
16:51:32.488 (index):967 WAITING_12
16:51:32.488 (index):905 UPDATE_13
16:51:32.489 (index):967 WAITING_14
16:51:32.489 (index):880 NODEACCESSRELEASED_15
16:51:32.490 (index):941 NODEACCESSREQUESTED_16
16:51:32.490 (index):967 WAITING_17
16:51:32.491 (index):880 NODEACCESSRELEASED_18
16:51:32.492 (index):935 ATTRIBUTEACCESSREQUESTED_19
16:51:32.492 (index):880 NODEACCESSRELEASED_0
16:51:32.493 (index):967 WAITING_1
16:51:32.494 (index):884 ATTRIBUTEACCESSRELEASED_2
16:51:32.494 (index):967 WAITING_3
16:51:32.495 (index):967 WAITING_4
16:51:32.495 (index):884 ATTRIBUTEACCESSRELEASED_5
16:51:32.496 (index):967 WAITING_6
16:51:32.496 (index):967 WAITING_7
16:51:32.497 (index):967 WAITING_8
16:51:32.497 (index):905 UPDATE_9
16:51:32.498 (index):880 NODEACCESSRELEASED_10
16:51:32.498 (index):908 UPDATE_11
16:51:32.499 (index):967 WAITING_12
16:51:32.500 (index):880 NODEACCESSRELEASED_13
16:51:32.500 (index):967 WAITING_14
16:51:32.500 (index):935 ATTRIBUTEACCESSREQUESTED_15
16:51:32.501 (index):905 UPDATE_16
16:51:32.501 (index):967 WAITING_17
16:51:32.502 (index):941 NODEACCESSREQUESTED_18
16:51:32.502 (index):908 UPDATE_19
16:51:32.503 (index):935 ATTRIBUTEACCESSREQUESTED_0
16:51:32.503 (index):967 WAITING_1
16:51:32.504 (index):935 ATTRIBUTEACCESSREQUESTED_2
16:51:32.504 (index):967 WAITING_3
16:51:32.504 (index):967 WAITING_4
16:51:32.505 (index):941 NODEACCESSREQUESTED_5
16:51:32.505 (index):967 WAITING_6
16:51:32.506 (index):967 WAITING_7
16:51:32.506 (index):967 WAITING_8
16:51:32.507 (index):880 NODEACCESSRELEASED_9
16:51:32.507 (index):935 ATTRIBUTEACCESSREQUESTED_10
16:51:32.508 (index):884 ATTRIBUTEACCESSRELEASED_11
16:51:32.508 (index):967 WAITING_12
16:51:32.509 (index):935 ATTRIBUTEACCESSREQUESTED_13
16:51:32.509 (index):967 WAITING_14
16:51:32.510 (index):908 UPDATE_15
16:51:32.510 (index):880 NODEACCESSRELEASED_16
16:51:32.511 (index):967 WAITING_17
16:51:32.511 (index):905 UPDATE_18
16:51:32.512 (index):884 ATTRIBUTEACCESSRELEASED_19
16:51:32.512 (index):908 UPDATE_0
16:51:32.513 (index):967 WAITING_1
16:51:32.513 (index):908 UPDATE_2
16:51:32.514 (index):967 WAITING_3
16:51:32.514 (index):967 WAITING_4
16:51:32.515 (index):905 UPDATE_5
16:51:32.515 (index):967 WAITING_6
16:51:32.516 (index):967 WAITING_7
16:51:32.516 (index):967 WAITING_8
16:51:32.516 (index):941 NODEACCESSREQUESTED_9
16:51:32.517 (index):908 UPDATE_10
16:51:32.517 (index):941 NODEACCESSREQUESTED_11
16:51:32.518 (index):967 WAITING_12
16:51:32.518 (index):908 UPDATE_13
16:51:32.519 (index):967 WAITING_14
16:51:32.519 (index):884 ATTRIBUTEACCESSRELEASED_15
16:51:32.520 (index):941 NODEACCESSREQUESTED_16
16:51:32.520 (index):967 WAITING_17
16:51:32.521 (index):880 NODEACCESSRELEASED_18
16:51:32.521 (index):941 NODEACCESSREQUESTED_19
16:51:32.522 (index):884 ATTRIBUTEACCESSRELEASED_0
16:51:32.523 (index):967 WAITING_1
16:51:32.523 (index):884 ATTRIBUTEACCESSRELEASED_2
16:51:32.524 (index):967 WAITING_3
16:51:32.524 (index):967 WAITING_4
16:51:32.525 (index):880 NODEACCESSRELEASED_5
16:51:32.526 (index):967 WAITING_6
16:51:32.526 (index):967 WAITING_7
16:51:32.526 (index):967 WAITING_8
16:51:32.527 (index):905 UPDATE_9
16:51:32.528 (index):884 ATTRIBUTEACCESSRELEASED_10
16:51:32.528 (index):905 UPDATE_11
16:51:32.528 (index):967 WAITING_12
16:51:32.529 (index):884 ATTRIBUTEACCESSRELEASED_13
16:51:32.530 (index):967 WAITING_14
16:51:32.530 (index):941 NODEACCESSREQUESTED_15
16:51:32.531 (index):905 UPDATE_16
16:51:32.531 (index):967 WAITING_17
16:51:32.531 (index):935 ATTRIBUTEACCESSREQUESTED_18
16:51:32.532 (index):905 UPDATE_19
16:51:32.532 (index):941 NODEACCESSREQUESTED_0
16:51:32.533 (index):967 WAITING_1
16:51:32.533 (index):941 NODEACCESSREQUESTED_2
16:51:32.534 (index):967 WAITING_3
16:51:32.534 (index):967 WAITING_4
16:51:32.535 (index):935 ATTRIBUTEACCESSREQUESTED_5
16:51:32.535 (index):967 WAITING_6
16:51:32.536 (index):967 WAITING_7
16:51:32.536 (index):967 WAITING_8
16:51:32.537 (index):880 NODEACCESSRELEASED_9
16:51:32.537 (index):941 NODEACCESSREQUESTED_10
16:51:32.538 (index):880 NODEACCESSRELEASED_11
16:51:32.538 (index):967 WAITING_12
16:51:32.539 (index):941 NODEACCESSREQUESTED_13
16:51:32.539 (index):967 WAITING_14
16:51:32.540 (index):905 UPDATE_15
16:51:32.541 (index):880 NODEACCESSRELEASED_16
16:51:32.541 (index):967 WAITING_17
16:51:32.541 (index):908 UPDATE_18
16:51:32.542 (index):880 NODEACCESSRELEASED_19
16:51:32.543 (index):905 UPDATE_0
16:51:32.543 (index):967 WAITING_1
16:51:32.544 (index):905 UPDATE_2
16:51:32.544 (index):967 WAITING_3
16:51:32.544 (index):967 WAITING_4
16:51:32.545 (index):908 UPDATE_5
16:51:32.545 (index):967 WAITING_6
16:51:32.546 (index):967 WAITING_7
16:51:32.546 (index):967 WAITING_8
16:51:32.547 (index):941 NODEACCESSREQUESTED_9
16:51:32.547 (index):905 UPDATE_10
16:51:32.547 (index):941 NODEACCESSREQUESTED_11
16:51:32.548 (index):967 WAITING_12
16:51:32.548 (index):905 UPDATE_13
16:51:32.549 (index):967 WAITING_14
16:51:32.550 (index):880 NODEACCESSRELEASED_15
16:51:32.550 (index):941 NODEACCESSREQUESTED_16
16:51:32.551 (index):967 WAITING_17
16:51:32.551 (index):884 ATTRIBUTEACCESSRELEASED_18
16:51:32.552 (index):941 NODEACCESSREQUESTED_19
16:51:32.552 (index):880 NODEACCESSRELEASED_0
16:51:32.553 (index):967 WAITING_1
16:51:32.554 (index):880 NODEACCESSRELEASED_2
16:51:32.554 (index):967 WAITING_3
16:51:32.555 (index):967 WAITING_4
16:51:32.555 (index):884 ATTRIBUTEACCESSRELEASED_5
16:51:32.556 (index):967 WAITING_6
16:51:32.556 (index):967 WAITING_7
16:51:32.557 (index):967 WAITING_8
16:51:32.557 (index):905 UPDATE_9
16:51:32.558 (index):880 NODEACCESSRELEASED_10
16:51:32.558 (index):905 UPDATE_11
16:51:32.559 (index):967 WAITING_12
16:51:32.559 (index):880 NODEACCESSRELEASED_13
16:51:32.560 (index):967 WAITING_14
16:51:32.560 (index):941 NODEACCESSREQUESTED_15
16:51:32.561 (index):905 UPDATE_16
16:51:32.561 (index):967 WAITING_17
16:51:32.562 (index):941 NODEACCESSREQUESTED_18
16:51:32.562 (index):905 UPDATE_19
16:51:32.563 (index):941 NODEACCESSREQUESTED_0
16:51:32.563 (index):967 WAITING_1
16:51:32.563 (index):941 NODEACCESSREQUESTED_2
16:51:32.564 (index):967 WAITING_3
16:51:32.564 (index):967 WAITING_4
16:51:32.565 (index):941 NODEACCESSREQUESTED_5
16:51:32.565 (index):967 WAITING_6
16:51:32.566 (index):967 WAITING_7
16:51:32.566 (index):967 WAITING_8
16:51:32.567 (index):880 NODEACCESSRELEASED_9
16:51:32.567 (index):941 NODEACCESSREQUESTED_10
16:51:32.568 (index):880 NODEACCESSRELEASED_11
16:51:32.568 (index):967 WAITING_12
16:51:32.569 (index):941 NODEACCESSREQUESTED_13
16:51:32.569 (index):967 WAITING_14
16:51:32.570 (index):905 UPDATE_15
16:51:32.571 (index):880 NODEACCESSRELEASED_16
16:51:32.571 (index):967 WAITING_17
16:51:32.571 (index):905 UPDATE_18
16:51:32.572 (index):880 NODEACCESSRELEASED_19
16:51:32.573 (index):905 UPDATE_0
16:51:32.573 (index):967 WAITING_1
16:51:32.573 (index):905 UPDATE_2
16:51:32.574 (index):967 WAITING_3
16:51:32.574 (index):967 WAITING_4
16:51:32.575 (index):905 UPDATE_5
16:51:32.575 (index):967 WAITING_6
16:51:32.576 (index):967 WAITING_7
16:51:32.576 (index):967 WAITING_8
16:51:32.576 (index):941 NODEACCESSREQUESTED_9
16:51:32.577 (index):905 UPDATE_10
16:51:32.577 (index):941 NODEACCESSREQUESTED_11
16:51:32.578 (index):967 WAITING_12
16:51:32.578 (index):967 WAITING_13
16:51:32.579 (index):967 WAITING_14
16:51:32.579 (index):880 NODEACCESSRELEASED_15
16:51:32.580 (index):941 NODEACCESSREQUESTED_16
16:51:32.580 (index):967 WAITING_17
16:51:32.581 (index):880 NODEACCESSRELEASED_18
16:51:32.582 (index):941 NODEACCESSREQUESTED_19
16:51:32.582 (index):880 NODEACCESSRELEASED_0
16:51:32.583 (index):967 WAITING_1
16:51:32.584 (index):880 NODEACCESSRELEASED_2
16:51:32.584 (index):967 WAITING_3
16:51:32.584 (index):967 WAITING_4
16:51:32.585 (index):880 NODEACCESSRELEASED_5
16:51:32.586 (index):967 WAITING_6
16:51:32.586 (index):967 WAITING_7
16:51:32.587 (index):967 WAITING_8
16:51:32.587 (index):905 UPDATE_9
16:51:32.588 (index):880 NODEACCESSRELEASED_10
16:51:32.588 (index):905 UPDATE_11
16:51:32.589 (index):967 WAITING_12
16:51:32.589 (index):967 WAITING_13
16:51:32.589 (index):967 WAITING_14
16:51:32.590 (index):941 NODEACCESSREQUESTED_15
16:51:32.590 (index):905 UPDATE_16
16:51:32.591 (index):967 WAITING_17
16:51:32.591 (index):935 ATTRIBUTEACCESSREQUESTED_18
16:51:32.592 (index):905 UPDATE_19
16:51:32.592 (index):935 ATTRIBUTEACCESSREQUESTED_0
16:51:32.593 (index):967 WAITING_1
16:51:32.593 (index):941 NODEACCESSREQUESTED_2
16:51:32.594 (index):967 WAITING_3
16:51:32.594 (index):967 WAITING_4
16:51:32.594 (index):941 NODEACCESSREQUESTED_5
16:51:32.595 (index):967 WAITING_6
16:51:32.595 (index):967 WAITING_7
16:51:32.596 (index):967 WAITING_8
16:51:32.597 (index):880 NODEACCESSRELEASED_9
16:51:32.597 (index):935 ATTRIBUTEACCESSREQUESTED_10
16:51:32.598 (index):880 NODEACCESSRELEASED_11
16:51:32.598 (index):967 WAITING_12
16:51:32.599 (index):967 WAITING_13
16:51:32.599 (index):967 WAITING_14
16:51:32.600 (index):905 UPDATE_15
16:51:32.600 (index):880 NODEACCESSRELEASED_16
16:51:32.601 (index):967 WAITING_17
16:51:32.601 (index):967 WAITING_18
16:51:32.602 (index):880 NODEACCESSRELEASED_19
16:51:32.602 (index):908 UPDATE_0
16:51:32.603 (index):967 WAITING_1
16:51:32.603 (index):905 UPDATE_2
16:51:32.604 (index):967 WAITING_3
16:51:32.604 (index):967 WAITING_4
16:51:32.605 (index):905 UPDATE_5
16:51:32.605 (index):967 WAITING_6
16:51:32.605 (index):967 WAITING_7
16:51:32.606 (index):967 WAITING_8
16:51:32.606 (index):935 ATTRIBUTEACCESSREQUESTED_9
16:51:32.607 (index):908 UPDATE_10
16:51:32.607 (index):935 ATTRIBUTEACCESSREQUESTED_11
16:51:32.608 (index):967 WAITING_12
16:51:32.608 (index):967 WAITING_13
16:51:32.608 (index):967 WAITING_14
16:51:32.609 (index):880 NODEACCESSRELEASED_15
16:51:32.610 (index):941 NODEACCESSREQUESTED_16
16:51:32.610 (index):967 WAITING_17
16:51:32.611 (index):908 UPDATE_18
16:51:32.611 (index):941 NODEACCESSREQUESTED_19
16:51:32.611 (index):978 END_0
16:51:32.612 (index):967 WAITING_1
16:51:32.613 (index):978 END_2
16:51:32.613 (index):967 WAITING_3
16:51:32.614 (index):967 WAITING_4
16:51:32.615 (index):880 NODEACCESSRELEASED_5
16:51:32.615 (index):967 WAITING_6
16:51:32.615 (index):967 WAITING_7
16:51:32.616 (index):967 WAITING_8
16:51:32.616 (index):908 UPDATE_9
16:51:32.617 (index):978 END_10
16:51:32.617 (index):908 UPDATE_11
16:51:32.618 (index):967 WAITING_12
16:51:32.618 (index):967 WAITING_13
16:51:32.619 (index):967 WAITING_14
16:51:32.619 (index):941 NODEACCESSREQUESTED_15
16:51:32.620 (index):905 UPDATE_16
16:51:32.620 (index):967 WAITING_17
16:51:32.621 (index):884 ATTRIBUTEACCESSRELEASED_18
16:51:32.621 (index):905 UPDATE_19
16:51:32.622 (index):967 WAITING_1
16:51:32.622 (index):967 WAITING_3
16:51:32.623 (index):967 WAITING_4
16:51:32.623 (index):941 NODEACCESSREQUESTED_5
16:51:32.624 (index):967 WAITING_6
16:51:32.624 (index):967 WAITING_7
16:51:32.625 (index):967 WAITING_8
16:51:32.625 (index):978 END_9
16:51:32.626 (index):884 ATTRIBUTEACCESSRELEASED_11
16:51:32.626 (index):967 WAITING_12
16:51:32.627 (index):967 WAITING_13
16:51:32.627 (index):967 WAITING_14
16:51:32.628 (index):905 UPDATE_15
16:51:32.629 (index):880 NODEACCESSRELEASED_16
16:51:32.629 (index):967 WAITING_17
16:51:32.629 (index):935 ATTRIBUTEACCESSREQUESTED_18
16:51:32.630 (index):978 END_19
16:51:32.631 (index):967 WAITING_1
16:51:32.631 (index):967 WAITING_3
16:51:32.631 (index):967 WAITING_4
16:51:32.632 (index):905 UPDATE_5
16:51:32.632 (index):967 WAITING_6
16:51:32.633 (index):967 WAITING_7
16:51:32.633 (index):967 WAITING_8
16:51:32.634 (index):941 NODEACCESSREQUESTED_11
16:51:32.634 (index):967 WAITING_12
16:51:32.635 (index):967 WAITING_13
16:51:32.635 (index):967 WAITING_14
16:51:32.635 (index):978 END_15
16:51:32.636 (index):935 ATTRIBUTEACCESSREQUESTED_16
16:51:32.637 (index):967 WAITING_17
16:51:32.637 (index):908 UPDATE_18
16:51:32.637 (index):967 WAITING_1
16:51:32.638 (index):967 WAITING_3
16:51:32.638 (index):967 WAITING_4
16:51:32.639 (index):978 END_5
16:51:32.640 (index):967 WAITING_6
16:51:32.640 (index):967 WAITING_7
16:51:32.640 (index):967 WAITING_8
16:51:32.641 (index):905 UPDATE_11
16:51:32.641 (index):967 WAITING_12
16:51:32.642 (index):967 WAITING_13
16:51:32.642 (index):967 WAITING_14
16:51:32.643 (index):908 UPDATE_16
16:51:32.643 (index):967 WAITING_17
16:51:32.643 (index):978 END_18
16:51:32.644 (index):967 WAITING_1
16:51:32.645 (index):967 WAITING_3
16:51:32.645 (index):967 WAITING_4
16:51:32.645 (index):967 WAITING_6
16:51:32.646 (index):967 WAITING_7
16:51:32.646 (index):967 WAITING_8
16:51:32.647 (index):978 END_11
16:51:32.647 (index):967 WAITING_12
16:51:32.648 (index):967 WAITING_13
16:51:32.648 (index):967 WAITING_14
16:51:32.649 (index):978 END_16
16:51:32.649 (index):967 WAITING_17
16:51:32.650 (index):905 UPDATE_1
16:51:32.650 (index):967 WAITING_3
16:51:32.651 (index):967 WAITING_4
16:51:32.651 (index):967 WAITING_6
16:51:32.652 (index):967 WAITING_7
16:51:32.652 (index):967 WAITING_8
16:51:32.652 (index):967 WAITING_12
16:51:32.653 (index):967 WAITING_13
16:51:32.653 (index):967 WAITING_14
16:51:32.654 (index):967 WAITING_17
16:51:32.655 (index):880 NODEACCESSRELEASED_1
16:51:32.655 (index):967 WAITING_3
16:51:32.655 (index):967 WAITING_4
16:51:32.656 (index):905 UPDATE_6
16:51:32.656 (index):967 WAITING_7
16:51:32.657 (index):967 WAITING_8
16:51:32.657 (index):967 WAITING_12
16:51:32.658 (index):967 WAITING_13
16:51:32.658 (index):967 WAITING_14
16:51:32.658 (index):967 WAITING_17
16:51:32.659 (index):941 NODEACCESSREQUESTED_1
16:51:32.660 (index):967 WAITING_3
16:51:32.660 (index):967 WAITING_4
16:51:32.661 (index):880 NODEACCESSRELEASED_6
16:51:32.661 (index):967 WAITING_7
16:51:32.662 (index):967 WAITING_8
16:51:32.662 (index):967 WAITING_12
16:51:32.662 (index):967 WAITING_13
16:51:32.663 (index):967 WAITING_14
16:51:32.663 (index):967 WAITING_17
16:51:32.664 (index):905 UPDATE_1
16:51:32.664 (index):905 UPDATE_3
16:51:32.665 (index):967 WAITING_4
16:51:32.665 (index):941 NODEACCESSREQUESTED_6
16:51:32.666 (index):967 WAITING_7
16:51:32.666 (index):967 WAITING_8
16:51:32.667 (index):967 WAITING_12
16:51:32.667 (index):967 WAITING_13
16:51:32.667 (index):967 WAITING_14
16:51:32.668 (index):967 WAITING_17
16:51:32.668 (index):880 NODEACCESSRELEASED_1
16:51:32.669 (index):880 NODEACCESSRELEASED_3
16:51:32.669 (index):967 WAITING_4
16:51:32.670 (index):967 WAITING_6
16:51:32.670 (index):967 WAITING_7
16:51:32.671 (index):967 WAITING_8
16:51:32.671 (index):905 UPDATE_12
16:51:32.672 (index):967 WAITING_13
16:51:32.672 (index):967 WAITING_14
16:51:32.673 (index):967 WAITING_17
16:51:32.673 (index):941 NODEACCESSREQUESTED_1
16:51:32.674 (index):941 NODEACCESSREQUESTED_3
16:51:32.674 (index):967 WAITING_4
16:51:32.674 (index):967 WAITING_6
16:51:32.675 (index):967 WAITING_7
16:51:32.675 (index):967 WAITING_8
16:51:32.676 (index):880 NODEACCESSRELEASED_12
16:51:32.676 (index):967 WAITING_13
16:51:32.677 (index):905 UPDATE_14
16:51:32.677 (index):967 WAITING_17
16:51:32.678 (index):967 WAITING_1
16:51:32.678 (index):967 WAITING_3
16:51:32.678 (index):967 WAITING_4
16:51:32.679 (index):967 WAITING_6
16:51:32.679 (index):967 WAITING_7
16:51:32.680 (index):967 WAITING_8
16:51:32.680 (index):935 ATTRIBUTEACCESSREQUESTED_12
16:51:32.681 (index):967 WAITING_13
16:51:32.682 (index):880 NODEACCESSRELEASED_14
16:51:32.682 (index):967 WAITING_17
16:51:32.682 (index):967 WAITING_1
16:51:32.683 (index):967 WAITING_3
16:51:32.683 (index):967 WAITING_4
16:51:32.684 (index):967 WAITING_6
16:51:32.684 (index):905 UPDATE_7
16:51:32.685 (index):967 WAITING_8
16:51:32.685 (index):967 WAITING_12
16:51:32.685 (index):967 WAITING_13
16:51:32.686 (index):941 NODEACCESSREQUESTED_14
16:51:32.686 (index):967 WAITING_17
16:51:32.687 (index):967 WAITING_1
16:51:32.688 (index):967 WAITING_3
16:51:32.688 (index):967 WAITING_4
16:51:32.689 (index):967 WAITING_6
16:51:32.690 (index):880 NODEACCESSRELEASED_7
16:51:32.691 (index):905 UPDATE_8
16:51:32.691 (index):967 WAITING_12
16:51:32.692 (index):967 WAITING_13
16:51:32.693 (index):905 UPDATE_14
16:51:32.693 (index):967 WAITING_17
16:51:32.694 (index):967 WAITING_1
16:51:32.695 (index):967 WAITING_3
16:51:32.695 (index):967 WAITING_4
16:51:32.696 (index):967 WAITING_6
16:51:32.696 (index):935 ATTRIBUTEACCESSREQUESTED_7
16:51:32.697 (index):880 NODEACCESSRELEASED_8
16:51:32.697 (index):967 WAITING_12
16:51:32.698 (index):905 UPDATE_13
16:51:32.698 (index):880 NODEACCESSRELEASED_14
16:51:32.699 (index):967 WAITING_17
16:51:32.699 (index):967 WAITING_1
16:51:32.700 (index):967 WAITING_3
16:51:32.700 (index):967 WAITING_4
16:51:32.700 (index):967 WAITING_6
16:51:32.701 (index):908 UPDATE_7
16:51:32.701 (index):941 NODEACCESSREQUESTED_8
16:51:32.702 (index):967 WAITING_12
16:51:32.702 (index):880 NODEACCESSRELEASED_13
16:51:32.703 (index):935 ATTRIBUTEACCESSREQUESTED_14
