10:35:54.523 (index):1802 Tasks: 25; Collaborators: 27    =========================>
10:35:54.523 (index):926 NODEACCESSREQUESTED_0
10:35:54.524 (index):926 NODEACCESSREQUESTED_1
10:35:54.524 (index):926 NODEACCESSREQUESTED_2
10:35:54.525 (index):926 NODEACCESSREQUESTED_3
10:35:54.525 (index):926 NODEACCESSREQUESTED_4
10:35:54.526 (index):926 NODEACCESSREQUESTED_5
10:35:54.526 (index):926 NODEACCESSREQUESTED_6
10:35:54.526 (index):926 NODEACCESSREQUESTED_7
10:35:54.527 (index):926 NODEACCESSREQUESTED_8
10:35:54.527 (index):926 NODEACCESSREQUESTED_9
10:35:54.528 (index):926 NODEACCESSREQUESTED_10
10:35:54.528 (index):926 NODEACCESSREQUESTED_11
10:35:54.529 (index):926 NODEACCESSREQUESTED_12
10:35:54.529 (index):926 NODEACCESSREQUESTED_13
10:35:54.530 (index):926 NODEACCESSREQUESTED_14
10:35:54.530 (index):926 NODEACCESSREQUESTED_15
10:35:54.531 (index):926 NODEACCESSREQUESTED_16
10:35:54.531 (index):926 NODEACCESSREQUESTED_17
10:35:54.531 (index):926 NODEACCESSREQUESTED_18
10:35:54.532 (index):926 NODEACCESSREQUESTED_19
10:35:54.532 (index):926 NODEACCESSREQUESTED_20
10:35:54.533 (index):926 NODEACCESSREQUESTED_21
10:35:54.533 (index):926 NODEACCESSREQUESTED_22
10:35:54.534 (index):926 NODEACCESSREQUESTED_23
10:35:54.534 (index):926 NODEACCESSREQUESTED_24
10:35:54.534 (index):926 NODEACCESSREQUESTED_25
10:35:54.535 (index):926 NODEACCESSREQUESTED_26
10:35:54.535 (index):896 NODEACCESSRELEASED_0
10:35:54.536 (index):896 NODEACCESSRELEASED_1
10:35:54.536 (index):896 NODEACCESSRELEASED_2
10:35:54.537 (index):896 NODEACCESSRELEASED_3
10:35:54.537 (index):896 NODEACCESSRELEASED_4
10:35:54.538 (index):896 NODEACCESSRELEASED_5
10:35:54.538 (index):896 NODEACCESSRELEASED_6
10:35:54.539 (index):896 NODEACCESSRELEASED_7
10:35:54.539 (index):896 NODEACCESSRELEASED_8
10:35:54.540 (index):945 WAITING_9
10:35:54.540 (index):896 NODEACCESSRELEASED_10
10:35:54.541 (index):896 NODEACCESSRELEASED_11
10:35:54.541 (index):896 NODEACCESSRELEASED_12
10:35:54.542 (index):896 NODEACCESSRELEASED_13
10:35:54.542 (index):896 NODEACCESSRELEASED_14
10:35:54.543 (index):896 NODEACCESSRELEASED_15
10:35:54.543 (index):896 NODEACCESSRELEASED_16
10:35:54.543 (index):945 WAITING_17
10:35:54.544 (index):896 NODEACCESSRELEASED_18
10:35:54.544 (index):896 NODEACCESSRELEASED_19
10:35:54.545 (index):896 NODEACCESSRELEASED_20
10:35:54.545 (index):896 NODEACCESSRELEASED_21
10:35:54.546 (index):896 NODEACCESSRELEASED_22
10:35:54.546 (index):896 NODEACCESSRELEASED_23
10:35:54.547 (index):896 NODEACCESSRELEASED_24
10:35:54.547 (index):896 NODEACCESSRELEASED_25
10:35:54.548 (index):896 NODEACCESSRELEASED_26
10:35:54.548 (index):926 NODEACCESSREQUESTED_0
10:35:54.549 (index):926 NODEACCESSREQUESTED_1
10:35:54.549 (index):926 NODEACCESSREQUESTED_2
10:35:54.549 (index):926 NODEACCESSREQUESTED_3
10:35:54.550 (index):926 NODEACCESSREQUESTED_4
10:35:54.550 (index):926 NODEACCESSREQUESTED_5
10:35:54.551 (index):926 NODEACCESSREQUESTED_6
10:35:54.551 (index):926 NODEACCESSREQUESTED_7
10:35:54.552 (index):926 NODEACCESSREQUESTED_8
10:35:54.552 (index):896 NODEACCESSRELEASED_9
10:35:54.553 (index):926 NODEACCESSREQUESTED_10
10:35:54.553 (index):926 NODEACCESSREQUESTED_11
10:35:54.553 (index):926 NODEACCESSREQUESTED_12
10:35:54.554 (index):926 NODEACCESSREQUESTED_13
10:35:54.554 (index):926 NODEACCESSREQUESTED_14
10:35:54.555 (index):926 NODEACCESSREQUESTED_15
10:35:54.555 (index):926 NODEACCESSREQUESTED_16
10:35:54.556 (index):896 NODEACCESSRELEASED_17
10:35:54.556 (index):926 NODEACCESSREQUESTED_18
10:35:54.556 (index):926 NODEACCESSREQUESTED_19
10:35:54.557 (index):926 NODEACCESSREQUESTED_20
10:35:54.557 (index):926 NODEACCESSREQUESTED_21
10:35:54.558 (index):926 NODEACCESSREQUESTED_22
10:35:54.558 (index):926 NODEACCESSREQUESTED_23
10:35:54.559 (index):926 NODEACCESSREQUESTED_24
10:35:54.559 (index):926 NODEACCESSREQUESTED_25
10:35:54.560 (index):926 NODEACCESSREQUESTED_26
10:35:54.560 (index):914 UPDATE_0
10:35:54.560 (index):945 WAITING_1
10:35:54.561 (index):945 WAITING_2
10:35:54.561 (index):945 WAITING_3
10:35:54.562 (index):945 WAITING_4
10:35:54.562 (index):945 WAITING_5
10:35:54.563 (index):945 WAITING_6
10:35:54.563 (index):945 WAITING_7
10:35:54.564 (index):945 WAITING_8
10:35:54.564 (index):926 NODEACCESSREQUESTED_9
10:35:54.565 (index):945 WAITING_10
10:35:54.565 (index):945 WAITING_11
10:35:54.565 (index):945 WAITING_12
10:35:54.566 (index):945 WAITING_13
10:35:54.566 (index):945 WAITING_14
10:35:54.567 (index):945 WAITING_15
10:35:54.567 (index):945 WAITING_16
10:35:54.568 (index):926 NODEACCESSREQUESTED_17
10:35:54.568 (index):945 WAITING_18
10:35:54.569 (index):945 WAITING_19
10:35:54.569 (index):945 WAITING_20
10:35:54.569 (index):945 WAITING_21
10:35:54.570 (index):945 WAITING_22
10:35:54.570 (index):945 WAITING_23
10:35:54.571 (index):945 WAITING_24
10:35:54.571 (index):945 WAITING_25
10:35:54.572 (index):945 WAITING_26
10:35:54.572 (index):896 NODEACCESSRELEASED_0
10:35:54.573 (index):914 UPDATE_1
10:35:54.573 (index):945 WAITING_2
10:35:54.574 (index):945 WAITING_3
10:35:54.574 (index):914 UPDATE_4
10:35:54.575 (index):945 WAITING_5
10:35:54.575 (index):945 WAITING_6
10:35:54.576 (index):914 UPDATE_7
10:35:54.577 (index):945 WAITING_8
10:35:54.578 (index):914 UPDATE_9
10:35:54.579 (index):914 UPDATE_10
10:35:54.579 (index):945 WAITING_11
10:35:54.580 (index):914 UPDATE_12
10:35:54.581 (index):945 WAITING_13
10:35:54.581 (index):914 UPDATE_14
10:35:54.581 (index):945 WAITING_15
10:35:54.582 (index):914 UPDATE_16
10:35:54.582 (index):945 WAITING_17
10:35:54.583 (index):945 WAITING_18
10:35:54.583 (index):945 WAITING_19
10:35:54.584 (index):914 UPDATE_20
10:35:54.584 (index):945 WAITING_21
10:35:54.585 (index):945 WAITING_22
10:35:54.585 (index):914 UPDATE_23
10:35:54.586 (index):945 WAITING_24
10:35:54.586 (index):914 UPDATE_25
10:35:54.587 (index):945 WAITING_26
10:35:54.587 (index):926 NODEACCESSREQUESTED_0
10:35:54.587 (index):896 NODEACCESSRELEASED_1
10:35:54.588 (index):945 WAITING_2
10:35:54.588 (index):945 WAITING_3
10:35:54.589 (index):896 NODEACCESSRELEASED_4
10:35:54.589 (index):914 UPDATE_5
10:35:54.590 (index):945 WAITING_6
10:35:54.623 (index):896 NODEACCESSRELEASED_7
10:35:54.624 (index):945 WAITING_8
10:35:54.624 (index):896 NODEACCESSRELEASED_9
10:35:54.625 (index):896 NODEACCESSRELEASED_10
10:35:54.625 (index):945 WAITING_11
10:35:54.626 (index):896 NODEACCESSRELEASED_12
10:35:54.626 (index):914 UPDATE_13
10:35:54.627 (index):896 NODEACCESSRELEASED_14
10:35:54.627 (index):914 UPDATE_15
10:35:54.628 (index):896 NODEACCESSRELEASED_16
10:35:54.628 (index):914 UPDATE_17
10:35:54.628 (index):914 UPDATE_18
10:35:54.629 (index):914 UPDATE_19
10:35:54.629 (index):896 NODEACCESSRELEASED_20
10:35:54.630 (index):914 UPDATE_21
10:35:54.630 (index):945 WAITING_22
10:35:54.631 (index):896 NODEACCESSRELEASED_23
10:35:54.631 (index):945 WAITING_24
10:35:54.632 (index):896 NODEACCESSRELEASED_25
10:35:54.632 (index):945 WAITING_26
10:35:54.633 (index):945 WAITING_0
10:35:54.633 (index):926 NODEACCESSREQUESTED_1
10:35:54.634 (index):914 UPDATE_2
10:35:54.634 (index):945 WAITING_3
10:35:54.635 (index):926 NODEACCESSREQUESTED_4
10:35:54.635 (index):896 NODEACCESSRELEASED_5
10:35:54.636 (index):945 WAITING_6
10:35:54.636 (index):926 NODEACCESSREQUESTED_7
10:35:54.637 (index):914 UPDATE_8
10:35:54.637 (index):926 NODEACCESSREQUESTED_9
10:35:54.638 (index):926 NODEACCESSREQUESTED_10
10:35:54.638 (index):914 UPDATE_11
10:35:54.638 (index):926 NODEACCESSREQUESTED_12
10:35:54.639 (index):896 NODEACCESSRELEASED_13
10:35:54.639 (index):926 NODEACCESSREQUESTED_14
10:35:54.640 (index):896 NODEACCESSRELEASED_15
10:35:54.640 (index):926 NODEACCESSREQUESTED_16
10:35:54.641 (index):896 NODEACCESSRELEASED_17
10:35:54.641 (index):896 NODEACCESSRELEASED_18
10:35:54.642 (index):896 NODEACCESSRELEASED_19
10:35:54.642 (index):926 NODEACCESSREQUESTED_20
10:35:54.643 (index):896 NODEACCESSRELEASED_21
10:35:54.643 (index):945 WAITING_22
10:35:54.644 (index):926 NODEACCESSREQUESTED_23
10:35:54.644 (index):945 WAITING_24
10:35:54.645 (index):926 NODEACCESSREQUESTED_25
10:35:54.645 (index):945 WAITING_26
10:35:54.646 (index):945 WAITING_0
10:35:54.646 (index):914 UPDATE_1
10:35:54.646 (index):896 NODEACCESSRELEASED_2
10:35:54.647 (index):945 WAITING_3
10:35:54.648 (index):945 WAITING_4
10:35:54.648 (index):926 NODEACCESSREQUESTED_5
10:35:54.648 (index):945 WAITING_6
10:35:54.649 (index):945 WAITING_7
10:35:54.649 (index):896 NODEACCESSRELEASED_8
10:35:54.650 (index):914 UPDATE_9
10:35:54.650 (index):945 WAITING_10
10:35:54.651 (index):896 NODEACCESSRELEASED_11
10:35:54.651 (index):914 UPDATE_12
10:35:54.652 (index):926 NODEACCESSREQUESTED_13
10:35:54.652 (index):914 UPDATE_14
10:35:54.653 (index):926 NODEACCESSREQUESTED_15
10:35:54.653 (index):945 WAITING_16
10:35:54.654 (index):926 NODEACCESSREQUESTED_17
10:35:54.654 (index):926 NODEACCESSREQUESTED_18
10:35:54.655 (index):926 NODEACCESSREQUESTED_19
10:35:54.655 (index):914 UPDATE_20
10:35:54.655 (index):926 NODEACCESSREQUESTED_21
10:35:54.656 (index):945 WAITING_22
10:35:54.656 (index):945 WAITING_23
10:35:54.657 (index):914 UPDATE_24
10:35:54.657 (index):945 WAITING_25
10:35:54.658 (index):945 WAITING_26
10:35:54.658 (index):914 UPDATE_0
10:35:54.659 (index):896 NODEACCESSRELEASED_1
10:35:54.659 (index):926 NODEACCESSREQUESTED_2
10:35:54.660 (index):945 WAITING_3
10:35:54.660 (index):945 WAITING_4
10:35:54.661 (index):914 UPDATE_5
10:35:54.661 (index):945 WAITING_6
10:35:54.661 (index):945 WAITING_7
10:35:54.662 (index):926 NODEACCESSREQUESTED_8
10:35:54.662 (index):896 NODEACCESSRELEASED_9
10:35:54.663 (index):945 WAITING_10
10:35:54.663 (index):926 NODEACCESSREQUESTED_11
10:35:54.664 (index):896 NODEACCESSRELEASED_12
10:35:54.664 (index):914 UPDATE_13
10:35:54.665 (index):896 NODEACCESSRELEASED_14
10:35:54.665 (index):945 WAITING_15
10:35:54.666 (index):914 UPDATE_16
10:35:54.666 (index):945 WAITING_17
10:35:54.667 (index):914 UPDATE_18
10:35:54.667 (index):945 WAITING_19
10:35:54.668 (index):896 NODEACCESSRELEASED_20
10:35:54.668 (index):914 UPDATE_21
10:35:54.669 (index):945 WAITING_22
10:35:54.669 (index):914 UPDATE_23
10:35:54.669 (index):896 NODEACCESSRELEASED_24
10:35:54.670 (index):945 WAITING_25
10:35:54.670 (index):945 WAITING_26
10:35:54.671 (index):896 NODEACCESSRELEASED_0
10:35:54.671 (index):926 NODEACCESSREQUESTED_1
10:35:54.672 (index):945 WAITING_2
10:35:54.672 (index):945 WAITING_3
10:35:54.673 (index):914 UPDATE_4
10:35:54.673 (index):896 NODEACCESSRELEASED_5
10:35:54.674 (index):945 WAITING_6
10:35:54.674 (index):945 WAITING_7
10:35:54.675 (index):945 WAITING_8
10:35:54.675 (index):926 NODEACCESSREQUESTED_9
10:35:54.676 (index):945 WAITING_10
10:35:54.676 (index):914 UPDATE_11
10:35:54.676 (index):926 NODEACCESSREQUESTED_12
10:35:54.677 (index):896 NODEACCESSRELEASED_13
10:35:54.677 (index):926 NODEACCESSREQUESTED_14
10:35:54.678 (index):945 WAITING_15
10:35:54.678 (index):896 NODEACCESSRELEASED_16
10:35:54.679 (index):914 UPDATE_17
10:35:54.679 (index):896 NODEACCESSRELEASED_18
10:35:54.680 (index):914 UPDATE_19
10:35:54.680 (index):926 NODEACCESSREQUESTED_20
10:35:54.681 (index):896 NODEACCESSRELEASED_21
10:35:54.682 (index):914 UPDATE_22
10:35:54.684 (index):896 NODEACCESSRELEASED_23
10:35:54.685 (index):926 NODEACCESSREQUESTED_24
10:35:54.685 (index):945 WAITING_25
10:35:54.686 (index):945 WAITING_26
10:35:54.686 (index):926 NODEACCESSREQUESTED_0
10:35:54.687 (index):914 UPDATE_1
10:35:54.687 (index):945 WAITING_2
10:35:54.688 (index):945 WAITING_3
10:35:54.688 (index):896 NODEACCESSRELEASED_4
10:35:54.688 (index):926 NODEACCESSREQUESTED_5
10:35:54.689 (index):945 WAITING_6
10:35:54.689 (index):945 WAITING_7
10:35:54.690 (index):914 UPDATE_8
10:35:54.690 (index):945 WAITING_9
10:35:54.691 (index):945 WAITING_10
10:35:54.691 (index):896 NODEACCESSRELEASED_11
10:35:54.691 (index):914 UPDATE_12
10:35:54.692 (index):926 NODEACCESSREQUESTED_13
10:35:54.692 (index):914 UPDATE_14
10:35:54.693 (index):945 WAITING_15
10:35:54.693 (index):926 NODEACCESSREQUESTED_16
10:35:54.694 (index):896 NODEACCESSRELEASED_17
10:35:54.694 (index):926 NODEACCESSREQUESTED_18
10:35:54.695 (index):896 NODEACCESSRELEASED_19
10:35:54.695 (index):945 WAITING_20
10:35:54.696 (index):926 NODEACCESSREQUESTED_21
10:35:54.696 (index):896 NODEACCESSRELEASED_22
10:35:54.696 (index):926 NODEACCESSREQUESTED_23
10:35:54.697 (index):914 UPDATE_24
10:35:54.697 (index):945 WAITING_25
10:35:54.698 (index):914 UPDATE_26
10:35:54.698 (index):945 WAITING_0
10:35:54.699 (index):896 NODEACCESSRELEASED_1
10:35:54.699 (index):914 UPDATE_2
10:35:54.700 (index):945 WAITING_3
10:35:54.700 (index):926 NODEACCESSREQUESTED_4
10:35:54.701 (index):945 WAITING_5
10:35:54.701 (index):945 WAITING_6
10:35:54.701 (index):945 WAITING_7
10:35:54.702 (index):896 NODEACCESSRELEASED_8
10:35:54.702 (index):914 UPDATE_9
10:35:54.703 (index):945 WAITING_10
10:35:54.703 (index):926 NODEACCESSREQUESTED_11
10:35:54.704 (index):896 NODEACCESSRELEASED_12
10:35:54.704 (index):914 UPDATE_13
10:35:54.704 (index):896 NODEACCESSRELEASED_14
10:35:54.705 (index):945 WAITING_15
10:35:54.705 (index):945 WAITING_16
10:35:54.706 (index):926 NODEACCESSREQUESTED_17
10:35:54.706 (index):945 WAITING_18
10:35:54.707 (index):926 NODEACCESSREQUESTED_19
10:35:54.707 (index):945 WAITING_20
10:35:54.708 (index):945 WAITING_21
10:35:54.708 (index):926 NODEACCESSREQUESTED_22
10:35:54.708 (index):914 UPDATE_23
10:35:54.709 (index):896 NODEACCESSRELEASED_24
10:35:54.709 (index):945 WAITING_25
10:35:54.710 (index):896 NODEACCESSRELEASED_26
10:35:54.710 (index):945 WAITING_0
10:35:54.711 (index):926 NODEACCESSREQUESTED_1
10:35:54.711 (index):896 NODEACCESSRELEASED_2
10:35:54.712 (index):945 WAITING_3
10:35:54.712 (index):945 WAITING_4
10:35:54.712 (index):945 WAITING_5
10:35:54.713 (index):945 WAITING_6
10:35:54.713 (index):945 WAITING_7
10:35:54.714 (index):926 NODEACCESSREQUESTED_8
10:35:54.714 (index):896 NODEACCESSRELEASED_9
10:35:54.715 (index):914 UPDATE_10
10:35:54.715 (index):945 WAITING_11
10:35:54.716 (index):926 NODEACCESSREQUESTED_12
10:35:54.716 (index):896 NODEACCESSRELEASED_13
10:35:54.717 (index):926 NODEACCESSREQUESTED_14
10:35:54.717 (index):945 WAITING_15
10:35:54.718 (index):945 WAITING_16
10:35:54.718 (index):914 UPDATE_17
10:35:54.719 (index):914 UPDATE_18
10:35:54.719 (index):945 WAITING_19
10:35:54.720 (index):914 UPDATE_20
10:35:54.720 (index):914 UPDATE_21
10:35:54.720 (index):914 UPDATE_22
10:35:54.721 (index):896 NODEACCESSRELEASED_23
10:35:54.721 (index):926 NODEACCESSREQUESTED_24
10:35:54.722 (index):945 WAITING_25
10:35:54.722 (index):926 NODEACCESSREQUESTED_26
10:35:54.723 (index):945 WAITING_0
10:35:54.723 (index):945 WAITING_1
10:35:54.724 (index):926 NODEACCESSREQUESTED_2
10:35:54.724 (index):945 WAITING_3
10:35:54.725 (index):945 WAITING_4
10:35:54.725 (index):945 WAITING_5
10:35:54.726 (index):945 WAITING_6
10:35:54.726 (index):945 WAITING_7
10:35:54.726 (index):945 WAITING_8
10:35:54.727 (index):926 NODEACCESSREQUESTED_9
10:35:54.727 (index):896 NODEACCESSRELEASED_10
10:35:54.728 (index):945 WAITING_11
10:35:54.728 (index):914 UPDATE_12
10:35:54.729 (index):926 NODEACCESSREQUESTED_13
10:35:54.729 (index):914 UPDATE_14
10:35:54.730 (index):914 UPDATE_15
10:35:54.731 (index):945 WAITING_16
10:35:54.731 (index):896 NODEACCESSRELEASED_17
10:35:54.732 (index):896 NODEACCESSRELEASED_18
10:35:54.732 (index):945 WAITING_19
10:35:54.733 (index):896 NODEACCESSRELEASED_20
10:35:54.733 (index):896 NODEACCESSRELEASED_21
10:35:54.734 (index):896 NODEACCESSRELEASED_22
10:35:54.734 (index):926 NODEACCESSREQUESTED_23
10:35:54.735 (index):945 WAITING_24
10:35:54.735 (index):945 WAITING_25
10:35:54.736 (index):914 UPDATE_26
10:35:54.736 (index):945 WAITING_0
10:35:54.737 (index):914 UPDATE_1
10:35:54.737 (index):914 UPDATE_2
10:35:54.738 (index):945 WAITING_3
10:35:54.738 (index):945 WAITING_4
10:35:54.738 (index):945 WAITING_5
10:35:54.739 (index):945 WAITING_6
10:35:54.739 (index):945 WAITING_7
10:35:54.740 (index):914 UPDATE_8
10:35:54.740 (index):914 UPDATE_9
10:35:54.741 (index):926 NODEACCESSREQUESTED_10
10:35:54.741 (index):945 WAITING_11
10:35:54.742 (index):896 NODEACCESSRELEASED_12
10:35:54.742 (index):945 WAITING_13
10:35:54.743 (index):896 NODEACCESSRELEASED_14
10:35:54.743 (index):896 NODEACCESSRELEASED_15
10:35:54.744 (index):945 WAITING_16
10:35:54.744 (index):926 NODEACCESSREQUESTED_17
10:35:54.745 (index):926 NODEACCESSREQUESTED_18
10:35:54.745 (index):945 WAITING_19
10:35:54.746 (index):926 NODEACCESSREQUESTED_20
10:35:54.746 (index):926 NODEACCESSREQUESTED_21
10:35:54.747 (index):926 NODEACCESSREQUESTED_22
10:35:54.747 (index):945 WAITING_23
10:35:54.747 (index):945 WAITING_24
10:35:54.748 (index):914 UPDATE_25
10:35:54.748 (index):896 NODEACCESSRELEASED_26
10:35:54.749 (index):945 WAITING_0
10:35:54.749 (index):896 NODEACCESSRELEASED_1
10:35:54.750 (index):896 NODEACCESSRELEASED_2
10:35:54.750 (index):945 WAITING_3
10:35:54.751 (index):945 WAITING_4
10:35:54.751 (index):945 WAITING_5
10:35:54.752 (index):945 WAITING_6
10:35:54.752 (index):945 WAITING_7
10:35:54.752 (index):896 NODEACCESSRELEASED_8
10:35:54.753 (index):896 NODEACCESSRELEASED_9
10:35:54.753 (index):914 UPDATE_10
10:35:54.754 (index):945 WAITING_11
10:35:54.754 (index):926 NODEACCESSREQUESTED_12
10:35:54.755 (index):914 UPDATE_13
10:35:54.755 (index):926 NODEACCESSREQUESTED_14
10:35:54.756 (index):926 NODEACCESSREQUESTED_15
10:35:54.756 (index):945 WAITING_16
10:35:54.756 (index):945 WAITING_17
10:35:54.757 (index):914 UPDATE_18
10:35:54.757 (index):945 WAITING_19
10:35:54.758 (index):914 UPDATE_20
10:35:54.758 (index):945 WAITING_21
10:35:54.759 (index):914 UPDATE_22
10:35:54.759 (index):914 UPDATE_23
10:35:54.759 (index):945 WAITING_24
10:35:54.760 (index):896 NODEACCESSRELEASED_25
10:35:54.760 (index):926 NODEACCESSREQUESTED_26
10:35:54.761 (index):914 UPDATE_0
10:35:54.761 (index):926 NODEACCESSREQUESTED_1
10:35:54.762 (index):926 NODEACCESSREQUESTED_2
10:35:54.762 (index):945 WAITING_3
10:35:54.763 (index):945 WAITING_4
10:35:54.763 (index):945 WAITING_5
10:35:54.764 (index):945 WAITING_6
10:35:54.764 (index):945 WAITING_7
10:35:54.764 (index):926 NODEACCESSREQUESTED_8
10:35:54.765 (index):926 NODEACCESSREQUESTED_9
10:35:54.765 (index):896 NODEACCESSRELEASED_10
10:35:54.766 (index):945 WAITING_11
10:35:54.766 (index):945 WAITING_12
10:35:54.767 (index):896 NODEACCESSRELEASED_13
10:35:54.767 (index):914 UPDATE_14
10:35:54.768 (index):914 UPDATE_15
10:35:54.768 (index):945 WAITING_16
10:35:54.768 (index):945 WAITING_17
10:35:54.769 (index):896 NODEACCESSRELEASED_18
10:35:54.769 (index):945 WAITING_19
10:35:54.770 (index):896 NODEACCESSRELEASED_20
10:35:54.770 (index):945 WAITING_21
10:35:54.771 (index):896 NODEACCESSRELEASED_22
10:35:54.771 (index):896 NODEACCESSRELEASED_23
10:35:54.772 (index):945 WAITING_24
10:35:54.772 (index):926 NODEACCESSREQUESTED_25
10:35:54.773 (index):914 UPDATE_26
10:35:54.773 (index):896 NODEACCESSRELEASED_0
10:35:54.774 (index):914 UPDATE_1
10:35:54.774 (index):945 WAITING_2
10:35:54.774 (index):945 WAITING_3
10:35:54.775 (index):945 WAITING_4
10:35:54.775 (index):945 WAITING_5
10:35:54.776 (index):945 WAITING_6
10:35:54.776 (index):945 WAITING_7
10:35:54.777 (index):945 WAITING_8
10:35:54.777 (index):914 UPDATE_9
10:35:54.777 (index):926 NODEACCESSREQUESTED_10
10:35:54.778 (index):914 UPDATE_11
10:35:54.778 (index):914 UPDATE_12
10:35:54.779 (index):926 NODEACCESSREQUESTED_13
10:35:54.779 (index):896 NODEACCESSRELEASED_14
10:35:54.780 (index):896 NODEACCESSRELEASED_15
10:35:54.780 (index):945 WAITING_16
10:35:54.781 (index):945 WAITING_17
10:35:54.781 (index):926 NODEACCESSREQUESTED_18
10:35:54.782 (index):945 WAITING_19
10:35:54.782 (index):926 NODEACCESSREQUESTED_20
10:35:54.782 (index):914 UPDATE_21
10:35:54.783 (index):926 NODEACCESSREQUESTED_22
10:35:54.783 (index):926 NODEACCESSREQUESTED_23
10:35:54.784 (index):945 WAITING_24
10:35:54.784 (index):914 UPDATE_25
10:35:54.785 (index):896 NODEACCESSRELEASED_26
10:35:54.785 (index):926 NODEACCESSREQUESTED_0
10:35:54.786 (index):896 NODEACCESSRELEASED_1
10:35:54.786 (index):945 WAITING_2
10:35:54.787 (index):945 WAITING_3
10:35:54.787 (index):945 WAITING_4
10:35:54.787 (index):945 WAITING_5
10:35:54.788 (index):945 WAITING_6
10:35:54.788 (index):945 WAITING_7
10:35:54.789 (index):914 UPDATE_8
10:35:54.789 (index):896 NODEACCESSRELEASED_9
10:35:54.790 (index):945 WAITING_10
10:35:54.790 (index):896 NODEACCESSRELEASED_11
10:35:54.791 (index):896 NODEACCESSRELEASED_12
10:35:54.791 (index):914 UPDATE_13
10:35:54.791 (index):926 NODEACCESSREQUESTED_14
10:35:54.792 (index):926 NODEACCESSREQUESTED_15
10:35:54.792 (index):945 WAITING_16
10:35:54.793 (index):945 WAITING_17
10:35:54.793 (index):945 WAITING_18
10:35:54.794 (index):914 UPDATE_19
10:35:54.794 (index):945 WAITING_20
10:35:54.794 (index):896 NODEACCESSRELEASED_21
10:35:54.795 (index):914 UPDATE_22
10:35:54.795 (index):945 WAITING_23
10:35:54.796 (index):945 WAITING_24
10:35:54.796 (index):896 NODEACCESSRELEASED_25
10:35:54.797 (index):926 NODEACCESSREQUESTED_26
10:35:54.797 (index):914 UPDATE_0
10:35:54.798 (index):926 NODEACCESSREQUESTED_1
10:35:54.798 (index):945 WAITING_2
10:35:54.799 (index):945 WAITING_3
10:35:54.799 (index):945 WAITING_4
10:35:54.800 (index):945 WAITING_5
10:35:54.800 (index):945 WAITING_6
10:35:54.800 (index):945 WAITING_7
10:35:54.801 (index):896 NODEACCESSRELEASED_8
10:35:54.801 (index):926 NODEACCESSREQUESTED_9
10:35:54.802 (index):945 WAITING_10
10:35:54.802 (index):926 NODEACCESSREQUESTED_11
10:35:54.803 (index):926 NODEACCESSREQUESTED_12
10:35:54.803 (index):896 NODEACCESSRELEASED_13
10:35:54.804 (index):914 UPDATE_14
10:35:54.804 (index):914 UPDATE_15
10:35:54.805 (index):945 WAITING_16
10:35:54.805 (index):945 WAITING_17
10:35:54.806 (index):945 WAITING_18
10:35:54.806 (index):896 NODEACCESSRELEASED_19
10:35:54.807 (index):914 UPDATE_20
10:35:54.807 (index):926 NODEACCESSREQUESTED_21
10:35:54.807 (index):896 NODEACCESSRELEASED_22
10:35:54.808 (index):914 UPDATE_23
10:35:54.808 (index):945 WAITING_24
10:35:54.809 (index):926 NODEACCESSREQUESTED_25
10:35:54.809 (index):914 UPDATE_26
10:35:54.810 (index):896 NODEACCESSRELEASED_0
10:35:54.810 (index):945 WAITING_1
10:35:54.811 (index):945 WAITING_2
10:35:54.811 (index):945 WAITING_3
10:35:54.811 (index):945 WAITING_4
10:35:54.812 (index):945 WAITING_5
10:35:54.812 (index):945 WAITING_6
10:35:54.813 (index):945 WAITING_7
10:35:54.813 (index):926 NODEACCESSREQUESTED_8
10:35:54.814 (index):945 WAITING_9
10:35:54.814 (index):914 UPDATE_10
10:35:54.815 (index):945 WAITING_11
10:35:54.815 (index):914 UPDATE_12
10:35:54.815 (index):926 NODEACCESSREQUESTED_13
10:35:54.816 (index):896 NODEACCESSRELEASED_14
10:35:54.816 (index):896 NODEACCESSRELEASED_15
10:35:54.817 (index):945 WAITING_16
10:35:54.817 (index):914 UPDATE_17
10:35:54.818 (index):945 WAITING_18
10:35:54.818 (index):926 NODEACCESSREQUESTED_19
10:35:54.819 (index):896 NODEACCESSRELEASED_20
10:35:54.819 (index):914 UPDATE_21
10:35:54.820 (index):926 NODEACCESSREQUESTED_22
10:35:54.820 (index):896 NODEACCESSRELEASED_23
10:35:54.820 (index):945 WAITING_24
10:35:54.821 (index):945 WAITING_25
10:35:54.821 (index):896 NODEACCESSRELEASED_26
10:35:54.822 (index):926 NODEACCESSREQUESTED_0
10:35:54.822 (index):914 UPDATE_1
10:35:54.823 (index):945 WAITING_2
10:35:54.823 (index):945 WAITING_3
10:35:54.824 (index):945 WAITING_4
10:35:54.824 (index):945 WAITING_5
10:35:54.824 (index):945 WAITING_6
10:35:54.825 (index):945 WAITING_7
10:35:54.825 (index):945 WAITING_8
10:35:54.826 (index):914 UPDATE_9
10:35:54.826 (index):896 NODEACCESSRELEASED_10
10:35:54.827 (index):914 UPDATE_11
10:35:54.827 (index):896 NODEACCESSRELEASED_12
10:35:54.828 (index):914 UPDATE_13
10:35:54.828 (index):926 NODEACCESSREQUESTED_14
10:35:54.828 (index):926 NODEACCESSREQUESTED_15
10:35:54.829 (index):945 WAITING_16
10:35:54.829 (index):896 NODEACCESSRELEASED_17
10:35:54.830 (index):945 WAITING_18
10:35:54.830 (index):945 WAITING_19
10:35:54.831 (index):926 NODEACCESSREQUESTED_20
10:35:54.831 (index):896 NODEACCESSRELEASED_21
10:35:54.832 (index):914 UPDATE_22
10:35:54.832 (index):926 NODEACCESSREQUESTED_23
10:35:54.833 (index):945 WAITING_24
10:35:54.833 (index):945 WAITING_25
10:35:54.833 (index):926 NODEACCESSREQUESTED_26
10:35:54.834 (index):914 UPDATE_0
10:35:54.834 (index):896 NODEACCESSRELEASED_1
10:35:54.835 (index):914 UPDATE_2
10:35:54.835 (index):945 WAITING_3
10:35:54.836 (index):945 WAITING_4
10:35:54.836 (index):945 WAITING_5
10:35:54.836 (index):945 WAITING_6
10:35:54.837 (index):945 WAITING_7
10:35:54.837 (index):914 UPDATE_8
10:35:54.838 (index):896 NODEACCESSRELEASED_9
10:35:54.838 (index):926 NODEACCESSREQUESTED_10
10:35:54.839 (index):896 NODEACCESSRELEASED_11
10:35:54.839 (index):926 NODEACCESSREQUESTED_12
10:35:54.840 (index):896 NODEACCESSRELEASED_13
10:35:54.840 (index):914 UPDATE_14
10:35:54.841 (index):914 UPDATE_15
10:35:54.841 (index):945 WAITING_16
10:35:54.841 (index):926 NODEACCESSREQUESTED_17
10:35:54.842 (index):945 WAITING_18
10:35:54.842 (index):945 WAITING_19
10:35:54.843 (index):945 WAITING_20
10:35:54.843 (index):926 NODEACCESSREQUESTED_21
10:35:54.844 (index):896 NODEACCESSRELEASED_22
10:35:54.844 (index):914 UPDATE_23
10:35:54.844 (index):945 WAITING_24
10:35:54.845 (index):914 UPDATE_25
10:35:54.845 (index):914 UPDATE_26
10:35:54.846 (index):896 NODEACCESSRELEASED_0
10:35:54.846 (index):926 NODEACCESSREQUESTED_1
10:35:54.847 (index):896 NODEACCESSRELEASED_2
10:35:54.847 (index):945 WAITING_3
10:35:54.848 (index):945 WAITING_4
10:35:54.848 (index):945 WAITING_5
10:35:54.849 (index):945 WAITING_6
10:35:54.849 (index):945 WAITING_7
10:35:54.849 (index):896 NODEACCESSRELEASED_8
10:35:54.850 (index):926 NODEACCESSREQUESTED_9
10:35:54.850 (index):914 UPDATE_10
10:35:54.851 (index):926 NODEACCESSREQUESTED_11
10:35:54.851 (index):945 WAITING_12
10:35:54.852 (index):926 NODEACCESSREQUESTED_13
10:35:54.852 (index):896 NODEACCESSRELEASED_14
10:35:54.853 (index):896 NODEACCESSRELEASED_15
10:35:54.853 (index):945 WAITING_16
10:35:54.854 (index):945 WAITING_17
10:35:54.854 (index):914 UPDATE_18
10:35:54.855 (index):945 WAITING_19
10:35:54.855 (index):945 WAITING_20
10:35:54.855 (index):945 WAITING_21
10:35:54.856 (index):926 NODEACCESSREQUESTED_22
10:35:54.856 (index):896 NODEACCESSRELEASED_23
10:35:54.857 (index):945 WAITING_24
10:35:54.857 (index):896 NODEACCESSRELEASED_25
10:35:54.858 (index):896 NODEACCESSRELEASED_26
10:35:54.858 (index):926 NODEACCESSREQUESTED_0
10:35:54.859 (index):914 UPDATE_1
10:35:54.859 (index):926 NODEACCESSREQUESTED_2
10:35:54.859 (index):945 WAITING_3
10:35:54.860 (index):945 WAITING_4
10:35:54.860 (index):945 WAITING_5
10:35:54.861 (index):945 WAITING_6
10:35:54.861 (index):945 WAITING_7
10:35:54.862 (index):926 NODEACCESSREQUESTED_8
10:35:54.862 (index):914 UPDATE_9
10:35:54.863 (index):896 NODEACCESSRELEASED_10
10:35:54.863 (index):914 UPDATE_11
10:35:54.864 (index):945 WAITING_12
10:35:54.864 (index):914 UPDATE_13
10:35:54.864 (index):926 NODEACCESSREQUESTED_14
10:35:54.865 (index):926 NODEACCESSREQUESTED_15
10:35:54.865 (index):945 WAITING_16
10:35:54.866 (index):945 WAITING_17
10:35:54.866 (index):896 NODEACCESSRELEASED_18
10:35:54.867 (index):914 UPDATE_19
10:35:54.867 (index):945 WAITING_20
10:35:54.868 (index):945 WAITING_21
10:35:54.868 (index):914 UPDATE_22
10:35:54.868 (index):926 NODEACCESSREQUESTED_23
10:35:54.869 (index):945 WAITING_24
10:35:54.869 (index):926 NODEACCESSREQUESTED_25
10:35:54.870 (index):926 NODEACCESSREQUESTED_26
10:35:54.870 (index):945 WAITING_0
10:35:54.871 (index):896 NODEACCESSRELEASED_1
10:35:54.871 (index):914 UPDATE_2
10:35:54.871 (index):945 WAITING_3
10:35:54.872 (index):945 WAITING_4
10:35:54.872 (index):945 WAITING_5
10:35:54.873 (index):945 WAITING_6
10:35:54.873 (index):945 WAITING_7
10:35:54.874 (index):945 WAITING_8
10:35:54.874 (index):896 NODEACCESSRELEASED_9
10:35:54.875 (index):926 NODEACCESSREQUESTED_10
10:35:54.875 (index):896 NODEACCESSRELEASED_11
10:35:54.876 (index):945 WAITING_12
10:35:54.876 (index):896 NODEACCESSRELEASED_13
10:35:54.876 (index):914 UPDATE_14
10:35:54.877 (index):945 WAITING_15
10:35:54.877 (index):945 WAITING_16
10:35:54.878 (index):945 WAITING_17
10:35:54.878 (index):926 NODEACCESSREQUESTED_18
10:35:54.879 (index):896 NODEACCESSRELEASED_19
10:35:54.879 (index):945 WAITING_20
10:35:54.880 (index):945 WAITING_21
10:35:54.880 (index):896 NODEACCESSRELEASED_22
10:35:54.881 (index):945 WAITING_23
10:35:54.881 (index):945 WAITING_24
10:35:54.881 (index):914 UPDATE_25
10:35:54.882 (index):914 UPDATE_26
10:35:54.882 (index):945 WAITING_0
10:35:54.883 (index):926 NODEACCESSREQUESTED_1
10:35:54.883 (index):896 NODEACCESSRELEASED_2
10:35:54.884 (index):945 WAITING_3
10:35:54.884 (index):945 WAITING_4
10:35:54.885 (index):945 WAITING_5
10:35:54.885 (index):945 WAITING_6
10:35:54.885 (index):945 WAITING_7
10:35:54.886 (index):945 WAITING_8
10:35:54.886 (index):926 NODEACCESSREQUESTED_9
10:35:54.887 (index):914 UPDATE_10
10:35:54.887 (index):926 NODEACCESSREQUESTED_11
10:35:54.888 (index):945 WAITING_12
10:35:54.888 (index):926 NODEACCESSREQUESTED_13
10:35:54.889 (index):896 NODEACCESSRELEASED_14
10:35:54.889 (index):914 UPDATE_15
10:35:54.890 (index):945 WAITING_16
10:35:54.890 (index):945 WAITING_17
10:35:54.890 (index):945 WAITING_18
10:35:54.891 (index):926 NODEACCESSREQUESTED_19
10:35:54.891 (index):945 WAITING_20
10:35:54.892 (index):945 WAITING_21
10:35:54.892 (index):926 NODEACCESSREQUESTED_22
10:35:54.893 (index):945 WAITING_23
10:35:54.893 (index):945 WAITING_24
10:35:54.893 (index):896 NODEACCESSRELEASED_25
10:35:54.894 (index):896 NODEACCESSRELEASED_26
10:35:54.894 (index):945 WAITING_0
10:35:54.895 (index):914 UPDATE_1
10:35:54.895 (index):926 NODEACCESSREQUESTED_2
10:35:54.896 (index):945 WAITING_3
10:35:54.896 (index):945 WAITING_4
10:35:54.897 (index):945 WAITING_5
10:35:54.897 (index):945 WAITING_6
10:35:54.898 (index):945 WAITING_7
10:35:54.898 (index):945 WAITING_8
10:35:54.898 (index):945 WAITING_9
10:35:54.899 (index):896 NODEACCESSRELEASED_10
10:35:54.899 (index):914 UPDATE_11
10:35:54.900 (index):945 WAITING_12
10:35:54.900 (index):914 UPDATE_13
10:35:54.901 (index):926 NODEACCESSREQUESTED_14
10:35:54.901 (index):896 NODEACCESSRELEASED_15
10:35:54.902 (index):945 WAITING_16
10:35:54.902 (index):914 UPDATE_17
10:35:54.903 (index):945 WAITING_18
10:35:54.903 (index):914 UPDATE_19
10:35:54.903 (index):945 WAITING_20
10:35:54.904 (index):945 WAITING_21
10:35:54.904 (index):945 WAITING_22
10:35:54.905 (index):945 WAITING_23
10:35:54.905 (index):945 WAITING_24
10:35:54.908 (index):926 NODEACCESSREQUESTED_25
10:35:54.908 (index):926 NODEACCESSREQUESTED_26
10:35:54.909 (index):945 WAITING_0
10:35:54.909 (index):896 NODEACCESSRELEASED_1
10:35:54.910 (index):945 WAITING_2
10:35:54.911 (index):945 WAITING_3
10:35:54.912 (index):945 WAITING_4
10:35:54.912 (index):945 WAITING_5
10:35:54.913 (index):945 WAITING_6
10:35:54.913 (index):945 WAITING_7
10:35:54.914 (index):945 WAITING_8
10:35:54.914 (index):914 UPDATE_9
10:35:54.914 (index):926 NODEACCESSREQUESTED_10
10:35:54.915 (index):896 NODEACCESSRELEASED_11
10:35:54.915 (index):945 WAITING_12
10:35:54.916 (index):896 NODEACCESSRELEASED_13
10:35:54.916 (index):914 UPDATE_14
10:35:54.917 (index):926 NODEACCESSREQUESTED_15
10:35:54.917 (index):945 WAITING_16
10:35:54.918 (index):896 NODEACCESSRELEASED_17
10:35:54.918 (index):945 WAITING_18
10:35:54.919 (index):896 NODEACCESSRELEASED_19
10:35:54.919 (index):945 WAITING_20
10:35:54.920 (index):945 WAITING_21
10:35:54.920 (index):945 WAITING_22
10:35:54.921 (index):945 WAITING_23
10:35:54.921 (index):945 WAITING_24
10:35:54.921 (index):914 UPDATE_25
10:35:54.922 (index):914 UPDATE_26
10:35:54.922 (index):914 UPDATE_0
10:35:54.923 (index):926 NODEACCESSREQUESTED_1
10:35:54.923 (index):914 UPDATE_2
10:35:54.924 (index):945 WAITING_3
10:35:54.924 (index):945 WAITING_4
10:35:54.924 (index):945 WAITING_5
10:35:54.925 (index):945 WAITING_6
10:35:54.925 (index):945 WAITING_7
10:35:54.926 (index):945 WAITING_8
10:35:54.926 (index):896 NODEACCESSRELEASED_9
10:35:54.927 (index):945 WAITING_10
10:35:54.927 (index):926 NODEACCESSREQUESTED_11
10:35:54.928 (index):945 WAITING_12
10:35:54.928 (index):926 NODEACCESSREQUESTED_13
10:35:54.928 (index):896 NODEACCESSRELEASED_14
10:35:54.929 (index):914 UPDATE_15
10:35:54.929 (index):945 WAITING_16
10:35:54.930 (index):926 NODEACCESSREQUESTED_17
10:35:54.930 (index):945 WAITING_18
10:35:54.931 (index):926 NODEACCESSREQUESTED_19
10:35:54.931 (index):945 WAITING_20
10:35:54.932 (index):945 WAITING_21
10:35:54.932 (index):945 WAITING_22
10:35:54.932 (index):945 WAITING_23
10:35:54.933 (index):945 WAITING_24
10:35:54.933 (index):896 NODEACCESSRELEASED_25
10:35:54.934 (index):896 NODEACCESSRELEASED_26
10:35:54.934 (index):896 NODEACCESSRELEASED_0
10:35:54.935 (index):945 WAITING_1
10:35:54.935 (index):896 NODEACCESSRELEASED_2
10:35:54.936 (index):945 WAITING_3
10:35:54.936 (index):945 WAITING_4
10:35:54.937 (index):945 WAITING_5
10:35:54.937 (index):945 WAITING_6
10:35:54.938 (index):945 WAITING_7
10:35:54.938 (index):945 WAITING_8
10:35:54.938 (index):926 NODEACCESSREQUESTED_9
10:35:54.939 (index):914 UPDATE_10
10:35:54.939 (index):945 WAITING_11
10:35:54.940 (index):945 WAITING_12
10:35:54.940 (index):914 UPDATE_13
10:35:54.941 (index):926 NODEACCESSREQUESTED_14
10:35:54.941 (index):896 NODEACCESSRELEASED_15
10:35:54.942 (index):945 WAITING_16
10:35:54.942 (index):914 UPDATE_17
10:35:54.942 (index):945 WAITING_18
10:35:54.943 (index):914 UPDATE_19
10:35:54.943 (index):945 WAITING_20
10:35:54.944 (index):945 WAITING_21
10:35:54.944 (index):945 WAITING_22
10:35:54.945 (index):945 WAITING_23
10:35:54.945 (index):945 WAITING_24
10:35:54.945 (index):926 NODEACCESSREQUESTED_25
10:35:54.946 (index):926 NODEACCESSREQUESTED_26
10:35:54.946 (index):926 NODEACCESSREQUESTED_0
10:35:54.947 (index):945 WAITING_1
10:35:54.947 (index):926 NODEACCESSREQUESTED_2
10:35:54.948 (index):945 WAITING_3
10:35:54.948 (index):945 WAITING_4
10:35:54.949 (index):945 WAITING_5
10:35:54.949 (index):945 WAITING_6
10:35:54.950 (index):945 WAITING_7
10:35:54.950 (index):945 WAITING_8
10:35:54.950 (index):945 WAITING_9
10:35:54.951 (index):896 NODEACCESSRELEASED_10
10:35:54.951 (index):914 UPDATE_11
10:35:54.952 (index):945 WAITING_12
10:35:54.952 (index):896 NODEACCESSRELEASED_13
10:35:54.953 (index):914 UPDATE_14
10:35:54.953 (index):926 NODEACCESSREQUESTED_15
10:35:54.954 (index):945 WAITING_16
10:35:54.954 (index):896 NODEACCESSRELEASED_17
10:35:54.955 (index):945 WAITING_18
10:35:54.955 (index):896 NODEACCESSRELEASED_19
10:35:54.956 (index):945 WAITING_20
10:35:54.956 (index):945 WAITING_21
10:35:54.956 (index):945 WAITING_22
10:35:54.957 (index):945 WAITING_23
10:35:54.957 (index):945 WAITING_24
10:35:54.958 (index):945 WAITING_25
10:35:54.958 (index):914 UPDATE_26
10:35:54.959 (index):914 UPDATE_0
10:35:54.959 (index):945 WAITING_1
10:35:54.959 (index):945 WAITING_2
10:35:54.960 (index):945 WAITING_3
10:35:54.960 (index):945 WAITING_4
10:35:54.961 (index):945 WAITING_5
10:35:54.961 (index):945 WAITING_6
10:35:54.962 (index):945 WAITING_7
10:35:54.962 (index):945 WAITING_8
10:35:54.963 (index):914 UPDATE_9
10:35:54.963 (index):926 NODEACCESSREQUESTED_10
10:35:54.963 (index):896 NODEACCESSRELEASED_11
10:35:54.964 (index):945 WAITING_12
10:35:54.964 (index):926 NODEACCESSREQUESTED_13
10:35:54.965 (index):896 NODEACCESSRELEASED_14
10:35:54.965 (index):914 UPDATE_15
10:35:54.966 (index):945 WAITING_16
10:35:54.966 (index):926 NODEACCESSREQUESTED_17
10:35:54.967 (index):945 WAITING_18
10:35:54.967 (index):926 NODEACCESSREQUESTED_19
10:35:54.968 (index):945 WAITING_20
10:35:54.968 (index):945 WAITING_21
10:35:54.968 (index):945 WAITING_22
10:35:54.969 (index):945 WAITING_23
10:35:54.969 (index):945 WAITING_24
10:35:54.970 (index):945 WAITING_25
10:35:54.970 (index):896 NODEACCESSRELEASED_26
10:35:54.971 (index):896 NODEACCESSRELEASED_0
10:35:54.971 (index):945 WAITING_1
10:35:54.972 (index):945 WAITING_2
10:35:54.972 (index):945 WAITING_3
10:35:54.973 (index):945 WAITING_4
10:35:54.973 (index):945 WAITING_5
10:35:54.973 (index):945 WAITING_6
10:35:54.974 (index):945 WAITING_7
10:35:54.974 (index):945 WAITING_8
10:35:54.975 (index):896 NODEACCESSRELEASED_9
10:35:54.975 (index):914 UPDATE_10
10:35:54.976 (index):926 NODEACCESSREQUESTED_11
10:35:54.976 (index):945 WAITING_12
10:35:54.976 (index):914 UPDATE_13
10:35:54.977 (index):926 NODEACCESSREQUESTED_14
10:35:54.977 (index):896 NODEACCESSRELEASED_15
10:35:54.978 (index):945 WAITING_16
10:35:54.978 (index):914 UPDATE_17
10:35:54.979 (index):945 WAITING_18
10:35:54.979 (index):914 UPDATE_19
10:35:54.980 (index):945 WAITING_20
10:35:54.980 (index):945 WAITING_21
10:35:54.980 (index):945 WAITING_22
10:35:54.981 (index):945 WAITING_23
10:35:54.981 (index):945 WAITING_24
10:35:54.982 (index):945 WAITING_25
10:35:54.982 (index):926 NODEACCESSREQUESTED_26
10:35:54.983 (index):926 NODEACCESSREQUESTED_0
10:35:54.983 (index):945 WAITING_1
10:35:54.983 (index):945 WAITING_2
10:35:54.984 (index):945 WAITING_3
10:35:54.984 (index):945 WAITING_4
10:35:54.985 (index):945 WAITING_5
10:35:54.985 (index):945 WAITING_6
10:35:54.986 (index):945 WAITING_7
10:35:54.986 (index):945 WAITING_8
10:35:54.986 (index):926 NODEACCESSREQUESTED_9
10:35:54.987 (index):896 NODEACCESSRELEASED_10
10:35:54.987 (index):914 UPDATE_11
10:35:54.988 (index):945 WAITING_12
10:35:54.988 (index):896 NODEACCESSRELEASED_13
10:35:54.989 (index):945 WAITING_14
10:35:54.989 (index):926 NODEACCESSREQUESTED_15
10:35:54.990 (index):945 WAITING_16
10:35:54.990 (index):896 NODEACCESSRELEASED_17
10:35:54.991 (index):945 WAITING_18
10:35:54.991 (index):896 NODEACCESSRELEASED_19
10:35:54.992 (index):945 WAITING_20
10:35:54.992 (index):945 WAITING_21
10:35:54.992 (index):945 WAITING_22
10:35:54.993 (index):945 WAITING_23
10:35:54.993 (index):945 WAITING_24
10:35:54.994 (index):945 WAITING_25
10:35:54.994 (index):914 UPDATE_26
10:35:54.995 (index):945 WAITING_0
10:35:54.995 (index):945 WAITING_1
10:35:54.995 (index):945 WAITING_2
10:35:54.996 (index):945 WAITING_3
10:35:54.996 (index):945 WAITING_4
10:35:54.997 (index):945 WAITING_5
10:35:54.997 (index):945 WAITING_6
10:35:54.998 (index):945 WAITING_7
10:35:54.998 (index):945 WAITING_8
10:35:54.998 (index):914 UPDATE_9
10:35:54.999 (index):926 NODEACCESSREQUESTED_10
10:35:54.999 (index):896 NODEACCESSRELEASED_11
10:35:55.000 (index):945 WAITING_12
10:35:55.000 (index):926 NODEACCESSREQUESTED_13
10:35:55.001 (index):945 WAITING_14
10:35:55.001 (index):914 UPDATE_15
10:35:55.002 (index):945 WAITING_16
10:35:55.002 (index):926 NODEACCESSREQUESTED_17
10:35:55.002 (index):945 WAITING_18
10:35:55.003 (index):926 NODEACCESSREQUESTED_19
10:35:55.003 (index):945 WAITING_20
10:35:55.004 (index):945 WAITING_21
10:35:55.004 (index):945 WAITING_22
10:35:55.005 (index):945 WAITING_23
10:35:55.005 (index):945 WAITING_24
10:35:55.005 (index):945 WAITING_25
10:35:55.006 (index):896 NODEACCESSRELEASED_26
10:35:55.006 (index):914 UPDATE_0
10:35:55.007 (index):945 WAITING_1
10:35:55.007 (index):945 WAITING_2
10:35:55.008 (index):945 WAITING_3
10:35:55.008 (index):945 WAITING_4
10:35:55.009 (index):945 WAITING_5
10:35:55.009 (index):945 WAITING_6
10:35:55.009 (index):945 WAITING_7
10:35:55.010 (index):945 WAITING_8
10:35:55.010 (index):896 NODEACCESSRELEASED_9
10:35:55.011 (index):914 UPDATE_10
10:35:55.011 (index):926 NODEACCESSREQUESTED_11
10:35:55.012 (index):945 WAITING_12
10:35:55.012 (index):914 UPDATE_13
10:35:55.012 (index):945 WAITING_14
10:35:55.013 (index):896 NODEACCESSRELEASED_15
10:35:55.013 (index):945 WAITING_16
10:35:55.014 (index):914 UPDATE_17
10:35:55.014 (index):945 WAITING_18
10:35:55.015 (index):914 UPDATE_19
10:35:55.015 (index):945 WAITING_20
10:35:55.016 (index):945 WAITING_21
10:35:55.016 (index):945 WAITING_22
10:35:55.017 (index):945 WAITING_23
10:35:55.017 (index):945 WAITING_24
10:35:55.017 (index):945 WAITING_25
10:35:55.018 (index):926 NODEACCESSREQUESTED_26
10:35:55.018 (index):896 NODEACCESSRELEASED_0
