12:28:59.330 (index):974 Tasks: 25; Collaborators: 9    =========================>
12:28:59.330 (index):800 NODEACCESSREQUESTED_0
12:28:59.331 (index):800 NODEACCESSREQUESTED_1
12:28:59.331 (index):800 NODEACCESSREQUESTED_2
12:28:59.332 (index):800 NODEACCESSREQUESTED_3
12:28:59.332 (index):800 NODEACCESSREQUESTED_4
12:28:59.332 (index):800 NODEACCESSREQUESTED_5
12:28:59.333 (index):800 NODEACCESSREQUESTED_6
12:28:59.333 (index):800 NODEACCESSREQUESTED_7
12:28:59.334 (index):800 NODEACCESSREQUESTED_8
12:28:59.335 (index):770 NODEACCESSRELEASED_0
12:28:59.335 (index):770 NODEACCESSRELEASED_1
12:28:59.336 (index):770 NODEACCESSRELEASED_2
12:28:59.336 (index):770 NODEACCESSRELEASED_3
12:28:59.337 (index):770 NODEACCESSRELEASED_4
12:28:59.337 (index):770 NODEACCESSRELEASED_5
12:28:59.338 (index):770 NODEACCESSRELEASED_6
12:28:59.338 (index):770 NODEACCESSRELEASED_7
12:28:59.339 (index):770 NODEACCESSRELEASED_8
12:28:59.339 (index):800 NODEACCESSREQUESTED_0
12:28:59.340 (index):800 NODEACCESSREQUESTED_1
12:28:59.340 (index):800 NODEACCESSREQUESTED_2
12:28:59.341 (index):800 NODEACCESSREQUESTED_3
12:28:59.341 (index):800 NODEACCESSREQUESTED_4
12:28:59.342 (index):800 NODEACCESSREQUESTED_5
12:28:59.343 (index):800 NODEACCESSREQUESTED_6
12:28:59.343 (index):800 NODEACCESSREQUESTED_7
12:28:59.344 (index):800 NODEACCESSREQUESTED_8
12:28:59.344 (index):788 UPDATE_0
12:28:59.344 (index):788 UPDATE_1
12:28:59.345 (index):819 WAITING_2
12:28:59.345 (index):788 UPDATE_3
12:28:59.346 (index):819 WAITING_4
12:28:59.347 (index):819 WAITING_5
12:28:59.347 (index):819 WAITING_6
12:28:59.348 (index):819 WAITING_7
12:28:59.348 (index):788 UPDATE_8
12:28:59.349 (index):770 NODEACCESSRELEASED_0
12:28:59.349 (index):770 NODEACCESSRELEASED_1
12:28:59.349 (index):819 WAITING_2
12:28:59.350 (index):770 NODEACCESSRELEASED_3
12:28:59.350 (index):788 UPDATE_4
12:28:59.351 (index):819 WAITING_5
12:28:59.352 (index):788 UPDATE_6
12:28:59.352 (index):788 UPDATE_7
12:28:59.353 (index):770 NODEACCESSRELEASED_8
12:28:59.353 (index):800 NODEACCESSREQUESTED_0
12:28:59.354 (index):800 NODEACCESSREQUESTED_1
12:28:59.354 (index):819 WAITING_2
12:28:59.354 (index):800 NODEACCESSREQUESTED_3
12:28:59.355 (index):770 NODEACCESSRELEASED_4
12:28:59.356 (index):819 WAITING_5
12:28:59.356 (index):770 NODEACCESSRELEASED_6
12:28:59.357 (index):770 NODEACCESSRELEASED_7
12:28:59.357 (index):800 NODEACCESSREQUESTED_8
12:28:59.358 (index):788 UPDATE_0
12:28:59.358 (index):788 UPDATE_1
12:28:59.359 (index):819 WAITING_2
12:28:59.359 (index):788 UPDATE_3
12:28:59.360 (index):800 NODEACCESSREQUESTED_4
12:28:59.360 (index):788 UPDATE_5
12:28:59.361 (index):800 NODEACCESSREQUESTED_6
12:28:59.361 (index):800 NODEACCESSREQUESTED_7
12:28:59.362 (index):788 UPDATE_8
12:28:59.362 (index):770 NODEACCESSRELEASED_0
12:28:59.363 (index):770 NODEACCESSRELEASED_1
12:28:59.363 (index):819 WAITING_2
12:28:59.364 (index):770 NODEACCESSRELEASED_3
12:28:59.364 (index):788 UPDATE_4
12:28:59.365 (index):770 NODEACCESSRELEASED_5
12:28:59.365 (index):819 WAITING_6
12:28:59.366 (index):819 WAITING_7
12:28:59.366 (index):770 NODEACCESSRELEASED_8
12:28:59.367 (index):800 NODEACCESSREQUESTED_0
12:28:59.367 (index):800 NODEACCESSREQUESTED_1
12:28:59.368 (index):819 WAITING_2
12:28:59.368 (index):800 NODEACCESSREQUESTED_3
12:28:59.369 (index):770 NODEACCESSRELEASED_4
12:28:59.369 (index):800 NODEACCESSREQUESTED_5
12:28:59.370 (index):788 UPDATE_6
12:28:59.370 (index):819 WAITING_7
12:28:59.371 (index):800 NODEACCESSREQUESTED_8
12:28:59.371 (index):788 UPDATE_0
12:28:59.372 (index):788 UPDATE_1
12:28:59.372 (index):819 WAITING_2
12:28:59.373 (index):819 WAITING_3
12:28:59.373 (index):800 NODEACCESSREQUESTED_4
12:28:59.374 (index):788 UPDATE_5
12:28:59.374 (index):770 NODEACCESSRELEASED_6
12:28:59.375 (index):788 UPDATE_7
12:28:59.375 (index):819 WAITING_8
12:28:59.376 (index):770 NODEACCESSRELEASED_0
12:28:59.377 (index):770 NODEACCESSRELEASED_1
12:28:59.377 (index):819 WAITING_2
12:28:59.378 (index):819 WAITING_3
12:28:59.378 (index):819 WAITING_4
12:28:59.379 (index):770 NODEACCESSRELEASED_5
12:28:59.380 (index):800 NODEACCESSREQUESTED_6
12:28:59.380 (index):770 NODEACCESSRELEASED_7
12:28:59.381 (index):788 UPDATE_8
12:28:59.381 (index):800 NODEACCESSREQUESTED_0
12:28:59.382 (index):800 NODEACCESSREQUESTED_1
12:28:59.383 (index):819 WAITING_2
12:28:59.383 (index):788 UPDATE_3
12:28:59.384 (index):819 WAITING_4
12:28:59.385 (index):800 NODEACCESSREQUESTED_5
12:28:59.385 (index):788 UPDATE_6
12:28:59.386 (index):800 NODEACCESSREQUESTED_7
12:28:59.386 (index):770 NODEACCESSRELEASED_8
12:28:59.387 (index):819 WAITING_0
12:28:59.388 (index):788 UPDATE_1
12:28:59.388 (index):819 WAITING_2
12:28:59.389 (index):770 NODEACCESSRELEASED_3
12:28:59.389 (index):788 UPDATE_4
12:28:59.390 (index):788 UPDATE_5
12:28:59.391 (index):770 NODEACCESSRELEASED_6
12:28:59.391 (index):788 UPDATE_7
12:28:59.392 (index):800 NODEACCESSREQUESTED_8
12:28:59.393 (index):788 UPDATE_0
12:28:59.393 (index):770 NODEACCESSRELEASED_1
12:28:59.394 (index):819 WAITING_2
12:28:59.394 (index):800 NODEACCESSREQUESTED_3
12:28:59.395 (index):770 NODEACCESSRELEASED_4
12:28:59.396 (index):770 NODEACCESSRELEASED_5
12:28:59.396 (index):800 NODEACCESSREQUESTED_6
12:28:59.397 (index):770 NODEACCESSRELEASED_7
12:28:59.397 (index):788 UPDATE_8
12:28:59.398 (index):770 NODEACCESSRELEASED_0
12:28:59.399 (index):800 NODEACCESSREQUESTED_1
12:28:59.399 (index):819 WAITING_2
12:28:59.400 (index):788 UPDATE_3
12:28:59.400 (index):800 NODEACCESSREQUESTED_4
12:28:59.401 (index):800 NODEACCESSREQUESTED_5
12:28:59.401 (index):788 UPDATE_6
12:28:59.401 (index):800 NODEACCESSREQUESTED_7
12:28:59.402 (index):770 NODEACCESSRELEASED_8
12:28:59.403 (index):800 NODEACCESSREQUESTED_0
12:28:59.403 (index):788 UPDATE_1
12:28:59.404 (index):819 WAITING_2
12:28:59.404 (index):770 NODEACCESSRELEASED_3
12:28:59.405 (index):788 UPDATE_4
12:28:59.406 (index):788 UPDATE_5
12:28:59.406 (index):770 NODEACCESSRELEASED_6
12:28:59.407 (index):788 UPDATE_7
12:28:59.408 (index):800 NODEACCESSREQUESTED_8
12:28:59.408 (index):819 WAITING_0
12:28:59.409 (index):770 NODEACCESSRELEASED_1
12:28:59.409 (index):819 WAITING_2
12:28:59.410 (index):800 NODEACCESSREQUESTED_3
12:28:59.411 (index):770 NODEACCESSRELEASED_4
12:28:59.411 (index):770 NODEACCESSRELEASED_5
12:28:59.412 (index):800 NODEACCESSREQUESTED_6
12:28:59.413 (index):770 NODEACCESSRELEASED_7
12:28:59.413 (index):788 UPDATE_8
12:28:59.414 (index):788 UPDATE_0
12:28:59.414 (index):800 NODEACCESSREQUESTED_1
12:28:59.415 (index):819 WAITING_2
12:28:59.416 (index):788 UPDATE_3
12:28:59.416 (index):800 NODEACCESSREQUESTED_4
12:28:59.417 (index):800 NODEACCESSREQUESTED_5
12:28:59.417 (index):788 UPDATE_6
12:28:59.418 (index):800 NODEACCESSREQUESTED_7
12:28:59.419 (index):770 NODEACCESSRELEASED_8
12:28:59.419 (index):770 NODEACCESSRELEASED_0
12:28:59.420 (index):788 UPDATE_1
12:28:59.421 (index):819 WAITING_2
12:28:59.421 (index):770 NODEACCESSRELEASED_3
12:28:59.421 (index):788 UPDATE_4
12:28:59.422 (index):788 UPDATE_5
12:28:59.423 (index):770 NODEACCESSRELEASED_6
12:28:59.423 (index):788 UPDATE_7
12:28:59.424 (index):800 NODEACCESSREQUESTED_8
12:28:59.425 (index):800 NODEACCESSREQUESTED_0
12:28:59.425 (index):770 NODEACCESSRELEASED_1
12:28:59.426 (index):819 WAITING_2
12:28:59.427 (index):800 NODEACCESSREQUESTED_3
12:28:59.427 (index):770 NODEACCESSRELEASED_4
12:28:59.428 (index):770 NODEACCESSRELEASED_5
12:28:59.428 (index):800 NODEACCESSREQUESTED_6
12:28:59.429 (index):770 NODEACCESSRELEASED_7
12:28:59.430 (index):788 UPDATE_8
12:28:59.430 (index):788 UPDATE_0
12:28:59.431 (index):800 NODEACCESSREQUESTED_1
12:28:59.431 (index):819 WAITING_2
12:28:59.432 (index):788 UPDATE_3
12:28:59.433 (index):800 NODEACCESSREQUESTED_4
12:28:59.433 (index):800 NODEACCESSREQUESTED_5
12:28:59.434 (index):788 UPDATE_6
12:28:59.434 (index):800 NODEACCESSREQUESTED_7
12:28:59.435 (index):770 NODEACCESSRELEASED_8
12:28:59.436 (index):770 NODEACCESSRELEASED_0
12:28:59.436 (index):819 WAITING_1
12:28:59.437 (index):819 WAITING_2
12:28:59.438 (index):770 NODEACCESSRELEASED_3
12:28:59.438 (index):819 WAITING_4
12:28:59.439 (index):788 UPDATE_5
12:28:59.440 (index):770 NODEACCESSRELEASED_6
12:28:59.440 (index):819 WAITING_7
12:28:59.441 (index):800 NODEACCESSREQUESTED_8
12:28:59.441 (index):800 NODEACCESSREQUESTED_0
12:28:59.442 (index):788 UPDATE_1
12:28:59.443 (index):819 WAITING_2
12:28:59.443 (index):800 NODEACCESSREQUESTED_3
12:28:59.444 (index):819 WAITING_4
12:28:59.445 (index):770 NODEACCESSRELEASED_5
12:28:59.445 (index):800 NODEACCESSREQUESTED_6
12:28:59.446 (index):788 UPDATE_7
12:28:59.446 (index):788 UPDATE_8
12:28:59.447 (index):788 UPDATE_0
12:28:59.448 (index):770 NODEACCESSRELEASED_1
12:28:59.448 (index):819 WAITING_2
12:28:59.449 (index):788 UPDATE_3
12:28:59.449 (index):819 WAITING_4
12:28:59.450 (index):800 NODEACCESSREQUESTED_5
12:28:59.451 (index):819 WAITING_6
12:28:59.451 (index):770 NODEACCESSRELEASED_7
12:28:59.452 (index):770 NODEACCESSRELEASED_8
12:28:59.453 (index):770 NODEACCESSRELEASED_0
12:28:59.453 (index):800 NODEACCESSREQUESTED_1
12:28:59.454 (index):819 WAITING_2
12:28:59.455 (index):770 NODEACCESSRELEASED_3
12:28:59.455 (index):788 UPDATE_4
12:28:59.456 (index):788 UPDATE_5
12:28:59.457 (index):819 WAITING_6
12:28:59.457 (index):800 NODEACCESSREQUESTED_7
12:28:59.458 (index):800 NODEACCESSREQUESTED_8
12:28:59.459 (index):800 NODEACCESSREQUESTED_0
12:28:59.459 (index):788 UPDATE_1
12:28:59.460 (index):819 WAITING_2
12:28:59.460 (index):800 NODEACCESSREQUESTED_3
12:28:59.461 (index):770 NODEACCESSRELEASED_4
12:28:59.462 (index):770 NODEACCESSRELEASED_5
12:28:59.462 (index):819 WAITING_6
12:28:59.463 (index):788 UPDATE_7
12:28:59.464 (index):788 UPDATE_8
12:28:59.464 (index):788 UPDATE_0
12:28:59.465 (index):770 NODEACCESSRELEASED_1
12:28:59.465 (index):819 WAITING_2
12:28:59.466 (index):788 UPDATE_3
12:28:59.467 (index):800 NODEACCESSREQUESTED_4
12:28:59.467 (index):800 NODEACCESSREQUESTED_5
12:28:59.468 (index):819 WAITING_6
12:28:59.468 (index):770 NODEACCESSRELEASED_7
12:28:59.469 (index):770 NODEACCESSRELEASED_8
12:28:59.471 (index):770 NODEACCESSRELEASED_0
12:28:59.471 (index):800 NODEACCESSREQUESTED_1
12:28:59.472 (index):819 WAITING_2
12:28:59.472 (index):770 NODEACCESSRELEASED_3
12:28:59.473 (index):788 UPDATE_4
12:28:59.474 (index):788 UPDATE_5
12:28:59.475 (index):819 WAITING_6
12:28:59.475 (index):800 NODEACCESSREQUESTED_7
12:28:59.476 (index):800 NODEACCESSREQUESTED_8
12:28:59.476 (index):800 NODEACCESSREQUESTED_0
12:28:59.477 (index):788 UPDATE_1
12:28:59.478 (index):819 WAITING_2
12:28:59.478 (index):800 NODEACCESSREQUESTED_3
12:28:59.479 (index):770 NODEACCESSRELEASED_4
12:28:59.480 (index):770 NODEACCESSRELEASED_5
12:28:59.480 (index):819 WAITING_6
12:28:59.481 (index):819 WAITING_7
12:28:59.481 (index):819 WAITING_8
12:28:59.482 (index):819 WAITING_0
12:28:59.483 (index):770 NODEACCESSRELEASED_1
12:28:59.483 (index):819 WAITING_2
12:28:59.484 (index):788 UPDATE_3
12:28:59.484 (index):800 NODEACCESSREQUESTED_4
12:28:59.485 (index):800 NODEACCESSREQUESTED_5
12:28:59.486 (index):819 WAITING_6
12:28:59.486 (index):819 WAITING_7
12:28:59.487 (index):788 UPDATE_8
12:28:59.488 (index):819 WAITING_0
12:28:59.488 (index):800 NODEACCESSREQUESTED_1
12:28:59.489 (index):819 WAITING_2
12:28:59.490 (index):770 NODEACCESSRELEASED_3
12:28:59.490 (index):819 WAITING_4
12:28:59.491 (index):788 UPDATE_5
12:28:59.492 (index):819 WAITING_6
12:28:59.492 (index):819 WAITING_7
12:28:59.493 (index):770 NODEACCESSRELEASED_8
12:28:59.494 (index):788 UPDATE_0
12:28:59.494 (index):819 WAITING_1
12:28:59.495 (index):819 WAITING_2
12:28:59.495 (index):800 NODEACCESSREQUESTED_3
12:28:59.496 (index):819 WAITING_4
12:28:59.497 (index):770 NODEACCESSRELEASED_5
12:28:59.497 (index):819 WAITING_6
12:28:59.498 (index):819 WAITING_7
12:28:59.498 (index):800 NODEACCESSREQUESTED_8
12:28:59.499 (index):770 NODEACCESSRELEASED_0
12:28:59.500 (index):788 UPDATE_1
12:28:59.500 (index):819 WAITING_2
12:28:59.501 (index):788 UPDATE_3
12:28:59.501 (index):788 UPDATE_4
12:28:59.502 (index):800 NODEACCESSREQUESTED_5
12:28:59.503 (index):819 WAITING_6
12:28:59.503 (index):819 WAITING_7
12:28:59.504 (index):788 UPDATE_8
12:28:59.505 (index):800 NODEACCESSREQUESTED_0
12:28:59.505 (index):770 NODEACCESSRELEASED_1
12:28:59.506 (index):819 WAITING_2
12:28:59.506 (index):770 NODEACCESSRELEASED_3
12:28:59.507 (index):770 NODEACCESSRELEASED_4
12:28:59.508 (index):819 WAITING_5
12:28:59.508 (index):819 WAITING_6
12:28:59.509 (index):819 WAITING_7
12:28:59.509 (index):770 NODEACCESSRELEASED_8
12:28:59.510 (index):788 UPDATE_0
12:28:59.511 (index):800 NODEACCESSREQUESTED_1
12:28:59.511 (index):819 WAITING_2
12:28:59.512 (index):800 NODEACCESSREQUESTED_3
12:28:59.512 (index):800 NODEACCESSREQUESTED_4
12:28:59.513 (index):788 UPDATE_5
12:28:59.514 (index):819 WAITING_6
12:28:59.514 (index):819 WAITING_7
12:28:59.515 (index):800 NODEACCESSREQUESTED_8
12:28:59.515 (index):770 NODEACCESSRELEASED_0
12:28:59.516 (index):788 UPDATE_1
12:28:59.517 (index):819 WAITING_2
12:28:59.517 (index):788 UPDATE_3
12:28:59.518 (index):788 UPDATE_4
12:28:59.518 (index):770 NODEACCESSRELEASED_5
12:28:59.519 (index):819 WAITING_6
12:28:59.520 (index):819 WAITING_7
12:28:59.520 (index):788 UPDATE_8
12:28:59.521 (index):800 NODEACCESSREQUESTED_0
12:28:59.521 (index):770 NODEACCESSRELEASED_1
12:28:59.522 (index):819 WAITING_2
12:28:59.523 (index):770 NODEACCESSRELEASED_3
12:28:59.523 (index):770 NODEACCESSRELEASED_4
12:28:59.524 (index):800 NODEACCESSREQUESTED_5
12:28:59.524 (index):819 WAITING_6
12:28:59.525 (index):819 WAITING_7
12:28:59.526 (index):770 NODEACCESSRELEASED_8
12:28:59.526 (index):788 UPDATE_0
12:28:59.527 (index):800 NODEACCESSREQUESTED_1
12:28:59.527 (index):819 WAITING_2
12:28:59.528 (index):800 NODEACCESSREQUESTED_3
12:28:59.529 (index):800 NODEACCESSREQUESTED_4
12:28:59.529 (index):819 WAITING_5
12:28:59.530 (index):788 UPDATE_6
12:28:59.530 (index):819 WAITING_7
12:28:59.531 (index):800 NODEACCESSREQUESTED_8
12:28:59.532 (index):770 NODEACCESSRELEASED_0
12:28:59.532 (index):819 WAITING_1
12:28:59.533 (index):819 WAITING_2
12:28:59.533 (index):788 UPDATE_3
12:28:59.534 (index):819 WAITING_4
12:28:59.535 (index):788 UPDATE_5
12:28:59.535 (index):770 NODEACCESSRELEASED_6
12:28:59.536 (index):819 WAITING_7
12:28:59.536 (index):788 UPDATE_8
12:28:59.537 (index):800 NODEACCESSREQUESTED_0
12:28:59.538 (index):788 UPDATE_1
12:28:59.538 (index):819 WAITING_2
12:28:59.539 (index):770 NODEACCESSRELEASED_3
12:28:59.539 (index):819 WAITING_4
12:28:59.540 (index):770 NODEACCESSRELEASED_5
12:28:59.541 (index):800 NODEACCESSREQUESTED_6
12:28:59.541 (index):819 WAITING_7
12:28:59.542 (index):770 NODEACCESSRELEASED_8
12:28:59.542 (index):788 UPDATE_0
12:28:59.543 (index):770 NODEACCESSRELEASED_1
12:28:59.544 (index):819 WAITING_2
12:28:59.544 (index):800 NODEACCESSREQUESTED_3
12:28:59.545 (index):788 UPDATE_4
12:28:59.545 (index):800 NODEACCESSREQUESTED_5
12:28:59.546 (index):788 UPDATE_6
12:28:59.547 (index):819 WAITING_7
12:28:59.547 (index):800 NODEACCESSREQUESTED_8
12:28:59.548 (index):770 NODEACCESSRELEASED_0
12:28:59.548 (index):800 NODEACCESSREQUESTED_1
12:28:59.549 (index):819 WAITING_2
12:28:59.550 (index):788 UPDATE_3
12:28:59.550 (index):770 NODEACCESSRELEASED_4
12:28:59.551 (index):788 UPDATE_5
12:28:59.551 (index):770 NODEACCESSRELEASED_6
12:28:59.552 (index):819 WAITING_7
12:28:59.553 (index):788 UPDATE_8
12:28:59.553 (index):800 NODEACCESSREQUESTED_0
12:28:59.554 (index):788 UPDATE_1
12:28:59.554 (index):819 WAITING_2
12:28:59.555 (index):830 END_3
12:28:59.556 (index):800 NODEACCESSREQUESTED_4
12:28:59.556 (index):770 NODEACCESSRELEASED_5
12:28:59.557 (index):800 NODEACCESSREQUESTED_6
12:28:59.558 (index):819 WAITING_7
12:28:59.558 (index):830 END_8
12:28:59.559 (index):788 UPDATE_0
12:28:59.559 (index):830 END_1
12:28:59.560 (index):819 WAITING_2
12:28:59.561 (index):788 UPDATE_4
12:28:59.561 (index):800 NODEACCESSREQUESTED_5
12:28:59.562 (index):788 UPDATE_6
12:28:59.563 (index):819 WAITING_7
12:28:59.563 (index):830 END_0
12:28:59.565 (index):819 WAITING_2
12:28:59.565 (index):770 NODEACCESSRELEASED_4
12:28:59.566 (index):819 WAITING_5
12:28:59.567 (index):770 NODEACCESSRELEASED_6
12:28:59.567 (index):819 WAITING_7
12:28:59.569 (index):788 UPDATE_2
12:28:59.570 (index):800 NODEACCESSREQUESTED_4
12:28:59.571 (index):819 WAITING_5
12:28:59.571 (index):800 NODEACCESSREQUESTED_6
12:28:59.572 (index):819 WAITING_7
12:28:59.574 (index):770 NODEACCESSRELEASED_2
12:28:59.574 (index):819 WAITING_4
12:28:59.575 (index):819 WAITING_5
12:28:59.576 (index):819 WAITING_6
12:28:59.576 (index):788 UPDATE_7
12:28:59.578 (index):800 NODEACCESSREQUESTED_2
12:28:59.579 (index):819 WAITING_4
12:28:59.580 (index):819 WAITING_5
12:28:59.580 (index):819 WAITING_6
12:28:59.581 (index):770 NODEACCESSRELEASED_7
12:28:59.583 (index):819 WAITING_2
12:28:59.583 (index):819 WAITING_4
12:28:59.584 (index):788 UPDATE_5
12:28:59.585 (index):788 UPDATE_6
12:28:59.586 (index):800 NODEACCESSREQUESTED_7
12:28:59.587 (index):819 WAITING_2
12:28:59.588 (index):819 WAITING_4
12:28:59.589 (index):830 END_5
12:28:59.589 (index):770 NODEACCESSRELEASED_6
12:28:59.590 (index):788 UPDATE_7
12:28:59.592 (index):819 WAITING_2
12:28:59.593 (index):788 UPDATE_4
12:28:59.594 (index):800 NODEACCESSREQUESTED_6
12:28:59.595 (index):770 NODEACCESSRELEASED_7
12:28:59.597 (index):819 WAITING_2
12:28:59.597 (index):770 NODEACCESSRELEASED_4
12:28:59.598 (index):788 UPDATE_6
12:28:59.599 (index):800 NODEACCESSREQUESTED_7
12:28:59.601 (index):788 UPDATE_2
12:28:59.602 (index):800 NODEACCESSREQUESTED_4
12:28:59.603 (index):770 NODEACCESSRELEASED_6
12:28:59.604 (index):788 UPDATE_7
12:28:59.606 (index):770 NODEACCESSRELEASED_2
12:28:59.607 (index):788 UPDATE_4
12:28:59.607 (index):800 NODEACCESSREQUESTED_6
12:28:59.608 (index):770 NODEACCESSRELEASED_7
12:28:59.611 (index):800 NODEACCESSREQUESTED_2
12:28:59.611 (index):830 END_4
12:28:59.612 (index):788 UPDATE_6
12:28:59.613 (index):800 NODEACCESSREQUESTED_7
12:28:59.615 (index):819 WAITING_2
12:28:59.617 (index):770 NODEACCESSRELEASED_6
12:28:59.617 (index):788 UPDATE_7
12:28:59.620 (index):819 WAITING_2
12:28:59.621 (index):800 NODEACCESSREQUESTED_6
12:28:59.622 (index):770 NODEACCESSRELEASED_7
12:28:59.624 (index):819 WAITING_2
12:28:59.626 (index):788 UPDATE_6
12:28:59.626 (index):800 NODEACCESSREQUESTED_7
12:28:59.629 (index):819 WAITING_2
12:28:59.630 (index):830 END_6
12:28:59.631 (index):819 WAITING_7
12:28:59.633 (index):788 UPDATE_2
12:28:59.636 (index):819 WAITING_7
12:28:59.638 (index):770 NODEACCESSRELEASED_2
12:28:59.640 (index):788 UPDATE_7
12:28:59.643 (index):800 NODEACCESSREQUESTED_2
12:28:59.645 (index):770 NODEACCESSRELEASED_7
12:28:59.647 (index):788 UPDATE_2
12:28:59.651 (index):800 NODEACCESSREQUESTED_7
12:28:59.652 (index):770 NODEACCESSRELEASED_2
12:28:59.656 (index):788 UPDATE_7
12:28:59.657 (index):800 NODEACCESSREQUESTED_2
12:28:59.661 (index):830 END_7
12:28:59.662 (index):788 UPDATE_2
12:28:59.667 (index):770 NODEACCESSRELEASED_2
12:28:59.671 (index):800 NODEACCESSREQUESTED_2
12:28:59.706 (index):788 UPDATE_2
12:28:59.712 (index):770 NODEACCESSRELEASED_2
12:28:59.717 (index):800 NODEACCESSREQUESTED_2
12:28:59.721 (index):788 UPDATE_2
12:28:59.726 (index):770 NODEACCESSRELEASED_2
12:28:59.731 (index):800 NODEACCESSREQUESTED_2
12:28:59.735 (index):788 UPDATE_2
12:28:59.740 (index):770 NODEACCESSRELEASED_2
12:28:59.745 (index):800 NODEACCESSREQUESTED_2
12:28:59.750 (index):788 UPDATE_2
12:28:59.754 (index):770 NODEACCESSRELEASED_2
12:28:59.759 (index):800 NODEACCESSREQUESTED_2
12:28:59.764 (index):788 UPDATE_2
12:28:59.768 (index):770 NODEACCESSRELEASED_2
12:28:59.773 (index):800 NODEACCESSREQUESTED_2
12:28:59.778 (index):788 UPDATE_2
12:28:59.782 (index):770 NODEACCESSRELEASED_2
12:28:59.787 (index):800 NODEACCESSREQUESTED_2
12:28:59.792 (index):788 UPDATE_2
12:28:59.796 (index):770 NODEACCESSRELEASED_2
12:28:59.801 (index):800 NODEACCESSREQUESTED_2
12:28:59.806 (index):788 UPDATE_2
12:28:59.811 (index):830 END_2
