12:28:58.981 (index):954 Tasks: 25; Collaborators: 8    =========================>
12:28:58.982 (index):800 NODEACCESSREQUESTED_0
12:28:58.982 (index):800 NODEACCESSREQUESTED_1
12:28:58.983 (index):800 NODEACCESSREQUESTED_2
12:28:58.983 (index):800 NODEACCESSREQUESTED_3
12:28:58.984 (index):800 NODEACCESSREQUESTED_4
12:28:58.984 (index):800 NODEACCESSREQUESTED_5
12:28:58.985 (index):800 NODEACCESSREQUESTED_6
12:28:58.985 (index):800 NODEACCESSREQUESTED_7
12:28:58.986 (index):770 NODEACCESSRELEASED_0
12:28:58.987 (index):770 NODEACCESSRELEASED_1
12:28:58.987 (index):770 NODEACCESSRELEASED_2
12:28:58.988 (index):770 NODEACCESSRELEASED_3
12:28:58.988 (index):770 NODEACCESSRELEASED_4
12:28:58.989 (index):770 NODEACCESSRELEASED_5
12:28:58.989 (index):770 NODEACCESSRELEASED_6
12:28:58.990 (index):770 NODEACCESSRELEASED_7
12:28:58.994 (index):800 NODEACCESSREQUESTED_0
12:28:58.995 (index):800 NODEACCESSREQUESTED_1
12:28:58.996 (index):800 NODEACCESSREQUESTED_2
12:28:58.996 (index):800 NODEACCESSREQUESTED_3
12:28:58.997 (index):800 NODEACCESSREQUESTED_4
12:28:58.997 (index):800 NODEACCESSREQUESTED_5
12:28:58.998 (index):800 NODEACCESSREQUESTED_6
12:28:58.998 (index):800 NODEACCESSREQUESTED_7
12:28:58.999 (index):788 UPDATE_0
12:28:59.000 (index):788 UPDATE_1
12:28:59.000 (index):788 UPDATE_2
12:28:59.001 (index):819 WAITING_3
12:28:59.001 (index):819 WAITING_4
12:28:59.002 (index):788 UPDATE_5
12:28:59.002 (index):788 UPDATE_6
12:28:59.003 (index):819 WAITING_7
12:28:59.004 (index):770 NODEACCESSRELEASED_0
12:28:59.004 (index):770 NODEACCESSRELEASED_1
12:28:59.005 (index):770 NODEACCESSRELEASED_2
12:28:59.005 (index):819 WAITING_3
12:28:59.006 (index):788 UPDATE_4
12:28:59.006 (index):770 NODEACCESSRELEASED_5
12:28:59.007 (index):770 NODEACCESSRELEASED_6
12:28:59.007 (index):819 WAITING_7
12:28:59.008 (index):800 NODEACCESSREQUESTED_0
12:28:59.009 (index):800 NODEACCESSREQUESTED_1
12:28:59.009 (index):800 NODEACCESSREQUESTED_2
12:28:59.010 (index):788 UPDATE_3
12:28:59.010 (index):770 NODEACCESSRELEASED_4
12:28:59.011 (index):800 NODEACCESSREQUESTED_5
12:28:59.011 (index):800 NODEACCESSREQUESTED_6
12:28:59.012 (index):788 UPDATE_7
12:28:59.013 (index):819 WAITING_0
12:28:59.013 (index):788 UPDATE_1
12:28:59.014 (index):788 UPDATE_2
12:28:59.014 (index):770 NODEACCESSRELEASED_3
12:28:59.015 (index):800 NODEACCESSREQUESTED_4
12:28:59.015 (index):819 WAITING_5
12:28:59.016 (index):819 WAITING_6
12:28:59.016 (index):770 NODEACCESSRELEASED_7
12:28:59.017 (index):788 UPDATE_0
12:28:59.018 (index):770 NODEACCESSRELEASED_1
12:28:59.018 (index):770 NODEACCESSRELEASED_2
12:28:59.019 (index):800 NODEACCESSREQUESTED_3
12:28:59.019 (index):788 UPDATE_4
12:28:59.020 (index):788 UPDATE_5
12:28:59.020 (index):819 WAITING_6
12:28:59.021 (index):800 NODEACCESSREQUESTED_7
12:28:59.022 (index):770 NODEACCESSRELEASED_0
12:28:59.022 (index):800 NODEACCESSREQUESTED_1
12:28:59.023 (index):800 NODEACCESSREQUESTED_2
12:28:59.023 (index):788 UPDATE_3
12:28:59.024 (index):770 NODEACCESSRELEASED_4
12:28:59.024 (index):770 NODEACCESSRELEASED_5
12:28:59.025 (index):819 WAITING_6
12:28:59.025 (index):788 UPDATE_7
12:28:59.026 (index):800 NODEACCESSREQUESTED_0
12:28:59.027 (index):819 WAITING_1
12:28:59.027 (index):788 UPDATE_2
12:28:59.028 (index):770 NODEACCESSRELEASED_3
12:28:59.028 (index):800 NODEACCESSREQUESTED_4
12:28:59.029 (index):800 NODEACCESSREQUESTED_5
12:28:59.029 (index):819 WAITING_6
12:28:59.030 (index):770 NODEACCESSRELEASED_7
12:28:59.031 (index):788 UPDATE_0
12:28:59.031 (index):788 UPDATE_1
12:28:59.032 (index):770 NODEACCESSRELEASED_2
12:28:59.032 (index):800 NODEACCESSREQUESTED_3
12:28:59.033 (index):819 WAITING_4
12:28:59.033 (index):788 UPDATE_5
12:28:59.034 (index):819 WAITING_6
12:28:59.034 (index):800 NODEACCESSREQUESTED_7
12:28:59.035 (index):770 NODEACCESSRELEASED_0
12:28:59.036 (index):770 NODEACCESSRELEASED_1
12:28:59.037 (index):800 NODEACCESSREQUESTED_2
12:28:59.037 (index):788 UPDATE_3
12:28:59.038 (index):819 WAITING_4
12:28:59.039 (index):770 NODEACCESSRELEASED_5
12:28:59.039 (index):819 WAITING_6
12:28:59.040 (index):788 UPDATE_7
12:28:59.040 (index):800 NODEACCESSREQUESTED_0
12:28:59.041 (index):800 NODEACCESSREQUESTED_1
12:28:59.041 (index):819 WAITING_2
12:28:59.042 (index):770 NODEACCESSRELEASED_3
12:28:59.043 (index):819 WAITING_4
12:28:59.043 (index):800 NODEACCESSREQUESTED_5
12:28:59.044 (index):819 WAITING_6
12:28:59.044 (index):770 NODEACCESSRELEASED_7
12:28:59.045 (index):788 UPDATE_0
12:28:59.045 (index):819 WAITING_1
12:28:59.046 (index):788 UPDATE_2
12:28:59.046 (index):800 NODEACCESSREQUESTED_3
12:28:59.047 (index):819 WAITING_4
12:28:59.048 (index):788 UPDATE_5
12:28:59.048 (index):819 WAITING_6
12:28:59.049 (index):800 NODEACCESSREQUESTED_7
12:28:59.049 (index):770 NODEACCESSRELEASED_0
12:28:59.050 (index):819 WAITING_1
12:28:59.050 (index):770 NODEACCESSRELEASED_2
12:28:59.051 (index):788 UPDATE_3
12:28:59.052 (index):819 WAITING_4
12:28:59.052 (index):770 NODEACCESSRELEASED_5
12:28:59.053 (index):819 WAITING_6
12:28:59.053 (index):788 UPDATE_7
12:28:59.054 (index):800 NODEACCESSREQUESTED_0
12:28:59.054 (index):819 WAITING_1
12:28:59.055 (index):800 NODEACCESSREQUESTED_2
12:28:59.055 (index):770 NODEACCESSRELEASED_3
12:28:59.056 (index):819 WAITING_4
12:28:59.057 (index):800 NODEACCESSREQUESTED_5
12:28:59.057 (index):819 WAITING_6
12:28:59.058 (index):770 NODEACCESSRELEASED_7
12:28:59.058 (index):788 UPDATE_0
12:28:59.059 (index):819 WAITING_1
12:28:59.060 (index):788 UPDATE_2
12:28:59.060 (index):800 NODEACCESSREQUESTED_3
12:28:59.061 (index):819 WAITING_4
12:28:59.061 (index):788 UPDATE_5
12:28:59.062 (index):819 WAITING_6
12:28:59.062 (index):800 NODEACCESSREQUESTED_7
12:28:59.063 (index):770 NODEACCESSRELEASED_0
12:28:59.063 (index):819 WAITING_1
12:28:59.064 (index):770 NODEACCESSRELEASED_2
12:28:59.065 (index):819 WAITING_3
12:28:59.065 (index):819 WAITING_4
12:28:59.066 (index):770 NODEACCESSRELEASED_5
12:28:59.066 (index):788 UPDATE_6
12:28:59.067 (index):819 WAITING_7
12:28:59.067 (index):800 NODEACCESSREQUESTED_0
12:28:59.068 (index):819 WAITING_1
12:28:59.069 (index):800 NODEACCESSREQUESTED_2
12:28:59.069 (index):819 WAITING_3
12:28:59.070 (index):819 WAITING_4
12:28:59.070 (index):800 NODEACCESSREQUESTED_5
12:28:59.071 (index):770 NODEACCESSRELEASED_6
12:28:59.071 (index):819 WAITING_7
12:28:59.072 (index):819 WAITING_0
12:28:59.073 (index):819 WAITING_1
12:28:59.073 (index):819 WAITING_2
12:28:59.074 (index):819 WAITING_3
12:28:59.074 (index):788 UPDATE_4
12:28:59.075 (index):819 WAITING_5
12:28:59.075 (index):800 NODEACCESSREQUESTED_6
12:28:59.076 (index):819 WAITING_7
12:28:59.077 (index):819 WAITING_0
12:28:59.077 (index):819 WAITING_1
12:28:59.078 (index):819 WAITING_2
12:28:59.078 (index):819 WAITING_3
12:28:59.079 (index):770 NODEACCESSRELEASED_4
12:28:59.079 (index):819 WAITING_5
12:28:59.080 (index):819 WAITING_6
12:28:59.080 (index):819 WAITING_7
12:28:59.081 (index):819 WAITING_0
12:28:59.082 (index):788 UPDATE_1
12:28:59.082 (index):819 WAITING_2
12:28:59.083 (index):819 WAITING_3
12:28:59.083 (index):800 NODEACCESSREQUESTED_4
12:28:59.084 (index):819 WAITING_5
12:28:59.084 (index):819 WAITING_6
12:28:59.085 (index):819 WAITING_7
12:28:59.086 (index):819 WAITING_0
12:28:59.086 (index):770 NODEACCESSRELEASED_1
12:28:59.087 (index):819 WAITING_2
12:28:59.087 (index):788 UPDATE_3
12:28:59.088 (index):819 WAITING_4
12:28:59.088 (index):819 WAITING_5
12:28:59.089 (index):819 WAITING_6
12:28:59.089 (index):819 WAITING_7
12:28:59.090 (index):819 WAITING_0
12:28:59.090 (index):800 NODEACCESSREQUESTED_1
12:28:59.091 (index):819 WAITING_2
12:28:59.092 (index):770 NODEACCESSRELEASED_3
12:28:59.092 (index):819 WAITING_4
12:28:59.093 (index):819 WAITING_5
12:28:59.093 (index):819 WAITING_6
12:28:59.094 (index):788 UPDATE_7
12:28:59.095 (index):819 WAITING_0
12:28:59.095 (index):819 WAITING_1
12:28:59.096 (index):819 WAITING_2
12:28:59.096 (index):800 NODEACCESSREQUESTED_3
12:28:59.097 (index):819 WAITING_4
12:28:59.097 (index):819 WAITING_5
12:28:59.098 (index):819 WAITING_6
12:28:59.098 (index):770 NODEACCESSRELEASED_7
12:28:59.099 (index):788 UPDATE_0
12:28:59.099 (index):819 WAITING_1
12:28:59.100 (index):819 WAITING_2
12:28:59.101 (index):788 UPDATE_3
12:28:59.101 (index):788 UPDATE_4
12:28:59.102 (index):788 UPDATE_5
12:28:59.102 (index):819 WAITING_6
12:28:59.103 (index):800 NODEACCESSREQUESTED_7
12:28:59.103 (index):770 NODEACCESSRELEASED_0
12:28:59.104 (index):788 UPDATE_1
12:28:59.105 (index):788 UPDATE_2
12:28:59.105 (index):770 NODEACCESSRELEASED_3
12:28:59.106 (index):770 NODEACCESSRELEASED_4
12:28:59.106 (index):770 NODEACCESSRELEASED_5
12:28:59.107 (index):788 UPDATE_6
12:28:59.107 (index):788 UPDATE_7
12:28:59.108 (index):800 NODEACCESSREQUESTED_0
12:28:59.109 (index):770 NODEACCESSRELEASED_1
12:28:59.109 (index):770 NODEACCESSRELEASED_2
12:28:59.110 (index):800 NODEACCESSREQUESTED_3
12:28:59.110 (index):800 NODEACCESSREQUESTED_4
12:28:59.111 (index):800 NODEACCESSREQUESTED_5
12:28:59.111 (index):770 NODEACCESSRELEASED_6
12:28:59.112 (index):770 NODEACCESSRELEASED_7
12:28:59.113 (index):788 UPDATE_0
12:28:59.113 (index):800 NODEACCESSREQUESTED_1
12:28:59.114 (index):800 NODEACCESSREQUESTED_2
12:28:59.114 (index):788 UPDATE_3
12:28:59.114 (index):788 UPDATE_4
12:28:59.115 (index):788 UPDATE_5
12:28:59.116 (index):800 NODEACCESSREQUESTED_6
12:28:59.116 (index):800 NODEACCESSREQUESTED_7
12:28:59.117 (index):770 NODEACCESSRELEASED_0
12:28:59.118 (index):819 WAITING_1
12:28:59.118 (index):788 UPDATE_2
12:28:59.119 (index):770 NODEACCESSRELEASED_3
12:28:59.119 (index):770 NODEACCESSRELEASED_4
12:28:59.120 (index):770 NODEACCESSRELEASED_5
12:28:59.120 (index):819 WAITING_6
12:28:59.121 (index):819 WAITING_7
12:28:59.121 (index):800 NODEACCESSREQUESTED_0
12:28:59.122 (index):788 UPDATE_1
12:28:59.123 (index):770 NODEACCESSRELEASED_2
12:28:59.123 (index):800 NODEACCESSREQUESTED_3
12:28:59.124 (index):800 NODEACCESSREQUESTED_4
12:28:59.124 (index):800 NODEACCESSREQUESTED_5
12:28:59.125 (index):819 WAITING_6
12:28:59.126 (index):788 UPDATE_7
12:28:59.126 (index):788 UPDATE_0
12:28:59.127 (index):770 NODEACCESSRELEASED_1
12:28:59.127 (index):800 NODEACCESSREQUESTED_2
12:28:59.128 (index):819 WAITING_3
12:28:59.128 (index):788 UPDATE_4
12:28:59.129 (index):819 WAITING_5
12:28:59.129 (index):819 WAITING_6
12:28:59.130 (index):770 NODEACCESSRELEASED_7
12:28:59.131 (index):770 NODEACCESSRELEASED_0
12:28:59.131 (index):800 NODEACCESSREQUESTED_1
12:28:59.132 (index):788 UPDATE_2
12:28:59.133 (index):788 UPDATE_3
12:28:59.133 (index):770 NODEACCESSRELEASED_4
12:28:59.133 (index):788 UPDATE_5
12:28:59.134 (index):788 UPDATE_6
12:28:59.134 (index):800 NODEACCESSREQUESTED_7
12:28:59.135 (index):800 NODEACCESSREQUESTED_0
12:28:59.136 (index):819 WAITING_1
12:28:59.136 (index):770 NODEACCESSRELEASED_2
12:28:59.137 (index):770 NODEACCESSRELEASED_3
12:28:59.138 (index):800 NODEACCESSREQUESTED_4
12:28:59.139 (index):770 NODEACCESSRELEASED_5
12:28:59.140 (index):770 NODEACCESSRELEASED_6
12:28:59.140 (index):788 UPDATE_7
12:28:59.141 (index):788 UPDATE_0
12:28:59.142 (index):788 UPDATE_1
12:28:59.142 (index):800 NODEACCESSREQUESTED_2
12:28:59.143 (index):800 NODEACCESSREQUESTED_3
12:28:59.144 (index):788 UPDATE_4
12:28:59.145 (index):800 NODEACCESSREQUESTED_5
12:28:59.181 (index):800 NODEACCESSREQUESTED_6
12:28:59.182 (index):770 NODEACCESSRELEASED_7
12:28:59.183 (index):770 NODEACCESSRELEASED_0
12:28:59.183 (index):770 NODEACCESSRELEASED_1
12:28:59.184 (index):788 UPDATE_2
12:28:59.184 (index):788 UPDATE_3
12:28:59.184 (index):770 NODEACCESSRELEASED_4
12:28:59.185 (index):788 UPDATE_5
12:28:59.186 (index):788 UPDATE_6
12:28:59.196 (index):800 NODEACCESSREQUESTED_7
12:28:59.197 (index):800 NODEACCESSREQUESTED_0
12:28:59.198 (index):800 NODEACCESSREQUESTED_1
12:28:59.198 (index):770 NODEACCESSRELEASED_2
12:28:59.199 (index):770 NODEACCESSRELEASED_3
12:28:59.199 (index):800 NODEACCESSREQUESTED_4
12:28:59.200 (index):770 NODEACCESSRELEASED_5
12:28:59.201 (index):770 NODEACCESSRELEASED_6
12:28:59.201 (index):788 UPDATE_7
12:28:59.202 (index):788 UPDATE_0
12:28:59.203 (index):788 UPDATE_1
12:28:59.204 (index):800 NODEACCESSREQUESTED_2
12:28:59.204 (index):800 NODEACCESSREQUESTED_3
12:28:59.205 (index):788 UPDATE_4
12:28:59.206 (index):800 NODEACCESSREQUESTED_5
12:28:59.206 (index):800 NODEACCESSREQUESTED_6
12:28:59.207 (index):770 NODEACCESSRELEASED_7
12:28:59.207 (index):770 NODEACCESSRELEASED_0
12:28:59.208 (index):770 NODEACCESSRELEASED_1
12:28:59.208 (index):788 UPDATE_2
12:28:59.209 (index):788 UPDATE_3
12:28:59.210 (index):770 NODEACCESSRELEASED_4
12:28:59.210 (index):788 UPDATE_5
12:28:59.211 (index):788 UPDATE_6
12:28:59.211 (index):800 NODEACCESSREQUESTED_7
12:28:59.212 (index):800 NODEACCESSREQUESTED_0
12:28:59.212 (index):800 NODEACCESSREQUESTED_1
12:28:59.213 (index):770 NODEACCESSRELEASED_2
12:28:59.214 (index):770 NODEACCESSRELEASED_3
12:28:59.214 (index):800 NODEACCESSREQUESTED_4
12:28:59.215 (index):770 NODEACCESSRELEASED_5
12:28:59.215 (index):770 NODEACCESSRELEASED_6
12:28:59.216 (index):788 UPDATE_7
12:28:59.216 (index):788 UPDATE_0
12:28:59.217 (index):788 UPDATE_1
12:28:59.218 (index):800 NODEACCESSREQUESTED_2
12:28:59.218 (index):800 NODEACCESSREQUESTED_3
12:28:59.219 (index):819 WAITING_4
12:28:59.219 (index):800 NODEACCESSREQUESTED_5
12:28:59.220 (index):800 NODEACCESSREQUESTED_6
12:28:59.220 (index):770 NODEACCESSRELEASED_7
12:28:59.221 (index):770 NODEACCESSRELEASED_0
12:28:59.222 (index):770 NODEACCESSRELEASED_1
12:28:59.222 (index):819 WAITING_2
12:28:59.223 (index):788 UPDATE_3
12:28:59.223 (index):819 WAITING_4
12:28:59.224 (index):788 UPDATE_5
12:28:59.224 (index):819 WAITING_6
12:28:59.225 (index):800 NODEACCESSREQUESTED_7
12:28:59.226 (index):800 NODEACCESSREQUESTED_0
12:28:59.228 (index):800 NODEACCESSREQUESTED_1
12:28:59.229 (index):819 WAITING_2
12:28:59.229 (index):770 NODEACCESSRELEASED_3
12:28:59.230 (index):788 UPDATE_4
12:28:59.230 (index):770 NODEACCESSRELEASED_5
12:28:59.231 (index):819 WAITING_6
12:28:59.231 (index):788 UPDATE_7
12:28:59.232 (index):788 UPDATE_0
12:28:59.233 (index):819 WAITING_1
12:28:59.233 (index):819 WAITING_2
12:28:59.234 (index):800 NODEACCESSREQUESTED_3
12:28:59.234 (index):770 NODEACCESSRELEASED_4
12:28:59.235 (index):800 NODEACCESSREQUESTED_5
12:28:59.235 (index):788 UPDATE_6
12:28:59.235 (index):770 NODEACCESSRELEASED_7
12:28:59.237 (index):770 NODEACCESSRELEASED_0
12:28:59.237 (index):819 WAITING_1
12:28:59.238 (index):819 WAITING_2
12:28:59.238 (index):819 WAITING_3
12:28:59.239 (index):800 NODEACCESSREQUESTED_4
12:28:59.239 (index):788 UPDATE_5
12:28:59.240 (index):770 NODEACCESSRELEASED_6
12:28:59.240 (index):800 NODEACCESSREQUESTED_7
12:28:59.241 (index):800 NODEACCESSREQUESTED_0
12:28:59.242 (index):788 UPDATE_1
12:28:59.242 (index):819 WAITING_2
12:28:59.243 (index):819 WAITING_3
12:28:59.243 (index):819 WAITING_4
12:28:59.244 (index):770 NODEACCESSRELEASED_5
12:28:59.244 (index):800 NODEACCESSREQUESTED_6
12:28:59.245 (index):788 UPDATE_7
12:28:59.246 (index):788 UPDATE_0
12:28:59.246 (index):770 NODEACCESSRELEASED_1
12:28:59.247 (index):819 WAITING_2
12:28:59.247 (index):788 UPDATE_3
12:28:59.248 (index):788 UPDATE_4
12:28:59.248 (index):800 NODEACCESSREQUESTED_5
12:28:59.249 (index):788 UPDATE_6
12:28:59.249 (index):770 NODEACCESSRELEASED_7
12:28:59.250 (index):830 END_0
12:28:59.251 (index):800 NODEACCESSREQUESTED_1
12:28:59.251 (index):819 WAITING_2
12:28:59.252 (index):770 NODEACCESSRELEASED_3
12:28:59.252 (index):770 NODEACCESSRELEASED_4
12:28:59.253 (index):788 UPDATE_5
12:28:59.253 (index):770 NODEACCESSRELEASED_6
12:28:59.254 (index):800 NODEACCESSREQUESTED_7
12:28:59.255 (index):788 UPDATE_1
12:28:59.256 (index):819 WAITING_2
12:28:59.257 (index):800 NODEACCESSREQUESTED_3
12:28:59.257 (index):800 NODEACCESSREQUESTED_4
12:28:59.258 (index):830 END_5
12:28:59.258 (index):800 NODEACCESSREQUESTED_6
12:28:59.259 (index):788 UPDATE_7
12:28:59.260 (index):770 NODEACCESSRELEASED_1
12:28:59.261 (index):819 WAITING_2
12:28:59.261 (index):819 WAITING_3
12:28:59.262 (index):788 UPDATE_4
12:28:59.263 (index):788 UPDATE_6
12:28:59.263 (index):830 END_7
12:28:59.264 (index):800 NODEACCESSREQUESTED_1
12:28:59.265 (index):819 WAITING_2
12:28:59.266 (index):788 UPDATE_3
12:28:59.266 (index):770 NODEACCESSRELEASED_4
12:28:59.267 (index):770 NODEACCESSRELEASED_6
12:28:59.269 (index):788 UPDATE_1
12:28:59.270 (index):819 WAITING_2
12:28:59.270 (index):830 END_3
12:28:59.271 (index):800 NODEACCESSREQUESTED_4
12:28:59.272 (index):800 NODEACCESSREQUESTED_6
12:28:59.273 (index):770 NODEACCESSRELEASED_1
12:28:59.274 (index):819 WAITING_2
12:28:59.275 (index):788 UPDATE_4
12:28:59.276 (index):788 UPDATE_6
12:28:59.278 (index):800 NODEACCESSREQUESTED_1
12:28:59.279 (index):819 WAITING_2
12:28:59.280 (index):770 NODEACCESSRELEASED_4
12:28:59.281 (index):770 NODEACCESSRELEASED_6
12:28:59.283 (index):788 UPDATE_1
12:28:59.283 (index):819 WAITING_2
12:28:59.284 (index):800 NODEACCESSREQUESTED_4
12:28:59.285 (index):800 NODEACCESSREQUESTED_6
12:28:59.287 (index):830 END_1
12:28:59.288 (index):819 WAITING_2
12:28:59.289 (index):788 UPDATE_4
12:28:59.290 (index):788 UPDATE_6
12:28:59.292 (index):819 WAITING_2
12:28:59.293 (index):830 END_4
12:28:59.295 (index):770 NODEACCESSRELEASED_6
12:28:59.297 (index):788 UPDATE_2
12:28:59.299 (index):800 NODEACCESSREQUESTED_6
12:28:59.301 (index):770 NODEACCESSRELEASED_2
12:28:59.304 (index):788 UPDATE_6
12:28:59.306 (index):800 NODEACCESSREQUESTED_2
12:28:59.308 (index):770 NODEACCESSRELEASED_6
12:28:59.311 (index):788 UPDATE_2
12:28:59.313 (index):800 NODEACCESSREQUESTED_6
12:28:59.315 (index):770 NODEACCESSRELEASED_2
12:28:59.317 (index):788 UPDATE_6
12:28:59.320 (index):800 NODEACCESSREQUESTED_2
12:28:59.322 (index):830 END_6
12:28:59.324 (index):788 UPDATE_2
12:28:59.329 (index):830 END_2
