10:41:48.251 (index):1623 Tasks: 25; Collaborators: 18    =========================>
10:41:48.252 (index):1142 NODEACCESSREQUESTED_0
10:41:48.252 (index):1142 NODEACCESSREQUESTED_1
10:41:48.253 (index):1136 ATTRIBUTEACCESSREQUESTED_2
10:41:48.253 (index):1136 ATTRIBUTEACCESSREQUESTED_3
10:41:48.254 (index):1142 NODEACCESSREQUESTED_4
10:41:48.254 (index):1142 NODEACCESSREQUESTED_5
10:41:48.254 (index):1142 NODEACCESSREQUESTED_6
10:41:48.255 (index):1142 NODEACCESSREQUESTED_7
10:41:48.255 (index):1142 NODEACCESSREQUESTED_8
10:41:48.256 (index):1142 NODEACCESSREQUESTED_9
10:41:48.256 (index):1136 ATTRIBUTEACCESSREQUESTED_10
10:41:48.257 (index):1142 NODEACCESSREQUESTED_11
10:41:48.257 (index):1142 NODEACCESSREQUESTED_12
10:41:48.258 (index):1142 NODEACCESSREQUESTED_13
10:41:48.258 (index):1136 ATTRIBUTEACCESSREQUESTED_14
10:41:48.258 (index):1142 NODEACCESSREQUESTED_15
10:41:48.259 (index):1142 NODEACCESSREQUESTED_16
10:41:48.259 (index):1142 NODEACCESSREQUESTED_17
10:41:48.260 (index):1081 NODEACCESSRELEASED_0
10:41:48.260 (index):1168 WAITING_1
10:41:48.261 (index):1085 ATTRIBUTEACCESSRELEASED_2
10:41:48.261 (index):1085 ATTRIBUTEACCESSRELEASED_3
10:41:48.262 (index):1081 NODEACCESSRELEASED_4
10:41:48.262 (index):1081 NODEACCESSRELEASED_5
10:41:48.263 (index):1081 NODEACCESSRELEASED_6
10:41:48.263 (index):1081 NODEACCESSRELEASED_7
10:41:48.264 (index):1081 NODEACCESSRELEASED_8
10:41:48.264 (index):1081 NODEACCESSRELEASED_9
10:41:48.265 (index):1085 ATTRIBUTEACCESSRELEASED_10
10:41:48.265 (index):1081 NODEACCESSRELEASED_11
10:41:48.266 (index):1081 NODEACCESSRELEASED_12
10:41:48.266 (index):1081 NODEACCESSRELEASED_13
10:41:48.267 (index):1085 ATTRIBUTEACCESSRELEASED_14
10:41:48.267 (index):1081 NODEACCESSRELEASED_15
10:41:48.268 (index):1081 NODEACCESSRELEASED_16
10:41:48.268 (index):1081 NODEACCESSRELEASED_17
10:41:48.269 (index):1142 NODEACCESSREQUESTED_0
10:41:48.269 (index):1081 NODEACCESSRELEASED_1
10:41:48.270 (index):1136 ATTRIBUTEACCESSREQUESTED_2
10:41:48.271 (index):1136 ATTRIBUTEACCESSREQUESTED_3
10:41:48.271 (index):1142 NODEACCESSREQUESTED_4
10:41:48.272 (index):1142 NODEACCESSREQUESTED_5
10:41:48.272 (index):1142 NODEACCESSREQUESTED_6
10:41:48.273 (index):1142 NODEACCESSREQUESTED_7
10:41:48.273 (index):1142 NODEACCESSREQUESTED_8
10:41:48.273 (index):1142 NODEACCESSREQUESTED_9
10:41:48.274 (index):1136 ATTRIBUTEACCESSREQUESTED_10
10:41:48.274 (index):1142 NODEACCESSREQUESTED_11
10:41:48.275 (index):1142 NODEACCESSREQUESTED_12
10:41:48.275 (index):1142 NODEACCESSREQUESTED_13
10:41:48.276 (index):1136 ATTRIBUTEACCESSREQUESTED_14
10:41:48.276 (index):1142 NODEACCESSREQUESTED_15
10:41:48.277 (index):1142 NODEACCESSREQUESTED_16
10:41:48.277 (index):1142 NODEACCESSREQUESTED_17
10:41:48.277 (index):1106 UPDATE_0
10:41:48.278 (index):1142 NODEACCESSREQUESTED_1
10:41:48.278 (index):1109 UPDATE_2
10:41:48.279 (index):1109 UPDATE_3
10:41:48.279 (index):1168 WAITING_4
10:41:48.280 (index):1106 UPDATE_5
10:41:48.280 (index):1106 UPDATE_6
10:41:48.280 (index):1106 UPDATE_7
10:41:48.281 (index):1106 UPDATE_8
10:41:48.282 (index):1106 UPDATE_9
10:41:48.282 (index):1168 WAITING_10
10:41:48.283 (index):1168 WAITING_11
10:41:48.283 (index):1106 UPDATE_12
10:41:48.284 (index):1168 WAITING_13
10:41:48.284 (index):1109 UPDATE_14
10:41:48.285 (index):1168 WAITING_15
10:41:48.285 (index):1106 UPDATE_16
10:41:48.286 (index):1106 UPDATE_17
10:41:48.286 (index):1081 NODEACCESSRELEASED_0
10:41:48.286 (index):1106 UPDATE_1
10:41:48.287 (index):1085 ATTRIBUTEACCESSRELEASED_2
10:41:48.287 (index):1085 ATTRIBUTEACCESSRELEASED_3
10:41:48.288 (index):1168 WAITING_4
10:41:48.288 (index):1081 NODEACCESSRELEASED_5
10:41:48.289 (index):1081 NODEACCESSRELEASED_6
10:41:48.289 (index):1081 NODEACCESSRELEASED_7
10:41:48.290 (index):1081 NODEACCESSRELEASED_8
10:41:48.290 (index):1081 NODEACCESSRELEASED_9
10:41:48.291 (index):1109 UPDATE_10
10:41:48.291 (index):1106 UPDATE_11
10:41:48.291 (index):1081 NODEACCESSRELEASED_12
10:41:48.292 (index):1106 UPDATE_13
10:41:48.292 (index):1085 ATTRIBUTEACCESSRELEASED_14
10:41:48.293 (index):1168 WAITING_15
10:41:48.293 (index):1081 NODEACCESSRELEASED_16
10:41:48.294 (index):1081 NODEACCESSRELEASED_17
10:41:48.294 (index):1142 NODEACCESSREQUESTED_0
10:41:48.295 (index):1081 NODEACCESSRELEASED_1
10:41:48.295 (index):1142 NODEACCESSREQUESTED_2
10:41:48.295 (index):1142 NODEACCESSREQUESTED_3
10:41:48.296 (index):1168 WAITING_4
10:41:48.296 (index):1136 ATTRIBUTEACCESSREQUESTED_5
10:41:48.297 (index):1142 NODEACCESSREQUESTED_6
10:41:48.297 (index):1142 NODEACCESSREQUESTED_7
10:41:48.298 (index):1142 NODEACCESSREQUESTED_8
10:41:48.298 (index):1142 NODEACCESSREQUESTED_9
10:41:48.299 (index):1085 ATTRIBUTEACCESSRELEASED_10
10:41:48.300 (index):1081 NODEACCESSRELEASED_11
10:41:48.300 (index):1142 NODEACCESSREQUESTED_12
10:41:48.301 (index):1081 NODEACCESSRELEASED_13
10:41:48.301 (index):1142 NODEACCESSREQUESTED_14
10:41:48.302 (index):1106 UPDATE_15
10:41:48.302 (index):1142 NODEACCESSREQUESTED_16
10:41:48.302 (index):1142 NODEACCESSREQUESTED_17
10:41:48.303 (index):1106 UPDATE_0
10:41:48.303 (index):1142 NODEACCESSREQUESTED_1
10:41:48.304 (index):1106 UPDATE_2
10:41:48.304 (index):1168 WAITING_3
10:41:48.305 (index):1168 WAITING_4
10:41:48.305 (index):1109 UPDATE_5
10:41:48.305 (index):1106 UPDATE_6
10:41:48.306 (index):1168 WAITING_7
10:41:48.306 (index):1106 UPDATE_8
10:41:48.307 (index):1168 WAITING_9
10:41:48.307 (index):1136 ATTRIBUTEACCESSREQUESTED_10
10:41:48.308 (index):1136 ATTRIBUTEACCESSREQUESTED_11
10:41:48.308 (index):1106 UPDATE_12
10:41:48.309 (index):1142 NODEACCESSREQUESTED_13
10:41:48.309 (index):1106 UPDATE_14
10:41:48.309 (index):1081 NODEACCESSRELEASED_15
10:41:48.310 (index):1106 UPDATE_16
10:41:48.310 (index):1106 UPDATE_17
10:41:48.311 (index):1081 NODEACCESSRELEASED_0
10:41:48.311 (index):1168 WAITING_1
10:41:48.312 (index):1081 NODEACCESSRELEASED_2
10:41:48.312 (index):1168 WAITING_3
10:41:48.313 (index):1168 WAITING_4
10:41:48.313 (index):1085 ATTRIBUTEACCESSRELEASED_5
10:41:48.313 (index):1081 NODEACCESSRELEASED_6
10:41:48.314 (index):1168 WAITING_7
10:41:48.314 (index):1081 NODEACCESSRELEASED_8
10:41:48.315 (index):1168 WAITING_9
10:41:48.316 (index):1109 UPDATE_10
10:41:48.316 (index):1109 UPDATE_11
10:41:48.317 (index):1081 NODEACCESSRELEASED_12
10:41:48.317 (index):1106 UPDATE_13
10:41:48.318 (index):1081 NODEACCESSRELEASED_14
10:41:48.318 (index):1142 NODEACCESSREQUESTED_15
10:41:48.319 (index):1081 NODEACCESSRELEASED_16
10:41:48.319 (index):1081 NODEACCESSRELEASED_17
10:41:48.320 (index):1142 NODEACCESSREQUESTED_0
10:41:48.320 (index):1106 UPDATE_1
10:41:48.321 (index):1142 NODEACCESSREQUESTED_2
10:41:48.321 (index):1168 WAITING_3
10:41:48.321 (index):1168 WAITING_4
10:41:48.322 (index):1142 NODEACCESSREQUESTED_5
10:41:48.322 (index):1142 NODEACCESSREQUESTED_6
10:41:48.323 (index):1168 WAITING_7
10:41:48.323 (index):1142 NODEACCESSREQUESTED_8
10:41:48.324 (index):1168 WAITING_9
10:41:48.324 (index):1085 ATTRIBUTEACCESSRELEASED_10
10:41:48.324 (index):1085 ATTRIBUTEACCESSRELEASED_11
10:41:48.325 (index):1142 NODEACCESSREQUESTED_12
10:41:48.325 (index):1081 NODEACCESSRELEASED_13
10:41:48.326 (index):1142 NODEACCESSREQUESTED_14
10:41:48.327 (index):1106 UPDATE_15
10:41:48.327 (index):1142 NODEACCESSREQUESTED_16
10:41:48.328 (index):1142 NODEACCESSREQUESTED_17
10:41:48.329 (index):1106 UPDATE_0
10:41:48.329 (index):1081 NODEACCESSRELEASED_1
10:41:48.330 (index):1106 UPDATE_2
10:41:48.331 (index):1106 UPDATE_3
10:41:48.332 (index):1168 WAITING_4
10:41:48.332 (index):1106 UPDATE_5
10:41:48.333 (index):1168 WAITING_6
10:41:48.333 (index):1168 WAITING_7
10:41:48.334 (index):1106 UPDATE_8
10:41:48.334 (index):1168 WAITING_9
10:41:48.335 (index):1142 NODEACCESSREQUESTED_10
10:41:48.335 (index):1142 NODEACCESSREQUESTED_11
10:41:48.336 (index):1106 UPDATE_12
10:41:48.336 (index):1142 NODEACCESSREQUESTED_13
10:41:48.336 (index):1168 WAITING_14
10:41:48.337 (index):1081 NODEACCESSRELEASED_15
10:41:48.337 (index):1168 WAITING_16
10:41:48.338 (index):1106 UPDATE_17
10:41:48.338 (index):1081 NODEACCESSRELEASED_0
10:41:48.339 (index):1142 NODEACCESSREQUESTED_1
10:41:48.339 (index):1081 NODEACCESSRELEASED_2
10:41:48.340 (index):1081 NODEACCESSRELEASED_3
10:41:48.340 (index):1168 WAITING_4
10:41:48.341 (index):1081 NODEACCESSRELEASED_5
10:41:48.341 (index):1168 WAITING_6
10:41:48.341 (index):1168 WAITING_7
10:41:48.342 (index):1081 NODEACCESSRELEASED_8
10:41:48.342 (index):1106 UPDATE_9
10:41:48.343 (index):1106 UPDATE_10
10:41:48.343 (index):1106 UPDATE_11
10:41:48.345 (index):1081 NODEACCESSRELEASED_12
10:41:48.346 (index):1168 WAITING_13
10:41:48.346 (index):1106 UPDATE_14
10:41:48.346 (index):1142 NODEACCESSREQUESTED_15
10:41:48.347 (index):1106 UPDATE_16
10:41:48.347 (index):1081 NODEACCESSRELEASED_17
10:41:48.348 (index):1136 ATTRIBUTEACCESSREQUESTED_0
10:41:48.348 (index):1168 WAITING_1
10:41:48.349 (index):1142 NODEACCESSREQUESTED_2
10:41:48.349 (index):1136 ATTRIBUTEACCESSREQUESTED_3
10:41:48.350 (index):1168 WAITING_4
10:41:48.350 (index):1136 ATTRIBUTEACCESSREQUESTED_5
10:41:48.351 (index):1168 WAITING_6
10:41:48.351 (index):1168 WAITING_7
10:41:48.352 (index):1142 NODEACCESSREQUESTED_8
10:41:48.352 (index):1081 NODEACCESSRELEASED_9
10:41:48.353 (index):1081 NODEACCESSRELEASED_10
10:41:48.353 (index):1081 NODEACCESSRELEASED_11
10:41:48.353 (index):1142 NODEACCESSREQUESTED_12
10:41:48.354 (index):1106 UPDATE_13
10:41:48.354 (index):1081 NODEACCESSRELEASED_14
10:41:48.355 (index):1106 UPDATE_15
10:41:48.355 (index):1081 NODEACCESSRELEASED_16
10:41:48.356 (index):1142 NODEACCESSREQUESTED_17
10:41:48.356 (index):1109 UPDATE_0
10:41:48.357 (index):1106 UPDATE_1
10:41:48.357 (index):1106 UPDATE_2
10:41:48.357 (index):1109 UPDATE_3
10:41:48.358 (index):1168 WAITING_4
10:41:48.358 (index):1109 UPDATE_5
10:41:48.359 (index):1168 WAITING_6
10:41:48.359 (index):1168 WAITING_7
10:41:48.360 (index):1106 UPDATE_8
10:41:48.360 (index):1136 ATTRIBUTEACCESSREQUESTED_9
10:41:48.361 (index):1142 NODEACCESSREQUESTED_10
10:41:48.361 (index):1142 NODEACCESSREQUESTED_11
10:41:48.361 (index):1106 UPDATE_12
10:41:48.362 (index):1081 NODEACCESSRELEASED_13
10:41:48.362 (index):1142 NODEACCESSREQUESTED_14
10:41:48.363 (index):1081 NODEACCESSRELEASED_15
10:41:48.363 (index):1142 NODEACCESSREQUESTED_16
10:41:48.364 (index):1106 UPDATE_17
10:41:48.364 (index):1085 ATTRIBUTEACCESSRELEASED_0
10:41:48.365 (index):1081 NODEACCESSRELEASED_1
10:41:48.365 (index):1081 NODEACCESSRELEASED_2
10:41:48.366 (index):1085 ATTRIBUTEACCESSRELEASED_3
10:41:48.366 (index):1168 WAITING_4
10:41:48.367 (index):1085 ATTRIBUTEACCESSRELEASED_5
10:41:48.367 (index):1168 WAITING_6
10:41:48.367 (index):1168 WAITING_7
10:41:48.368 (index):1081 NODEACCESSRELEASED_8
10:41:48.368 (index):1109 UPDATE_9
10:41:48.369 (index):1106 UPDATE_10
10:41:48.369 (index):1106 UPDATE_11
10:41:48.370 (index):1081 NODEACCESSRELEASED_12
10:41:48.370 (index):1136 ATTRIBUTEACCESSREQUESTED_13
10:41:48.371 (index):1106 UPDATE_14
10:41:48.371 (index):1136 ATTRIBUTEACCESSREQUESTED_15
10:41:48.371 (index):1106 UPDATE_16
10:41:48.372 (index):1081 NODEACCESSRELEASED_17
10:41:48.372 (index):1136 ATTRIBUTEACCESSREQUESTED_0
10:41:48.373 (index):1136 ATTRIBUTEACCESSREQUESTED_1
10:41:48.373 (index):1136 ATTRIBUTEACCESSREQUESTED_2
10:41:48.374 (index):1142 NODEACCESSREQUESTED_3
10:41:48.374 (index):1168 WAITING_4
10:41:48.375 (index):1136 ATTRIBUTEACCESSREQUESTED_5
10:41:48.375 (index):1168 WAITING_6
10:41:48.376 (index):1168 WAITING_7
10:41:48.376 (index):1136 ATTRIBUTEACCESSREQUESTED_8
10:41:48.376 (index):1085 ATTRIBUTEACCESSRELEASED_9
10:41:48.377 (index):1081 NODEACCESSRELEASED_10
10:41:48.377 (index):1081 NODEACCESSRELEASED_11
10:41:48.378 (index):1142 NODEACCESSREQUESTED_12
10:41:48.378 (index):1109 UPDATE_13
10:41:48.379 (index):1081 NODEACCESSRELEASED_14
10:41:48.379 (index):1109 UPDATE_15
10:41:48.380 (index):1081 NODEACCESSRELEASED_16
10:41:48.380 (index):1142 NODEACCESSREQUESTED_17
10:41:48.381 (index):1109 UPDATE_0
10:41:48.381 (index):1109 UPDATE_1
10:41:48.381 (index):1168 WAITING_2
10:41:48.382 (index):1106 UPDATE_3
10:41:48.382 (index):1168 WAITING_4
10:41:48.383 (index):1168 WAITING_5
10:41:48.383 (index):1168 WAITING_6
10:41:48.384 (index):1168 WAITING_7
10:41:48.384 (index):1168 WAITING_8
10:41:48.384 (index):1142 NODEACCESSREQUESTED_9
10:41:48.385 (index):1142 NODEACCESSREQUESTED_10
10:41:48.385 (index):1136 ATTRIBUTEACCESSREQUESTED_11
10:41:48.386 (index):1106 UPDATE_12
10:41:48.386 (index):1085 ATTRIBUTEACCESSRELEASED_13
10:41:48.387 (index):1136 ATTRIBUTEACCESSREQUESTED_14
10:41:48.387 (index):1085 ATTRIBUTEACCESSRELEASED_15
10:41:48.388 (index):1136 ATTRIBUTEACCESSREQUESTED_16
10:41:48.388 (index):1106 UPDATE_17
10:41:48.389 (index):1085 ATTRIBUTEACCESSRELEASED_0
10:41:48.389 (index):1085 ATTRIBUTEACCESSRELEASED_1
10:41:48.389 (index):1109 UPDATE_2
10:41:48.390 (index):1081 NODEACCESSRELEASED_3
10:41:48.390 (index):1168 WAITING_4
10:41:48.391 (index):1109 UPDATE_5
10:41:48.391 (index):1168 WAITING_6
10:41:48.392 (index):1168 WAITING_7
10:41:48.392 (index):1168 WAITING_8
10:41:48.393 (index):1106 UPDATE_9
10:41:48.393 (index):1106 UPDATE_10
10:41:48.393 (index):1109 UPDATE_11
10:41:48.394 (index):1081 NODEACCESSRELEASED_12
10:41:48.394 (index):1142 NODEACCESSREQUESTED_13
10:41:48.395 (index):1109 UPDATE_14
10:41:48.395 (index):1142 NODEACCESSREQUESTED_15
10:41:48.396 (index):1168 WAITING_16
10:41:48.396 (index):1081 NODEACCESSRELEASED_17
10:41:48.397 (index):1136 ATTRIBUTEACCESSREQUESTED_0
10:41:48.397 (index):1142 NODEACCESSREQUESTED_1
10:41:48.398 (index):1085 ATTRIBUTEACCESSRELEASED_2
10:41:48.398 (index):1136 ATTRIBUTEACCESSREQUESTED_3
10:41:48.398 (index):1168 WAITING_4
10:41:48.399 (index):1085 ATTRIBUTEACCESSRELEASED_5
10:41:48.399 (index):1168 WAITING_6
10:41:48.400 (index):1168 WAITING_7
10:41:48.400 (index):1109 UPDATE_8
10:41:48.401 (index):1081 NODEACCESSRELEASED_9
10:41:48.401 (index):1081 NODEACCESSRELEASED_10
10:41:48.402 (index):1085 ATTRIBUTEACCESSRELEASED_11
10:41:48.402 (index):1136 ATTRIBUTEACCESSREQUESTED_12
10:41:48.403 (index):1106 UPDATE_13
10:41:48.403 (index):1085 ATTRIBUTEACCESSRELEASED_14
10:41:48.403 (index):1168 WAITING_15
10:41:48.404 (index):1168 WAITING_16
10:41:48.404 (index):1142 NODEACCESSREQUESTED_17
10:41:48.405 (index):1109 UPDATE_0
10:41:48.405 (index):1106 UPDATE_1
10:41:48.406 (index):1142 NODEACCESSREQUESTED_2
10:41:48.406 (index):1168 WAITING_3
10:41:48.407 (index):1168 WAITING_4
10:41:48.407 (index):1142 NODEACCESSREQUESTED_5
10:41:48.408 (index):1168 WAITING_6
10:41:48.408 (index):1168 WAITING_7
10:41:48.408 (index):1085 ATTRIBUTEACCESSRELEASED_8
10:41:48.409 (index):1142 NODEACCESSREQUESTED_9
10:41:48.409 (index):1142 NODEACCESSREQUESTED_10
10:41:48.410 (index):1136 ATTRIBUTEACCESSREQUESTED_11
10:41:48.410 (index):1168 WAITING_12
10:41:48.411 (index):1081 NODEACCESSRELEASED_13
10:41:48.411 (index):1136 ATTRIBUTEACCESSREQUESTED_14
10:41:48.412 (index):1106 UPDATE_15
10:41:48.412 (index):1109 UPDATE_16
10:41:48.412 (index):1106 UPDATE_17
10:41:48.413 (index):1085 ATTRIBUTEACCESSRELEASED_0
10:41:48.413 (index):1081 NODEACCESSRELEASED_1
10:41:48.414 (index):1106 UPDATE_2
10:41:48.414 (index):1109 UPDATE_3
10:41:48.415 (index):1168 WAITING_4
10:41:48.415 (index):1168 WAITING_5
10:41:48.416 (index):1168 WAITING_6
10:41:48.416 (index):1168 WAITING_7
10:41:48.417 (index):1142 NODEACCESSREQUESTED_8
10:41:48.417 (index):1106 UPDATE_9
10:41:48.417 (index):1106 UPDATE_10
10:41:48.418 (index):1109 UPDATE_11
10:41:48.418 (index):1168 WAITING_12
10:41:48.419 (index):1142 NODEACCESSREQUESTED_13
10:41:48.419 (index):1168 WAITING_14
10:41:48.420 (index):1081 NODEACCESSRELEASED_15
10:41:48.420 (index):1085 ATTRIBUTEACCESSRELEASED_16
10:41:48.421 (index):1081 NODEACCESSRELEASED_17
10:41:48.421 (index):1142 NODEACCESSREQUESTED_0
10:41:48.422 (index):1136 ATTRIBUTEACCESSREQUESTED_1
10:41:48.422 (index):1081 NODEACCESSRELEASED_2
10:41:48.423 (index):1085 ATTRIBUTEACCESSRELEASED_3
10:41:48.423 (index):1168 WAITING_4
10:41:48.423 (index):1168 WAITING_5
10:41:48.424 (index):1168 WAITING_6
10:41:48.424 (index):1168 WAITING_7
10:41:48.425 (index):1106 UPDATE_8
10:41:48.425 (index):1081 NODEACCESSRELEASED_9
10:41:48.426 (index):1081 NODEACCESSRELEASED_10
10:41:48.426 (index):1085 ATTRIBUTEACCESSRELEASED_11
10:41:48.427 (index):1109 UPDATE_12
10:41:48.427 (index):1106 UPDATE_13
10:41:48.427 (index):1168 WAITING_14
10:41:48.428 (index):1136 ATTRIBUTEACCESSREQUESTED_15
10:41:48.428 (index):1142 NODEACCESSREQUESTED_16
10:41:48.429 (index):1136 ATTRIBUTEACCESSREQUESTED_17
10:41:48.429 (index):1106 UPDATE_0
10:41:48.430 (index):1109 UPDATE_1
10:41:48.430 (index):1142 NODEACCESSREQUESTED_2
10:41:48.430 (index):1142 NODEACCESSREQUESTED_3
10:41:48.431 (index):1168 WAITING_4
10:41:48.431 (index):1168 WAITING_5
10:41:48.432 (index):1168 WAITING_6
10:41:48.432 (index):1168 WAITING_7
10:41:48.433 (index):1081 NODEACCESSRELEASED_8
10:41:48.433 (index):1142 NODEACCESSREQUESTED_9
10:41:48.434 (index):1142 NODEACCESSREQUESTED_10
10:41:48.434 (index):1142 NODEACCESSREQUESTED_11
10:41:48.435 (index):1085 ATTRIBUTEACCESSRELEASED_12
10:41:48.435 (index):1081 NODEACCESSRELEASED_13
10:41:48.436 (index):1109 UPDATE_14
10:41:48.436 (index):1168 WAITING_15
10:41:48.436 (index):1106 UPDATE_16
10:41:48.437 (index):1168 WAITING_17
10:41:48.437 (index):1081 NODEACCESSRELEASED_0
10:41:48.438 (index):1085 ATTRIBUTEACCESSRELEASED_1
10:41:48.438 (index):1168 WAITING_2
10:41:48.439 (index):1106 UPDATE_3
10:41:48.439 (index):1168 WAITING_4
10:41:48.439 (index):1168 WAITING_5
10:41:48.440 (index):1168 WAITING_6
10:41:48.440 (index):1168 WAITING_7
10:41:48.441 (index):1142 NODEACCESSREQUESTED_8
10:41:48.441 (index):1168 WAITING_9
10:41:48.442 (index):1106 UPDATE_10
10:41:48.442 (index):1106 UPDATE_11
10:41:48.443 (index):1142 NODEACCESSREQUESTED_12
10:41:48.443 (index):1142 NODEACCESSREQUESTED_13
10:41:48.443 (index):1085 ATTRIBUTEACCESSRELEASED_14
10:41:48.444 (index):1109 UPDATE_15
10:41:48.444 (index):1081 NODEACCESSRELEASED_16
10:41:48.445 (index):1168 WAITING_17
10:41:48.445 (index):1136 ATTRIBUTEACCESSREQUESTED_0
10:41:48.446 (index):1136 ATTRIBUTEACCESSREQUESTED_1
10:41:48.446 (index):1106 UPDATE_2
10:41:48.447 (index):1081 NODEACCESSRELEASED_3
10:41:48.447 (index):1168 WAITING_4
10:41:48.447 (index):1168 WAITING_5
10:41:48.448 (index):1168 WAITING_6
10:41:48.448 (index):1168 WAITING_7
10:41:48.449 (index):1106 UPDATE_8
10:41:48.449 (index):1168 WAITING_9
10:41:48.450 (index):1081 NODEACCESSRELEASED_10
10:41:48.450 (index):1081 NODEACCESSRELEASED_11
10:41:48.451 (index):1106 UPDATE_12
10:41:48.451 (index):1106 UPDATE_13
10:41:48.452 (index):1142 NODEACCESSREQUESTED_14
10:41:48.452 (index):1085 ATTRIBUTEACCESSRELEASED_15
10:41:48.453 (index):1142 NODEACCESSREQUESTED_16
10:41:48.453 (index):1109 UPDATE_17
10:41:48.454 (index):1109 UPDATE_0
10:41:48.454 (index):1109 UPDATE_1
10:41:48.455 (index):1081 NODEACCESSRELEASED_2
10:41:48.455 (index):1142 NODEACCESSREQUESTED_3
10:41:48.455 (index):1168 WAITING_4
10:41:48.456 (index):1168 WAITING_5
10:41:48.456 (index):1168 WAITING_6
10:41:48.457 (index):1168 WAITING_7
10:41:48.457 (index):1081 NODEACCESSRELEASED_8
10:41:48.458 (index):1106 UPDATE_9
10:41:48.458 (index):1142 NODEACCESSREQUESTED_10
10:41:48.459 (index):1136 ATTRIBUTEACCESSREQUESTED_11
10:41:48.459 (index):1081 NODEACCESSRELEASED_12
10:41:48.460 (index):1081 NODEACCESSRELEASED_13
10:41:48.460 (index):1106 UPDATE_14
10:41:48.460 (index):1136 ATTRIBUTEACCESSREQUESTED_15
10:41:48.461 (index):1106 UPDATE_16
10:41:48.461 (index):1085 ATTRIBUTEACCESSRELEASED_17
10:41:48.462 (index):1085 ATTRIBUTEACCESSRELEASED_0
10:41:48.462 (index):1085 ATTRIBUTEACCESSRELEASED_1
10:41:48.463 (index):1142 NODEACCESSREQUESTED_2
10:41:48.463 (index):1106 UPDATE_3
10:41:48.464 (index):1168 WAITING_4
10:41:48.464 (index):1168 WAITING_5
10:41:48.464 (index):1168 WAITING_6
10:41:48.465 (index):1168 WAITING_7
10:41:48.465 (index):1142 NODEACCESSREQUESTED_8
10:41:48.466 (index):1081 NODEACCESSRELEASED_9
10:41:48.466 (index):1106 UPDATE_10
10:41:48.467 (index):1109 UPDATE_11
10:41:48.467 (index):1136 ATTRIBUTEACCESSREQUESTED_12
10:41:48.468 (index):1142 NODEACCESSREQUESTED_13
10:41:48.468 (index):1081 NODEACCESSRELEASED_14
10:41:48.469 (index):1168 WAITING_15
10:41:48.469 (index):1081 NODEACCESSRELEASED_16
10:41:48.469 (index):1142 NODEACCESSREQUESTED_17
10:41:48.470 (index):1136 ATTRIBUTEACCESSREQUESTED_0
10:41:48.470 (index):1142 NODEACCESSREQUESTED_1
10:41:48.471 (index):1106 UPDATE_2
10:41:48.471 (index):1081 NODEACCESSRELEASED_3
10:41:48.472 (index):1168 WAITING_4
10:41:48.472 (index):1168 WAITING_5
10:41:48.473 (index):1168 WAITING_6
10:41:48.473 (index):1168 WAITING_7
10:41:48.473 (index):1106 UPDATE_8
10:41:48.474 (index):1136 ATTRIBUTEACCESSREQUESTED_9
10:41:48.474 (index):1081 NODEACCESSRELEASED_10
10:41:48.475 (index):1085 ATTRIBUTEACCESSRELEASED_11
10:41:48.475 (index):1168 WAITING_12
10:41:48.476 (index):1106 UPDATE_13
10:41:48.476 (index):1142 NODEACCESSREQUESTED_14
10:41:48.477 (index):1109 UPDATE_15
10:41:48.477 (index):1142 NODEACCESSREQUESTED_16
10:41:48.478 (index):1168 WAITING_17
10:41:48.478 (index):1109 UPDATE_0
10:41:48.478 (index):1106 UPDATE_1
10:41:48.479 (index):1081 NODEACCESSRELEASED_2
10:41:48.479 (index):1142 NODEACCESSREQUESTED_3
10:41:48.480 (index):1168 WAITING_4
10:41:48.480 (index):1168 WAITING_5
10:41:48.481 (index):1168 WAITING_6
10:41:48.481 (index):1168 WAITING_7
10:41:48.482 (index):1081 NODEACCESSRELEASED_8
10:41:48.482 (index):1168 WAITING_9
10:41:48.483 (index):1142 NODEACCESSREQUESTED_10
10:41:48.483 (index):1142 NODEACCESSREQUESTED_11
10:41:48.483 (index):1168 WAITING_12
10:41:48.484 (index):1081 NODEACCESSRELEASED_13
10:41:48.484 (index):1106 UPDATE_14
10:41:48.485 (index):1085 ATTRIBUTEACCESSRELEASED_15
10:41:48.485 (index):1168 WAITING_16
10:41:48.486 (index):1106 UPDATE_17
10:41:48.486 (index):1085 ATTRIBUTEACCESSRELEASED_0
10:41:48.487 (index):1081 NODEACCESSRELEASED_1
10:41:48.487 (index):1136 ATTRIBUTEACCESSREQUESTED_2
10:41:48.488 (index):1106 UPDATE_3
10:41:48.488 (index):1168 WAITING_4
10:41:48.488 (index):1168 WAITING_5
10:41:48.489 (index):1168 WAITING_6
10:41:48.489 (index):1168 WAITING_7
10:41:48.490 (index):1136 ATTRIBUTEACCESSREQUESTED_8
10:41:48.490 (index):1109 UPDATE_9
10:41:48.491 (index):1106 UPDATE_10
10:41:48.491 (index):1106 UPDATE_11
10:41:48.491 (index):1109 UPDATE_12
10:41:48.492 (index):1142 NODEACCESSREQUESTED_13
10:41:48.492 (index):1081 NODEACCESSRELEASED_14
10:41:48.493 (index):1142 NODEACCESSREQUESTED_15
10:41:48.493 (index):1106 UPDATE_16
10:41:48.494 (index):1081 NODEACCESSRELEASED_17
10:41:48.494 (index):1142 NODEACCESSREQUESTED_0
10:41:48.495 (index):1142 NODEACCESSREQUESTED_1
10:41:48.495 (index):1109 UPDATE_2
10:41:48.496 (index):1081 NODEACCESSRELEASED_3
10:41:48.496 (index):1168 WAITING_4
10:41:48.496 (index):1168 WAITING_5
10:41:48.497 (index):1168 WAITING_6
10:41:48.497 (index):1168 WAITING_7
10:41:48.498 (index):1109 UPDATE_8
10:41:48.498 (index):1085 ATTRIBUTEACCESSRELEASED_9
10:41:48.499 (index):1081 NODEACCESSRELEASED_10
10:41:48.499 (index):1081 NODEACCESSRELEASED_11
10:41:48.500 (index):1085 ATTRIBUTEACCESSRELEASED_12
10:41:48.500 (index):1106 UPDATE_13
10:41:48.501 (index):1142 NODEACCESSREQUESTED_14
10:41:48.501 (index):1168 WAITING_15
10:41:48.502 (index):1081 NODEACCESSRELEASED_16
10:41:48.502 (index):1136 ATTRIBUTEACCESSREQUESTED_17
10:41:48.502 (index):1106 UPDATE_0
10:41:48.503 (index):1106 UPDATE_1
10:41:48.503 (index):1085 ATTRIBUTEACCESSRELEASED_2
10:41:48.504 (index):1136 ATTRIBUTEACCESSREQUESTED_3
10:41:48.504 (index):1168 WAITING_4
10:41:48.505 (index):1168 WAITING_5
10:41:48.505 (index):1168 WAITING_6
10:41:48.505 (index):1168 WAITING_7
10:41:48.506 (index):1085 ATTRIBUTEACCESSRELEASED_8
10:41:48.506 (index):1142 NODEACCESSREQUESTED_9
10:41:48.507 (index):1136 ATTRIBUTEACCESSREQUESTED_10
10:41:48.507 (index):1142 NODEACCESSREQUESTED_11
10:41:48.508 (index):1136 ATTRIBUTEACCESSREQUESTED_12
10:41:48.508 (index):1081 NODEACCESSRELEASED_13
10:41:48.509 (index):1106 UPDATE_14
10:41:48.509 (index):1168 WAITING_15
10:41:48.510 (index):1136 ATTRIBUTEACCESSREQUESTED_16
10:41:48.510 (index):1109 UPDATE_17
10:41:48.510 (index):1081 NODEACCESSRELEASED_0
10:41:48.511 (index):1081 NODEACCESSRELEASED_1
10:41:48.511 (index):1142 NODEACCESSREQUESTED_2
10:41:48.512 (index):1109 UPDATE_3
10:41:48.512 (index):1168 WAITING_4
10:41:48.513 (index):1168 WAITING_5
10:41:48.513 (index):1168 WAITING_6
10:41:48.514 (index):1168 WAITING_7
10:41:48.514 (index):1136 ATTRIBUTEACCESSREQUESTED_8
10:41:48.515 (index):1106 UPDATE_9
10:41:48.515 (index):1109 UPDATE_10
10:41:48.515 (index):1106 UPDATE_11
10:41:48.516 (index):1168 WAITING_12
10:41:48.516 (index):1142 NODEACCESSREQUESTED_13
10:41:48.517 (index):1081 NODEACCESSRELEASED_14
10:41:48.517 (index):1168 WAITING_15
10:41:48.518 (index):1168 WAITING_16
10:41:48.518 (index):1085 ATTRIBUTEACCESSRELEASED_17
10:41:48.519 (index):1142 NODEACCESSREQUESTED_0
10:41:48.519 (index):1142 NODEACCESSREQUESTED_1
10:41:48.519 (index):1106 UPDATE_2
10:41:48.520 (index):1085 ATTRIBUTEACCESSRELEASED_3
10:41:48.520 (index):1168 WAITING_4
10:41:48.521 (index):1168 WAITING_5
10:41:48.521 (index):1168 WAITING_6
10:41:48.522 (index):1168 WAITING_7
10:41:48.522 (index):1109 UPDATE_8
10:41:48.523 (index):1081 NODEACCESSRELEASED_9
10:41:48.523 (index):1085 ATTRIBUTEACCESSRELEASED_10
10:41:48.523 (index):1081 NODEACCESSRELEASED_11
10:41:48.524 (index):1109 UPDATE_12
10:41:48.524 (index):1106 UPDATE_13
10:41:48.525 (index):1136 ATTRIBUTEACCESSREQUESTED_14
10:41:48.525 (index):1168 WAITING_15
10:41:48.526 (index):1168 WAITING_16
10:41:48.526 (index):1136 ATTRIBUTEACCESSREQUESTED_17
10:41:48.527 (index):1106 UPDATE_0
10:41:48.527 (index):1106 UPDATE_1
10:41:48.527 (index):1081 NODEACCESSRELEASED_2
10:41:48.528 (index):1142 NODEACCESSREQUESTED_3
10:41:48.528 (index):1168 WAITING_4
10:41:48.529 (index):1168 WAITING_5
10:41:48.529 (index):1168 WAITING_6
10:41:48.530 (index):1168 WAITING_7
10:41:48.530 (index):1085 ATTRIBUTEACCESSRELEASED_8
10:41:48.530 (index):1142 NODEACCESSREQUESTED_9
10:41:48.531 (index):1136 ATTRIBUTEACCESSREQUESTED_10
10:41:48.531 (index):1142 NODEACCESSREQUESTED_11
10:41:48.532 (index):1085 ATTRIBUTEACCESSRELEASED_12
10:41:48.532 (index):1081 NODEACCESSRELEASED_13
10:41:48.533 (index):1109 UPDATE_14
10:41:48.533 (index):1168 WAITING_15
10:41:48.534 (index):1109 UPDATE_16
10:41:48.534 (index):1168 WAITING_17
10:41:48.535 (index):1081 NODEACCESSRELEASED_0
10:41:48.535 (index):1081 NODEACCESSRELEASED_1
10:41:48.535 (index):1142 NODEACCESSREQUESTED_2
10:41:48.536 (index):1106 UPDATE_3
10:41:48.536 (index):1168 WAITING_4
10:41:48.537 (index):1168 WAITING_5
10:41:48.537 (index):1168 WAITING_6
10:41:48.538 (index):1168 WAITING_7
10:41:48.538 (index):1142 NODEACCESSREQUESTED_8
10:41:48.538 (index):1106 UPDATE_9
10:41:48.539 (index):1109 UPDATE_10
10:41:48.539 (index):1106 UPDATE_11
10:41:48.540 (index):1142 NODEACCESSREQUESTED_12
10:41:48.540 (index):1142 NODEACCESSREQUESTED_13
10:41:48.541 (index):1085 ATTRIBUTEACCESSRELEASED_14
10:41:48.541 (index):1168 WAITING_15
10:41:48.542 (index):1085 ATTRIBUTEACCESSRELEASED_16
10:41:48.542 (index):1109 UPDATE_17
10:41:48.542 (index):1136 ATTRIBUTEACCESSREQUESTED_0
10:41:48.543 (index):1142 NODEACCESSREQUESTED_1
10:41:48.543 (index):1106 UPDATE_2
10:41:48.544 (index):1081 NODEACCESSRELEASED_3
10:41:48.544 (index):1168 WAITING_4
10:41:48.545 (index):1168 WAITING_5
10:41:48.545 (index):1168 WAITING_6
10:41:48.545 (index):1168 WAITING_7
10:41:48.546 (index):1168 WAITING_8
10:41:48.546 (index):1081 NODEACCESSRELEASED_9
10:41:48.547 (index):1085 ATTRIBUTEACCESSRELEASED_10
10:41:48.547 (index):1081 NODEACCESSRELEASED_11
10:41:48.548 (index):1106 UPDATE_12
10:41:48.548 (index):1106 UPDATE_13
10:41:48.549 (index):1142 NODEACCESSREQUESTED_14
10:41:48.549 (index):1168 WAITING_15
10:41:48.550 (index):1142 NODEACCESSREQUESTED_16
10:41:48.550 (index):1085 ATTRIBUTEACCESSRELEASED_17
10:41:48.550 (index):1109 UPDATE_0
10:41:48.551 (index):1106 UPDATE_1
10:41:48.551 (index):1081 NODEACCESSRELEASED_2
10:41:48.552 (index):1136 ATTRIBUTEACCESSREQUESTED_3
10:41:48.552 (index):1168 WAITING_4
10:41:48.553 (index):1168 WAITING_5
10:41:48.553 (index):1168 WAITING_6
10:41:48.554 (index):1168 WAITING_7
10:41:48.554 (index):1168 WAITING_8
10:41:48.554 (index):1136 ATTRIBUTEACCESSREQUESTED_9
10:41:48.555 (index):1142 NODEACCESSREQUESTED_10
10:41:48.555 (index):1142 NODEACCESSREQUESTED_11
10:41:48.556 (index):1081 NODEACCESSRELEASED_12
10:41:48.556 (index):1081 NODEACCESSRELEASED_13
10:41:48.557 (index):1106 UPDATE_14
10:41:48.557 (index):1168 WAITING_15
10:41:48.557 (index):1106 UPDATE_16
10:41:48.558 (index):1142 NODEACCESSREQUESTED_17
10:41:48.558 (index):1085 ATTRIBUTEACCESSRELEASED_0
10:41:48.559 (index):1081 NODEACCESSRELEASED_1
10:41:48.559 (index):1136 ATTRIBUTEACCESSREQUESTED_2
10:41:48.560 (index):1109 UPDATE_3
10:41:48.560 (index):1168 WAITING_4
10:41:48.561 (index):1168 WAITING_5
10:41:48.561 (index):1168 WAITING_6
10:41:48.561 (index):1168 WAITING_7
10:41:48.562 (index):1168 WAITING_8
10:41:48.562 (index):1109 UPDATE_9
10:41:48.563 (index):1106 UPDATE_10
10:41:48.563 (index):1106 UPDATE_11
10:41:48.564 (index):1136 ATTRIBUTEACCESSREQUESTED_12
10:41:48.564 (index):1136 ATTRIBUTEACCESSREQUESTED_13
10:41:48.565 (index):1081 NODEACCESSRELEASED_14
10:41:48.565 (index):1168 WAITING_15
10:41:48.565 (index):1081 NODEACCESSRELEASED_16
10:41:48.566 (index):1106 UPDATE_17
10:41:48.566 (index):1142 NODEACCESSREQUESTED_0
10:41:48.567 (index):1142 NODEACCESSREQUESTED_1
10:41:48.567 (index):1109 UPDATE_2
10:41:48.568 (index):1085 ATTRIBUTEACCESSRELEASED_3
10:41:48.568 (index):1168 WAITING_4
10:41:48.569 (index):1168 WAITING_5
10:41:48.569 (index):1168 WAITING_6
10:41:48.570 (index):1168 WAITING_7
10:41:48.570 (index):1168 WAITING_8
10:41:48.570 (index):1085 ATTRIBUTEACCESSRELEASED_9
10:41:48.571 (index):1081 NODEACCESSRELEASED_10
10:41:48.572 (index):1081 NODEACCESSRELEASED_11
10:41:48.572 (index):1109 UPDATE_12
10:41:48.572 (index):1168 WAITING_13
10:41:48.573 (index):1142 NODEACCESSREQUESTED_14
10:41:48.573 (index):1168 WAITING_15
10:41:48.574 (index):1136 ATTRIBUTEACCESSREQUESTED_16
10:41:48.574 (index):1081 NODEACCESSRELEASED_17
10:41:48.575 (index):1168 WAITING_0
10:41:48.575 (index):1106 UPDATE_1
10:41:48.576 (index):1085 ATTRIBUTEACCESSRELEASED_2
10:41:48.576 (index):1136 ATTRIBUTEACCESSREQUESTED_3
10:41:48.577 (index):1168 WAITING_4
10:41:48.577 (index):1168 WAITING_5
10:41:48.578 (index):1168 WAITING_6
10:41:48.578 (index):1168 WAITING_7
10:41:48.578 (index):1106 UPDATE_8
10:41:48.579 (index):1142 NODEACCESSREQUESTED_9
10:41:48.579 (index):1142 NODEACCESSREQUESTED_10
10:41:48.580 (index):1142 NODEACCESSREQUESTED_11
10:41:48.580 (index):1085 ATTRIBUTEACCESSRELEASED_12
10:41:48.581 (index):1109 UPDATE_13
10:41:48.581 (index):1168 WAITING_14
10:41:48.582 (index):1168 WAITING_15
10:41:48.582 (index):1109 UPDATE_16
10:41:48.583 (index):1142 NODEACCESSREQUESTED_17
10:41:48.583 (index):1168 WAITING_0
10:41:48.584 (index):1081 NODEACCESSRELEASED_1
10:41:48.584 (index):1136 ATTRIBUTEACCESSREQUESTED_2
10:41:48.585 (index):1168 WAITING_3
10:41:48.585 (index):1168 WAITING_4
10:41:48.586 (index):1168 WAITING_5
10:41:48.586 (index):1168 WAITING_6
10:41:48.587 (index):1168 WAITING_7
10:41:48.588 (index):1081 NODEACCESSRELEASED_8
10:41:48.589 (index):1106 UPDATE_9
10:41:48.589 (index):1106 UPDATE_10
10:41:48.590 (index):1106 UPDATE_11
10:41:48.590 (index):1142 NODEACCESSREQUESTED_12
10:41:48.591 (index):1085 ATTRIBUTEACCESSRELEASED_13
10:41:48.591 (index):1168 WAITING_14
10:41:48.592 (index):1168 WAITING_15
10:41:48.592 (index):1085 ATTRIBUTEACCESSRELEASED_16
10:41:48.593 (index):1106 UPDATE_17
10:41:48.593 (index):1168 WAITING_0
10:41:48.594 (index):1142 NODEACCESSREQUESTED_1
10:41:48.594 (index):1109 UPDATE_2
10:41:48.595 (index):1109 UPDATE_3
10:41:48.595 (index):1168 WAITING_4
10:41:48.596 (index):1168 WAITING_5
10:41:48.596 (index):1168 WAITING_6
10:41:48.597 (index):1168 WAITING_7
10:41:48.597 (index):1142 NODEACCESSREQUESTED_8
10:41:48.598 (index):1081 NODEACCESSRELEASED_9
10:41:48.598 (index):1179 END_10
10:41:48.599 (index):1179 END_11
10:41:48.600 (index):1106 UPDATE_12
10:41:48.601 (index):1142 NODEACCESSREQUESTED_13
10:41:48.602 (index):1168 WAITING_14
10:41:48.603 (index):1168 WAITING_15
10:41:48.604 (index):1136 ATTRIBUTEACCESSREQUESTED_16
10:41:48.605 (index):1081 NODEACCESSRELEASED_17
10:41:48.606 (index):1168 WAITING_0
10:41:48.607 (index):1168 WAITING_1
10:41:48.608 (index):1179 END_2
10:41:48.609 (index):1085 ATTRIBUTEACCESSRELEASED_3
10:41:48.610 (index):1168 WAITING_4
10:41:48.611 (index):1168 WAITING_5
10:41:48.612 (index):1168 WAITING_6
10:41:48.612 (index):1168 WAITING_7
10:41:48.613 (index):1106 UPDATE_8
10:41:48.614 (index):1142 NODEACCESSREQUESTED_9
10:41:48.615 (index):1081 NODEACCESSRELEASED_12
10:41:48.615 (index):1168 WAITING_13
10:41:48.616 (index):1168 WAITING_14
10:41:48.617 (index):1168 WAITING_15
10:41:48.618 (index):1109 UPDATE_16
10:41:48.618 (index):1142 NODEACCESSREQUESTED_17
10:41:48.619 (index):1168 WAITING_0
10:41:48.620 (index):1168 WAITING_1
10:41:48.620 (index):1136 ATTRIBUTEACCESSREQUESTED_3
10:41:48.621 (index):1168 WAITING_4
10:41:48.622 (index):1168 WAITING_5
10:41:48.623 (index):1168 WAITING_6
10:41:48.623 (index):1168 WAITING_7
10:41:48.624 (index):1081 NODEACCESSRELEASED_8
10:41:48.625 (index):1106 UPDATE_9
10:41:48.625 (index):1142 NODEACCESSREQUESTED_12
10:41:48.626 (index):1168 WAITING_13
10:41:48.627 (index):1168 WAITING_14
10:41:48.627 (index):1168 WAITING_15
10:41:48.628 (index):1085 ATTRIBUTEACCESSRELEASED_16
10:41:48.629 (index):1168 WAITING_17
10:41:48.629 (index):1168 WAITING_0
10:41:48.630 (index):1168 WAITING_1
10:41:48.631 (index):1109 UPDATE_3
10:41:48.631 (index):1168 WAITING_4
10:41:48.632 (index):1168 WAITING_5
10:41:48.632 (index):1168 WAITING_6
10:41:48.633 (index):1168 WAITING_7
10:41:48.634 (index):1142 NODEACCESSREQUESTED_8
10:41:48.635 (index):1081 NODEACCESSRELEASED_9
10:41:48.635 (index):1106 UPDATE_12
10:41:48.636 (index):1168 WAITING_13
10:41:48.637 (index):1168 WAITING_14
10:41:48.637 (index):1168 WAITING_15
10:41:48.638 (index):1142 NODEACCESSREQUESTED_16
10:41:48.638 (index):1106 UPDATE_17
10:41:48.639 (index):1168 WAITING_0
10:41:48.639 (index):1168 WAITING_1
10:41:48.640 (index):1179 END_3
10:41:48.641 (index):1168 WAITING_4
10:41:48.641 (index):1168 WAITING_5
10:41:48.642 (index):1168 WAITING_6
10:41:48.642 (index):1168 WAITING_7
10:41:48.643 (index):1106 UPDATE_8
10:41:48.644 (index):1136 ATTRIBUTEACCESSREQUESTED_9
10:41:48.644 (index):1179 END_12
10:41:48.645 (index):1168 WAITING_13
10:41:48.646 (index):1168 WAITING_14
10:41:48.646 (index):1168 WAITING_15
10:41:48.647 (index):1106 UPDATE_16
10:41:48.647 (index):1179 END_17
10:41:48.648 (index):1168 WAITING_0
10:41:48.649 (index):1168 WAITING_1
10:41:48.649 (index):1168 WAITING_4
10:41:48.650 (index):1168 WAITING_5
10:41:48.651 (index):1168 WAITING_6
10:41:48.651 (index):1168 WAITING_7
10:41:48.688 (index):1179 END_8
10:41:48.689 (index):1109 UPDATE_9
10:41:48.689 (index):1168 WAITING_13
10:41:48.690 (index):1168 WAITING_14
10:41:48.690 (index):1168 WAITING_15
10:41:48.691 (index):1179 END_16
10:41:48.692 (index):1168 WAITING_0
10:41:48.692 (index):1168 WAITING_1
10:41:48.693 (index):1168 WAITING_4
10:41:48.694 (index):1168 WAITING_5
10:41:48.694 (index):1106 UPDATE_6
10:41:48.695 (index):1168 WAITING_7
10:41:48.695 (index):1179 END_9
10:41:48.696 (index):1168 WAITING_13
10:41:48.697 (index):1168 WAITING_14
10:41:48.697 (index):1168 WAITING_15
10:41:48.698 (index):1168 WAITING_0
10:41:48.698 (index):1168 WAITING_1
10:41:48.699 (index):1168 WAITING_4
10:41:48.699 (index):1168 WAITING_5
10:41:48.700 (index):1081 NODEACCESSRELEASED_6
10:41:48.700 (index):1168 WAITING_7
10:41:48.701 (index):1168 WAITING_13
10:41:48.702 (index):1168 WAITING_14
10:41:48.702 (index):1168 WAITING_15
10:41:48.703 (index):1168 WAITING_0
10:41:48.704 (index):1168 WAITING_1
10:41:48.704 (index):1106 UPDATE_4
10:41:48.705 (index):1168 WAITING_5
10:41:48.705 (index):1142 NODEACCESSREQUESTED_6
10:41:48.706 (index):1168 WAITING_7
10:41:48.707 (index):1168 WAITING_13
10:41:48.707 (index):1168 WAITING_14
10:41:48.708 (index):1168 WAITING_15
10:41:48.708 (index):1168 WAITING_0
10:41:48.709 (index):1168 WAITING_1
10:41:48.710 (index):1081 NODEACCESSRELEASED_4
10:41:48.710 (index):1168 WAITING_5
10:41:48.711 (index):1168 WAITING_6
10:41:48.712 (index):1106 UPDATE_7
10:41:48.712 (index):1168 WAITING_13
10:41:48.713 (index):1168 WAITING_14
10:41:48.713 (index):1168 WAITING_15
10:41:48.714 (index):1168 WAITING_0
10:41:48.715 (index):1168 WAITING_1
10:41:48.715 (index):1136 ATTRIBUTEACCESSREQUESTED_4
10:41:48.716 (index):1168 WAITING_5
10:41:48.716 (index):1168 WAITING_6
10:41:48.717 (index):1081 NODEACCESSRELEASED_7
10:41:48.718 (index):1168 WAITING_13
10:41:48.718 (index):1168 WAITING_14
10:41:48.719 (index):1168 WAITING_15
10:41:48.720 (index):1168 WAITING_0
10:41:48.720 (index):1168 WAITING_1
10:41:48.721 (index):1109 UPDATE_4
10:41:48.721 (index):1106 UPDATE_5
10:41:48.722 (index):1168 WAITING_6
10:41:48.723 (index):1136 ATTRIBUTEACCESSREQUESTED_7
10:41:48.723 (index):1168 WAITING_13
10:41:48.724 (index):1168 WAITING_14
10:41:48.724 (index):1168 WAITING_15
10:41:48.725 (index):1168 WAITING_0
10:41:48.726 (index):1168 WAITING_1
10:41:48.726 (index):1085 ATTRIBUTEACCESSRELEASED_4
10:41:48.727 (index):1081 NODEACCESSRELEASED_5
10:41:48.728 (index):1168 WAITING_6
10:41:48.728 (index):1109 UPDATE_7
10:41:48.729 (index):1168 WAITING_13
10:41:48.729 (index):1168 WAITING_14
10:41:48.730 (index):1106 UPDATE_15
10:41:48.731 (index):1168 WAITING_0
10:41:48.731 (index):1168 WAITING_1
10:41:48.732 (index):1142 NODEACCESSREQUESTED_4
10:41:48.733 (index):1136 ATTRIBUTEACCESSREQUESTED_5
10:41:48.733 (index):1168 WAITING_6
10:41:48.734 (index):1085 ATTRIBUTEACCESSRELEASED_7
10:41:48.734 (index):1168 WAITING_13
10:41:48.735 (index):1168 WAITING_14
10:41:48.736 (index):1081 NODEACCESSRELEASED_15
10:41:48.736 (index):1106 UPDATE_0
10:41:48.737 (index):1168 WAITING_1
10:41:48.738 (index):1168 WAITING_4
10:41:48.738 (index):1109 UPDATE_5
10:41:48.739 (index):1168 WAITING_6
10:41:48.739 (index):1142 NODEACCESSREQUESTED_7
10:41:48.740 (index):1168 WAITING_13
10:41:48.741 (index):1168 WAITING_14
10:41:48.741 (index):1136 ATTRIBUTEACCESSREQUESTED_15
10:41:48.742 (index):1179 END_0
10:41:48.742 (index):1168 WAITING_1
10:41:48.743 (index):1168 WAITING_4
10:41:48.744 (index):1085 ATTRIBUTEACCESSRELEASED_5
10:41:48.744 (index):1168 WAITING_6
10:41:48.745 (index):1168 WAITING_7
10:41:48.745 (index):1106 UPDATE_13
10:41:48.746 (index):1168 WAITING_14
10:41:48.747 (index):1109 UPDATE_15
10:41:48.747 (index):1168 WAITING_1
10:41:48.748 (index):1168 WAITING_4
10:41:48.748 (index):1136 ATTRIBUTEACCESSREQUESTED_5
10:41:48.749 (index):1168 WAITING_6
10:41:48.750 (index):1168 WAITING_7
10:41:48.750 (index):1179 END_13
10:41:48.751 (index):1168 WAITING_14
10:41:48.752 (index):1085 ATTRIBUTEACCESSRELEASED_15
10:41:48.752 (index):1168 WAITING_1
10:41:48.753 (index):1106 UPDATE_4
10:41:48.753 (index):1109 UPDATE_5
10:41:48.754 (index):1106 UPDATE_6
10:41:48.755 (index):1106 UPDATE_7
10:41:48.756 (index):1168 WAITING_14
10:41:48.756 (index):1142 NODEACCESSREQUESTED_15
10:41:48.757 (index):1168 WAITING_1
10:41:48.757 (index):1081 NODEACCESSRELEASED_4
10:41:48.758 (index):1085 ATTRIBUTEACCESSRELEASED_5
10:41:48.759 (index):1081 NODEACCESSRELEASED_6
10:41:48.759 (index):1081 NODEACCESSRELEASED_7
10:41:48.760 (index):1168 WAITING_14
10:41:48.761 (index):1106 UPDATE_15
10:41:48.761 (index):1168 WAITING_1
10:41:48.762 (index):1142 NODEACCESSREQUESTED_4
10:41:48.763 (index):1142 NODEACCESSREQUESTED_5
10:41:48.763 (index):1136 ATTRIBUTEACCESSREQUESTED_6
10:41:48.764 (index):1142 NODEACCESSREQUESTED_7
10:41:48.765 (index):1168 WAITING_14
10:41:48.765 (index):1081 NODEACCESSRELEASED_15
10:41:48.766 (index):1168 WAITING_1
