10:41:48.926 (index):1663 Tasks: 25; Collaborators: 19    =========================>
10:41:48.927 (index):1142 NODEACCESSREQUESTED_0
10:41:48.928 (index):1142 NODEACCESSREQUESTED_1
10:41:48.929 (index):1136 ATTRIBUTEACCESSREQUESTED_2
10:41:48.930 (index):1136 ATTRIBUTEACCESSREQUESTED_3
10:41:48.930 (index):1142 NODEACCESSREQUESTED_4
10:41:48.931 (index):1142 NODEACCESSREQUESTED_5
10:41:48.932 (index):1142 NODEACCESSREQUESTED_6
10:41:48.933 (index):1142 NODEACCESSREQUESTED_7
10:41:48.933 (index):1142 NODEACCESSREQUESTED_8
10:41:48.934 (index):1142 NODEACCESSREQUESTED_9
10:41:48.935 (index):1136 ATTRIBUTEACCESSREQUESTED_10
10:41:48.935 (index):1142 NODEACCESSREQUESTED_11
10:41:48.936 (index):1142 NODEACCESSREQUESTED_12
10:41:48.937 (index):1142 NODEACCESSREQUESTED_13
10:41:48.938 (index):1136 ATTRIBUTEACCESSREQUESTED_14
10:41:48.938 (index):1142 NODEACCESSREQUESTED_15
10:41:48.939 (index):1142 NODEACCESSREQUESTED_16
10:41:48.940 (index):1142 NODEACCESSREQUESTED_17
10:41:48.940 (index):1142 NODEACCESSREQUESTED_18
10:41:48.941 (index):1081 NODEACCESSRELEASED_0
10:41:48.942 (index):1168 WAITING_1
10:41:48.942 (index):1085 ATTRIBUTEACCESSRELEASED_2
10:41:48.943 (index):1085 ATTRIBUTEACCESSRELEASED_3
10:41:48.944 (index):1081 NODEACCESSRELEASED_4
10:41:48.945 (index):1081 NODEACCESSRELEASED_5
10:41:48.945 (index):1081 NODEACCESSRELEASED_6
10:41:48.946 (index):1081 NODEACCESSRELEASED_7
10:41:48.947 (index):1081 NODEACCESSRELEASED_8
10:41:48.948 (index):1081 NODEACCESSRELEASED_9
10:41:48.948 (index):1085 ATTRIBUTEACCESSRELEASED_10
10:41:48.949 (index):1081 NODEACCESSRELEASED_11
10:41:48.950 (index):1081 NODEACCESSRELEASED_12
10:41:48.951 (index):1081 NODEACCESSRELEASED_13
10:41:48.951 (index):1085 ATTRIBUTEACCESSRELEASED_14
10:41:48.952 (index):1081 NODEACCESSRELEASED_15
10:41:48.953 (index):1081 NODEACCESSRELEASED_16
10:41:48.953 (index):1081 NODEACCESSRELEASED_17
10:41:48.954 (index):1081 NODEACCESSRELEASED_18
10:41:48.955 (index):1142 NODEACCESSREQUESTED_0
10:41:48.956 (index):1081 NODEACCESSRELEASED_1
10:41:48.956 (index):1136 ATTRIBUTEACCESSREQUESTED_2
10:41:48.957 (index):1136 ATTRIBUTEACCESSREQUESTED_3
10:41:48.958 (index):1142 NODEACCESSREQUESTED_4
10:41:48.958 (index):1142 NODEACCESSREQUESTED_5
10:41:48.959 (index):1142 NODEACCESSREQUESTED_6
10:41:48.960 (index):1142 NODEACCESSREQUESTED_7
10:41:48.961 (index):1142 NODEACCESSREQUESTED_8
10:41:48.961 (index):1142 NODEACCESSREQUESTED_9
10:41:48.962 (index):1136 ATTRIBUTEACCESSREQUESTED_10
10:41:48.963 (index):1142 NODEACCESSREQUESTED_11
10:41:48.963 (index):1142 NODEACCESSREQUESTED_12
10:41:48.964 (index):1142 NODEACCESSREQUESTED_13
10:41:48.965 (index):1136 ATTRIBUTEACCESSREQUESTED_14
10:41:48.966 (index):1142 NODEACCESSREQUESTED_15
10:41:48.966 (index):1142 NODEACCESSREQUESTED_16
10:41:48.967 (index):1142 NODEACCESSREQUESTED_17
10:41:48.968 (index):1142 NODEACCESSREQUESTED_18
10:41:48.968 (index):1106 UPDATE_0
10:41:48.969 (index):1142 NODEACCESSREQUESTED_1
10:41:48.970 (index):1109 UPDATE_2
10:41:48.971 (index):1109 UPDATE_3
10:41:48.971 (index):1106 UPDATE_4
10:41:48.972 (index):1106 UPDATE_5
10:41:48.973 (index):1106 UPDATE_6
10:41:48.973 (index):1168 WAITING_7
10:41:48.974 (index):1106 UPDATE_8
10:41:48.975 (index):1106 UPDATE_9
10:41:48.975 (index):1168 WAITING_10
10:41:48.976 (index):1106 UPDATE_11
10:41:48.977 (index):1106 UPDATE_12
10:41:48.977 (index):1168 WAITING_13
10:41:48.978 (index):1168 WAITING_14
10:41:48.979 (index):1106 UPDATE_15
10:41:48.980 (index):1168 WAITING_16
10:41:48.980 (index):1168 WAITING_17
10:41:48.981 (index):1168 WAITING_18
10:41:48.982 (index):1081 NODEACCESSRELEASED_0
10:41:48.983 (index):1106 UPDATE_1
10:41:48.983 (index):1085 ATTRIBUTEACCESSRELEASED_2
10:41:48.984 (index):1085 ATTRIBUTEACCESSRELEASED_3
10:41:48.985 (index):1081 NODEACCESSRELEASED_4
10:41:48.986 (index):1081 NODEACCESSRELEASED_5
10:41:48.986 (index):1081 NODEACCESSRELEASED_6
10:41:48.987 (index):1106 UPDATE_7
10:41:48.988 (index):1081 NODEACCESSRELEASED_8
10:41:48.988 (index):1081 NODEACCESSRELEASED_9
10:41:48.989 (index):1109 UPDATE_10
10:41:48.990 (index):1081 NODEACCESSRELEASED_11
10:41:48.991 (index):1081 NODEACCESSRELEASED_12
10:41:48.991 (index):1106 UPDATE_13
10:41:48.992 (index):1109 UPDATE_14
10:41:48.993 (index):1081 NODEACCESSRELEASED_15
10:41:48.993 (index):1106 UPDATE_16
10:41:48.994 (index):1168 WAITING_17
10:41:48.995 (index):1106 UPDATE_18
10:41:48.995 (index):1142 NODEACCESSREQUESTED_0
10:41:48.996 (index):1081 NODEACCESSRELEASED_1
10:41:48.997 (index):1142 NODEACCESSREQUESTED_2
10:41:48.998 (index):1142 NODEACCESSREQUESTED_3
10:41:48.998 (index):1136 ATTRIBUTEACCESSREQUESTED_4
10:41:48.999 (index):1136 ATTRIBUTEACCESSREQUESTED_5
10:41:49.000 (index):1142 NODEACCESSREQUESTED_6
10:41:49.001 (index):1081 NODEACCESSRELEASED_7
10:41:49.001 (index):1142 NODEACCESSREQUESTED_8
10:41:49.002 (index):1142 NODEACCESSREQUESTED_9
10:41:49.003 (index):1085 ATTRIBUTEACCESSRELEASED_10
10:41:49.004 (index):1136 ATTRIBUTEACCESSREQUESTED_11
10:41:49.004 (index):1142 NODEACCESSREQUESTED_12
10:41:49.005 (index):1081 NODEACCESSRELEASED_13
10:41:49.006 (index):1085 ATTRIBUTEACCESSRELEASED_14
10:41:49.006 (index):1142 NODEACCESSREQUESTED_15
10:41:49.007 (index):1081 NODEACCESSRELEASED_16
10:41:49.008 (index):1106 UPDATE_17
10:41:49.008 (index):1081 NODEACCESSRELEASED_18
10:41:49.009 (index):1106 UPDATE_0
10:41:49.010 (index):1142 NODEACCESSREQUESTED_1
10:41:49.011 (index):1106 UPDATE_2
10:41:49.011 (index):1106 UPDATE_3
10:41:49.012 (index):1109 UPDATE_4
10:41:49.013 (index):1109 UPDATE_5
10:41:49.013 (index):1106 UPDATE_6
10:41:49.014 (index):1142 NODEACCESSREQUESTED_7
10:41:49.015 (index):1168 WAITING_8
10:41:49.015 (index):1106 UPDATE_9
10:41:49.016 (index):1136 ATTRIBUTEACCESSREQUESTED_10
10:41:49.017 (index):1109 UPDATE_11
10:41:49.018 (index):1168 WAITING_12
10:41:49.018 (index):1142 NODEACCESSREQUESTED_13
10:41:49.019 (index):1142 NODEACCESSREQUESTED_14
10:41:49.020 (index):1106 UPDATE_15
10:41:49.020 (index):1142 NODEACCESSREQUESTED_16
10:41:49.021 (index):1081 NODEACCESSRELEASED_17
10:41:49.022 (index):1142 NODEACCESSREQUESTED_18
10:41:49.023 (index):1081 NODEACCESSRELEASED_0
10:41:49.023 (index):1106 UPDATE_1
10:41:49.024 (index):1081 NODEACCESSRELEASED_2
10:41:49.025 (index):1081 NODEACCESSRELEASED_3
10:41:49.025 (index):1085 ATTRIBUTEACCESSRELEASED_4
10:41:49.026 (index):1085 ATTRIBUTEACCESSRELEASED_5
10:41:49.027 (index):1081 NODEACCESSRELEASED_6
10:41:49.028 (index):1168 WAITING_7
10:41:49.028 (index):1106 UPDATE_8
10:41:49.029 (index):1081 NODEACCESSRELEASED_9
10:41:49.030 (index):1168 WAITING_10
10:41:49.030 (index):1085 ATTRIBUTEACCESSRELEASED_11
10:41:49.031 (index):1106 UPDATE_12
10:41:49.032 (index):1106 UPDATE_13
10:41:49.032 (index):1106 UPDATE_14
10:41:49.033 (index):1081 NODEACCESSRELEASED_15
10:41:49.034 (index):1106 UPDATE_16
10:41:49.035 (index):1142 NODEACCESSREQUESTED_17
10:41:49.035 (index):1106 UPDATE_18
10:41:49.036 (index):1142 NODEACCESSREQUESTED_0
10:41:49.037 (index):1081 NODEACCESSRELEASED_1
10:41:49.037 (index):1142 NODEACCESSREQUESTED_2
10:41:49.038 (index):1136 ATTRIBUTEACCESSREQUESTED_3
10:41:49.039 (index):1142 NODEACCESSREQUESTED_4
10:41:49.040 (index):1142 NODEACCESSREQUESTED_5
10:41:49.040 (index):1142 NODEACCESSREQUESTED_6
10:41:49.041 (index):1106 UPDATE_7
10:41:49.042 (index):1081 NODEACCESSRELEASED_8
10:41:49.042 (index):1136 ATTRIBUTEACCESSREQUESTED_9
10:41:49.043 (index):1109 UPDATE_10
10:41:49.044 (index):1142 NODEACCESSREQUESTED_11
10:41:49.045 (index):1081 NODEACCESSRELEASED_12
10:41:49.045 (index):1081 NODEACCESSRELEASED_13
10:41:49.046 (index):1081 NODEACCESSRELEASED_14
10:41:49.046 (index):1142 NODEACCESSREQUESTED_15
10:41:49.047 (index):1081 NODEACCESSRELEASED_16
10:41:49.048 (index):1106 UPDATE_17
10:41:49.049 (index):1081 NODEACCESSRELEASED_18
10:41:49.049 (index):1106 UPDATE_0
10:41:49.050 (index):1142 NODEACCESSREQUESTED_1
10:41:49.051 (index):1106 UPDATE_2
10:41:49.051 (index):1109 UPDATE_3
10:41:49.051 (index):1168 WAITING_4
10:41:49.052 (index):1106 UPDATE_5
10:41:49.053 (index):1168 WAITING_6
10:41:49.053 (index):1081 NODEACCESSRELEASED_7
10:41:49.054 (index):1142 NODEACCESSREQUESTED_8
10:41:49.055 (index):1168 WAITING_9
10:41:49.056 (index):1085 ATTRIBUTEACCESSRELEASED_10
10:41:49.056 (index):1106 UPDATE_11
10:41:49.057 (index):1142 NODEACCESSREQUESTED_12
10:41:49.058 (index):1142 NODEACCESSREQUESTED_13
10:41:49.058 (index):1142 NODEACCESSREQUESTED_14
10:41:49.059 (index):1106 UPDATE_15
10:41:49.060 (index):1142 NODEACCESSREQUESTED_16
10:41:49.061 (index):1081 NODEACCESSRELEASED_17
10:41:49.061 (index):1136 ATTRIBUTEACCESSREQUESTED_18
10:41:49.062 (index):1081 NODEACCESSRELEASED_0
10:41:49.063 (index):1168 WAITING_1
10:41:49.063 (index):1081 NODEACCESSRELEASED_2
10:41:49.064 (index):1085 ATTRIBUTEACCESSRELEASED_3
10:41:49.065 (index):1106 UPDATE_4
10:41:49.066 (index):1081 NODEACCESSRELEASED_5
10:41:49.066 (index):1106 UPDATE_6
10:41:49.067 (index):1136 ATTRIBUTEACCESSREQUESTED_7
10:41:49.068 (index):1106 UPDATE_8
10:41:49.069 (index):1109 UPDATE_9
10:41:49.069 (index):1142 NODEACCESSREQUESTED_10
10:41:49.070 (index):1081 NODEACCESSRELEASED_11
10:41:49.071 (index):1106 UPDATE_12
10:41:49.071 (index):1168 WAITING_13
10:41:49.072 (index):1106 UPDATE_14
10:41:49.073 (index):1081 NODEACCESSRELEASED_15
10:41:49.073 (index):1106 UPDATE_16
10:41:49.074 (index):1142 NODEACCESSREQUESTED_17
10:41:49.075 (index):1168 WAITING_18
10:41:49.076 (index):1136 ATTRIBUTEACCESSREQUESTED_0
10:41:49.076 (index):1106 UPDATE_1
10:41:49.077 (index):1142 NODEACCESSREQUESTED_2
10:41:49.078 (index):1142 NODEACCESSREQUESTED_3
10:41:49.078 (index):1081 NODEACCESSRELEASED_4
10:41:49.079 (index):1136 ATTRIBUTEACCESSREQUESTED_5
10:41:49.080 (index):1081 NODEACCESSRELEASED_6
10:41:49.080 (index):1109 UPDATE_7
10:41:49.081 (index):1081 NODEACCESSRELEASED_8
10:41:49.082 (index):1085 ATTRIBUTEACCESSRELEASED_9
10:41:49.083 (index):1168 WAITING_10
10:41:49.083 (index):1142 NODEACCESSREQUESTED_11
10:41:49.084 (index):1081 NODEACCESSRELEASED_12
10:41:49.085 (index):1106 UPDATE_13
10:41:49.086 (index):1081 NODEACCESSRELEASED_14
10:41:49.086 (index):1136 ATTRIBUTEACCESSREQUESTED_15
10:41:49.087 (index):1081 NODEACCESSRELEASED_16
10:41:49.088 (index):1168 WAITING_17
10:41:49.089 (index):1109 UPDATE_18
10:41:49.089 (index):1109 UPDATE_0
10:41:49.090 (index):1081 NODEACCESSRELEASED_1
10:41:49.091 (index):1106 UPDATE_2
10:41:49.091 (index):1106 UPDATE_3
10:41:49.092 (index):1142 NODEACCESSREQUESTED_4
10:41:49.093 (index):1168 WAITING_5
10:41:49.094 (index):1142 NODEACCESSREQUESTED_6
10:41:49.094 (index):1085 ATTRIBUTEACCESSRELEASED_7
10:41:49.095 (index):1142 NODEACCESSREQUESTED_8
10:41:49.096 (index):1142 NODEACCESSREQUESTED_9
10:41:49.096 (index):1106 UPDATE_10
10:41:49.097 (index):1168 WAITING_11
10:41:49.098 (index):1142 NODEACCESSREQUESTED_12
10:41:49.099 (index):1081 NODEACCESSRELEASED_13
10:41:49.099 (index):1142 NODEACCESSREQUESTED_14
10:41:49.100 (index):1109 UPDATE_15
10:41:49.101 (index):1142 NODEACCESSREQUESTED_16
10:41:49.101 (index):1106 UPDATE_17
10:41:49.102 (index):1085 ATTRIBUTEACCESSRELEASED_18
10:41:49.103 (index):1085 ATTRIBUTEACCESSRELEASED_0
10:41:49.104 (index):1136 ATTRIBUTEACCESSREQUESTED_1
10:41:49.104 (index):1081 NODEACCESSRELEASED_2
10:41:49.105 (index):1081 NODEACCESSRELEASED_3
10:41:49.106 (index):1106 UPDATE_4
10:41:49.107 (index):1109 UPDATE_5
10:41:49.107 (index):1106 UPDATE_6
10:41:49.108 (index):1142 NODEACCESSREQUESTED_7
10:41:49.109 (index):1168 WAITING_8
10:41:49.109 (index):1106 UPDATE_9
10:41:49.110 (index):1081 NODEACCESSRELEASED_10
10:41:49.111 (index):1106 UPDATE_11
10:41:49.111 (index):1168 WAITING_12
10:41:49.112 (index):1136 ATTRIBUTEACCESSREQUESTED_13
10:41:49.113 (index):1168 WAITING_14
10:41:49.113 (index):1085 ATTRIBUTEACCESSRELEASED_15
10:41:49.114 (index):1106 UPDATE_16
10:41:49.115 (index):1081 NODEACCESSRELEASED_17
10:41:49.116 (index):1142 NODEACCESSREQUESTED_18
10:41:49.117 (index):1136 ATTRIBUTEACCESSREQUESTED_0
10:41:49.117 (index):1109 UPDATE_1
10:41:49.118 (index):1136 ATTRIBUTEACCESSREQUESTED_2
10:41:49.119 (index):1136 ATTRIBUTEACCESSREQUESTED_3
10:41:49.119 (index):1081 NODEACCESSRELEASED_4
10:41:49.120 (index):1085 ATTRIBUTEACCESSRELEASED_5
10:41:49.121 (index):1081 NODEACCESSRELEASED_6
10:41:49.122 (index):1106 UPDATE_7
10:41:49.122 (index):1168 WAITING_8
10:41:49.123 (index):1081 NODEACCESSRELEASED_9
10:41:49.124 (index):1142 NODEACCESSREQUESTED_10
10:41:49.125 (index):1081 NODEACCESSRELEASED_11
10:41:49.125 (index):1106 UPDATE_12
10:41:49.126 (index):1109 UPDATE_13
10:41:49.127 (index):1106 UPDATE_14
10:41:49.127 (index):1142 NODEACCESSREQUESTED_15
10:41:49.128 (index):1081 NODEACCESSRELEASED_16
10:41:49.129 (index):1142 NODEACCESSREQUESTED_17
10:41:49.129 (index):1106 UPDATE_18
10:41:49.130 (index):1109 UPDATE_0
10:41:49.131 (index):1085 ATTRIBUTEACCESSRELEASED_1
10:41:49.132 (index):1109 UPDATE_2
10:41:49.132 (index):1109 UPDATE_3
10:41:49.133 (index):1136 ATTRIBUTEACCESSREQUESTED_4
10:41:49.134 (index):1136 ATTRIBUTEACCESSREQUESTED_5
10:41:49.135 (index):1136 ATTRIBUTEACCESSREQUESTED_6
10:41:49.135 (index):1081 NODEACCESSRELEASED_7
10:41:49.136 (index):1168 WAITING_8
10:41:49.137 (index):1142 NODEACCESSREQUESTED_9
10:41:49.137 (index):1168 WAITING_10
10:41:49.138 (index):1136 ATTRIBUTEACCESSREQUESTED_11
10:41:49.139 (index):1081 NODEACCESSRELEASED_12
10:41:49.140 (index):1085 ATTRIBUTEACCESSRELEASED_13
10:41:49.140 (index):1081 NODEACCESSRELEASED_14
10:41:49.141 (index):1106 UPDATE_15
10:41:49.142 (index):1136 ATTRIBUTEACCESSREQUESTED_16
10:41:49.142 (index):1106 UPDATE_17
10:41:49.143 (index):1081 NODEACCESSRELEASED_18
10:41:49.144 (index):1085 ATTRIBUTEACCESSRELEASED_0
10:41:49.145 (index):1142 NODEACCESSREQUESTED_1
10:41:49.145 (index):1085 ATTRIBUTEACCESSRELEASED_2
10:41:49.146 (index):1085 ATTRIBUTEACCESSRELEASED_3
10:41:49.147 (index):1109 UPDATE_4
10:41:49.147 (index):1109 UPDATE_5
10:41:49.148 (index):1168 WAITING_6
10:41:49.149 (index):1142 NODEACCESSREQUESTED_7
10:41:49.150 (index):1106 UPDATE_8
10:41:49.150 (index):1106 UPDATE_9
10:41:49.151 (index):1106 UPDATE_10
10:41:49.152 (index):1168 WAITING_11
10:41:49.152 (index):1142 NODEACCESSREQUESTED_12
10:41:49.153 (index):1142 NODEACCESSREQUESTED_13
10:41:49.154 (index):1136 ATTRIBUTEACCESSREQUESTED_14
10:41:49.155 (index):1081 NODEACCESSRELEASED_15
10:41:49.155 (index):1109 UPDATE_16
10:41:49.156 (index):1081 NODEACCESSRELEASED_17
10:41:49.157 (index):1136 ATTRIBUTEACCESSREQUESTED_18
10:41:49.157 (index):1136 ATTRIBUTEACCESSREQUESTED_0
10:41:49.158 (index):1106 UPDATE_1
10:41:49.159 (index):1142 NODEACCESSREQUESTED_2
10:41:49.159 (index):1142 NODEACCESSREQUESTED_3
10:41:49.160 (index):1085 ATTRIBUTEACCESSRELEASED_4
10:41:49.161 (index):1085 ATTRIBUTEACCESSRELEASED_5
10:41:49.162 (index):1109 UPDATE_6
10:41:49.162 (index):1106 UPDATE_7
10:41:49.163 (index):1081 NODEACCESSRELEASED_8
10:41:49.164 (index):1081 NODEACCESSRELEASED_9
10:41:49.164 (index):1081 NODEACCESSRELEASED_10
10:41:49.165 (index):1168 WAITING_11
10:41:49.166 (index):1106 UPDATE_12
10:41:49.167 (index):1106 UPDATE_13
10:41:49.167 (index):1168 WAITING_14
10:41:49.168 (index):1136 ATTRIBUTEACCESSREQUESTED_15
10:41:49.169 (index):1085 ATTRIBUTEACCESSRELEASED_16
10:41:49.169 (index):1142 NODEACCESSREQUESTED_17
10:41:49.170 (index):1109 UPDATE_18
10:41:49.171 (index):1109 UPDATE_0
10:41:49.172 (index):1081 NODEACCESSRELEASED_1
10:41:49.172 (index):1106 UPDATE_2
10:41:49.173 (index):1106 UPDATE_3
10:41:49.174 (index):1142 NODEACCESSREQUESTED_4
10:41:49.174 (index):1142 NODEACCESSREQUESTED_5
10:41:49.175 (index):1085 ATTRIBUTEACCESSRELEASED_6
10:41:49.176 (index):1081 NODEACCESSRELEASED_7
10:41:49.177 (index):1136 ATTRIBUTEACCESSREQUESTED_8
10:41:49.177 (index):1142 NODEACCESSREQUESTED_9
10:41:49.178 (index):1142 NODEACCESSREQUESTED_10
10:41:49.179 (index):1109 UPDATE_11
10:41:49.179 (index):1081 NODEACCESSRELEASED_12
10:41:49.180 (index):1081 NODEACCESSRELEASED_13
10:41:49.181 (index):1109 UPDATE_14
10:41:49.182 (index):1109 UPDATE_15
10:41:49.182 (index):1142 NODEACCESSREQUESTED_16
10:41:49.183 (index):1106 UPDATE_17
10:41:49.184 (index):1085 ATTRIBUTEACCESSRELEASED_18
10:41:49.185 (index):1085 ATTRIBUTEACCESSRELEASED_0
10:41:49.185 (index):1136 ATTRIBUTEACCESSREQUESTED_1
10:41:49.186 (index):1081 NODEACCESSRELEASED_2
10:41:49.187 (index):1081 NODEACCESSRELEASED_3
10:41:49.188 (index):1106 UPDATE_4
10:41:49.188 (index):1106 UPDATE_5
10:41:49.189 (index):1136 ATTRIBUTEACCESSREQUESTED_6
10:41:49.190 (index):1142 NODEACCESSREQUESTED_7
10:41:49.248 (index):1168 WAITING_8
10:41:49.249 (index):1168 WAITING_9
10:41:49.250 (index):1106 UPDATE_10
10:41:49.250 (index):1085 ATTRIBUTEACCESSRELEASED_11
10:41:49.251 (index):1136 ATTRIBUTEACCESSREQUESTED_12
10:41:49.252 (index):1142 NODEACCESSREQUESTED_13
10:41:49.253 (index):1085 ATTRIBUTEACCESSRELEASED_14
10:41:49.253 (index):1085 ATTRIBUTEACCESSRELEASED_15
10:41:49.254 (index):1106 UPDATE_16
10:41:49.255 (index):1081 NODEACCESSRELEASED_17
10:41:49.256 (index):1136 ATTRIBUTEACCESSREQUESTED_18
10:41:49.256 (index):1142 NODEACCESSREQUESTED_0
10:41:49.257 (index):1109 UPDATE_1
10:41:49.258 (index):1142 NODEACCESSREQUESTED_2
10:41:49.258 (index):1142 NODEACCESSREQUESTED_3
10:41:49.259 (index):1081 NODEACCESSRELEASED_4
10:41:49.260 (index):1081 NODEACCESSRELEASED_5
10:41:49.261 (index):1109 UPDATE_6
10:41:49.261 (index):1106 UPDATE_7
10:41:49.262 (index):1109 UPDATE_8
10:41:49.263 (index):1106 UPDATE_9
10:41:49.264 (index):1081 NODEACCESSRELEASED_10
10:41:49.264 (index):1136 ATTRIBUTEACCESSREQUESTED_11
10:41:49.265 (index):1109 UPDATE_12
10:41:49.266 (index):1168 WAITING_13
10:41:49.267 (index):1136 ATTRIBUTEACCESSREQUESTED_14
10:41:49.267 (index):1136 ATTRIBUTEACCESSREQUESTED_15
10:41:49.268 (index):1081 NODEACCESSRELEASED_16
10:41:49.269 (index):1142 NODEACCESSREQUESTED_17
10:41:49.270 (index):1168 WAITING_18
10:41:49.270 (index):1168 WAITING_0
10:41:49.271 (index):1085 ATTRIBUTEACCESSRELEASED_1
10:41:49.272 (index):1106 UPDATE_2
10:41:49.272 (index):1106 UPDATE_3
10:41:49.273 (index):1142 NODEACCESSREQUESTED_4
10:41:49.274 (index):1136 ATTRIBUTEACCESSREQUESTED_5
10:41:49.275 (index):1085 ATTRIBUTEACCESSRELEASED_6
10:41:49.276 (index):1081 NODEACCESSRELEASED_7
10:41:49.276 (index):1085 ATTRIBUTEACCESSRELEASED_8
10:41:49.277 (index):1081 NODEACCESSRELEASED_9
10:41:49.278 (index):1142 NODEACCESSREQUESTED_10
10:41:49.279 (index):1168 WAITING_11
10:41:49.279 (index):1085 ATTRIBUTEACCESSRELEASED_12
10:41:49.280 (index):1168 WAITING_13
10:41:49.281 (index):1109 UPDATE_14
10:41:49.281 (index):1168 WAITING_15
10:41:49.282 (index):1142 NODEACCESSREQUESTED_16
10:41:49.283 (index):1106 UPDATE_17
10:41:49.283 (index):1109 UPDATE_18
10:41:49.284 (index):1106 UPDATE_0
10:41:49.285 (index):1136 ATTRIBUTEACCESSREQUESTED_1
10:41:49.285 (index):1081 NODEACCESSRELEASED_2
10:41:49.286 (index):1081 NODEACCESSRELEASED_3
10:41:49.287 (index):1106 UPDATE_4
10:41:49.287 (index):1109 UPDATE_5
10:41:49.288 (index):1142 NODEACCESSREQUESTED_6
10:41:49.289 (index):1142 NODEACCESSREQUESTED_7
10:41:49.290 (index):1142 NODEACCESSREQUESTED_8
10:41:49.290 (index):1136 ATTRIBUTEACCESSREQUESTED_9
10:41:49.291 (index):1168 WAITING_10
10:41:49.292 (index):1168 WAITING_11
10:41:49.293 (index):1142 NODEACCESSREQUESTED_12
10:41:49.293 (index):1168 WAITING_13
10:41:49.294 (index):1085 ATTRIBUTEACCESSRELEASED_14
10:41:49.295 (index):1168 WAITING_15
10:41:49.295 (index):1106 UPDATE_16
10:41:49.296 (index):1081 NODEACCESSRELEASED_17
10:41:49.297 (index):1085 ATTRIBUTEACCESSRELEASED_18
10:41:49.298 (index):1081 NODEACCESSRELEASED_0
10:41:49.298 (index):1168 WAITING_1
10:41:49.299 (index):1142 NODEACCESSREQUESTED_2
10:41:49.300 (index):1142 NODEACCESSREQUESTED_3
10:41:49.301 (index):1081 NODEACCESSRELEASED_4
10:41:49.301 (index):1085 ATTRIBUTEACCESSRELEASED_5
10:41:49.302 (index):1106 UPDATE_6
10:41:49.303 (index):1106 UPDATE_7
10:41:49.303 (index):1106 UPDATE_8
10:41:49.304 (index):1109 UPDATE_9
10:41:49.305 (index):1168 WAITING_10
10:41:49.306 (index):1109 UPDATE_11
10:41:49.306 (index):1168 WAITING_12
10:41:49.307 (index):1168 WAITING_13
10:41:49.308 (index):1142 NODEACCESSREQUESTED_14
10:41:49.308 (index):1168 WAITING_15
10:41:49.309 (index):1081 NODEACCESSRELEASED_16
10:41:49.310 (index):1136 ATTRIBUTEACCESSREQUESTED_17
10:41:49.310 (index):1142 NODEACCESSREQUESTED_18
10:41:49.311 (index):1136 ATTRIBUTEACCESSREQUESTED_0
10:41:49.312 (index):1109 UPDATE_1
10:41:49.313 (index):1168 WAITING_2
10:41:49.313 (index):1106 UPDATE_3
10:41:49.314 (index):1136 ATTRIBUTEACCESSREQUESTED_4
10:41:49.315 (index):1136 ATTRIBUTEACCESSREQUESTED_5
10:41:49.316 (index):1081 NODEACCESSRELEASED_6
10:41:49.316 (index):1081 NODEACCESSRELEASED_7
10:41:49.317 (index):1081 NODEACCESSRELEASED_8
10:41:49.318 (index):1085 ATTRIBUTEACCESSRELEASED_9
10:41:49.319 (index):1168 WAITING_10
10:41:49.319 (index):1085 ATTRIBUTEACCESSRELEASED_11
10:41:49.320 (index):1168 WAITING_12
10:41:49.321 (index):1168 WAITING_13
10:41:49.321 (index):1106 UPDATE_14
10:41:49.322 (index):1109 UPDATE_15
10:41:49.323 (index):1142 NODEACCESSREQUESTED_16
10:41:49.324 (index):1109 UPDATE_17
10:41:49.324 (index):1106 UPDATE_18
10:41:49.325 (index):1168 WAITING_0
10:41:49.326 (index):1085 ATTRIBUTEACCESSRELEASED_1
10:41:49.326 (index):1168 WAITING_2
10:41:49.327 (index):1081 NODEACCESSRELEASED_3
10:41:49.328 (index):1109 UPDATE_4
10:41:49.328 (index):1168 WAITING_5
10:41:49.329 (index):1142 NODEACCESSREQUESTED_6
10:41:49.330 (index):1142 NODEACCESSREQUESTED_7
10:41:49.331 (index):1142 NODEACCESSREQUESTED_8
10:41:49.331 (index):1142 NODEACCESSREQUESTED_9
10:41:49.332 (index):1168 WAITING_10
10:41:49.333 (index):1142 NODEACCESSREQUESTED_11
10:41:49.333 (index):1168 WAITING_12
10:41:49.334 (index):1168 WAITING_13
10:41:49.335 (index):1081 NODEACCESSRELEASED_14
10:41:49.336 (index):1085 ATTRIBUTEACCESSRELEASED_15
10:41:49.336 (index):1106 UPDATE_16
10:41:49.337 (index):1085 ATTRIBUTEACCESSRELEASED_17
10:41:49.338 (index):1081 NODEACCESSRELEASED_18
10:41:49.339 (index):1109 UPDATE_0
10:41:49.339 (index):1142 NODEACCESSREQUESTED_1
10:41:49.340 (index):1168 WAITING_2
10:41:49.341 (index):1136 ATTRIBUTEACCESSREQUESTED_3
10:41:49.341 (index):1085 ATTRIBUTEACCESSRELEASED_4
10:41:49.342 (index):1109 UPDATE_5
10:41:49.343 (index):1106 UPDATE_6
10:41:49.344 (index):1168 WAITING_7
10:41:49.344 (index):1106 UPDATE_8
10:41:49.345 (index):1106 UPDATE_9
10:41:49.346 (index):1168 WAITING_10
10:41:49.346 (index):1106 UPDATE_11
10:41:49.347 (index):1168 WAITING_12
10:41:49.348 (index):1168 WAITING_13
10:41:49.348 (index):1142 NODEACCESSREQUESTED_14
10:41:49.349 (index):1142 NODEACCESSREQUESTED_15
10:41:49.350 (index):1081 NODEACCESSRELEASED_16
10:41:49.351 (index):1142 NODEACCESSREQUESTED_17
10:41:49.351 (index):1142 NODEACCESSREQUESTED_18
10:41:49.352 (index):1085 ATTRIBUTEACCESSRELEASED_0
10:41:49.353 (index):1106 UPDATE_1
10:41:49.354 (index):1168 WAITING_2
10:41:49.354 (index):1109 UPDATE_3
10:41:49.355 (index):1142 NODEACCESSREQUESTED_4
10:41:49.356 (index):1085 ATTRIBUTEACCESSRELEASED_5
10:41:49.356 (index):1081 NODEACCESSRELEASED_6
10:41:49.357 (index):1106 UPDATE_7
10:41:49.358 (index):1081 NODEACCESSRELEASED_8
10:41:49.359 (index):1081 NODEACCESSRELEASED_9
10:41:49.359 (index):1168 WAITING_10
10:41:49.360 (index):1081 NODEACCESSRELEASED_11
10:41:49.361 (index):1168 WAITING_12
10:41:49.361 (index):1168 WAITING_13
10:41:49.362 (index):1168 WAITING_14
10:41:49.363 (index):1106 UPDATE_15
10:41:49.364 (index):1136 ATTRIBUTEACCESSREQUESTED_16
10:41:49.364 (index):1168 WAITING_17
10:41:49.365 (index):1106 UPDATE_18
10:41:49.366 (index):1136 ATTRIBUTEACCESSREQUESTED_0
10:41:49.367 (index):1081 NODEACCESSRELEASED_1
10:41:49.367 (index):1168 WAITING_2
10:41:49.368 (index):1085 ATTRIBUTEACCESSRELEASED_3
10:41:49.369 (index):1106 UPDATE_4
10:41:49.369 (index):1142 NODEACCESSREQUESTED_5
10:41:49.370 (index):1136 ATTRIBUTEACCESSREQUESTED_6
10:41:49.371 (index):1081 NODEACCESSRELEASED_7
10:41:49.372 (index):1142 NODEACCESSREQUESTED_8
10:41:49.372 (index):1142 NODEACCESSREQUESTED_9
10:41:49.373 (index):1168 WAITING_10
10:41:49.374 (index):1136 ATTRIBUTEACCESSREQUESTED_11
10:41:49.375 (index):1168 WAITING_12
10:41:49.375 (index):1168 WAITING_13
10:41:49.376 (index):1106 UPDATE_14
10:41:49.377 (index):1081 NODEACCESSRELEASED_15
10:41:49.377 (index):1109 UPDATE_16
10:41:49.378 (index):1168 WAITING_17
10:41:49.379 (index):1081 NODEACCESSRELEASED_18
10:41:49.380 (index):1109 UPDATE_0
10:41:49.380 (index):1142 NODEACCESSREQUESTED_1
10:41:49.381 (index):1168 WAITING_2
10:41:49.381 (index):1142 NODEACCESSREQUESTED_3
10:41:49.382 (index):1081 NODEACCESSRELEASED_4
10:41:49.383 (index):1106 UPDATE_5
10:41:49.383 (index):1109 UPDATE_6
10:41:49.384 (index):1136 ATTRIBUTEACCESSREQUESTED_7
10:41:49.385 (index):1168 WAITING_8
10:41:49.385 (index):1106 UPDATE_9
10:41:49.386 (index):1168 WAITING_10
10:41:49.387 (index):1168 WAITING_11
10:41:49.388 (index):1168 WAITING_12
10:41:49.388 (index):1168 WAITING_13
10:41:49.389 (index):1081 NODEACCESSRELEASED_14
10:41:49.390 (index):1136 ATTRIBUTEACCESSREQUESTED_15
10:41:49.390 (index):1085 ATTRIBUTEACCESSRELEASED_16
10:41:49.391 (index):1168 WAITING_17
10:41:49.392 (index):1142 NODEACCESSREQUESTED_18
10:41:49.393 (index):1085 ATTRIBUTEACCESSRELEASED_0
10:41:49.393 (index):1106 UPDATE_1
10:41:49.394 (index):1168 WAITING_2
10:41:49.395 (index):1106 UPDATE_3
10:41:49.395 (index):1142 NODEACCESSREQUESTED_4
10:41:49.396 (index):1081 NODEACCESSRELEASED_5
10:41:49.397 (index):1085 ATTRIBUTEACCESSRELEASED_6
10:41:49.398 (index):1168 WAITING_7
10:41:49.398 (index):1106 UPDATE_8
10:41:49.399 (index):1081 NODEACCESSRELEASED_9
10:41:49.400 (index):1168 WAITING_10
10:41:49.401 (index):1109 UPDATE_11
10:41:49.401 (index):1168 WAITING_12
10:41:49.402 (index):1168 WAITING_13
10:41:49.403 (index):1142 NODEACCESSREQUESTED_14
10:41:49.403 (index):1109 UPDATE_15
10:41:49.404 (index):1142 NODEACCESSREQUESTED_16
10:41:49.405 (index):1168 WAITING_17
10:41:49.405 (index):1106 UPDATE_18
10:41:49.406 (index):1142 NODEACCESSREQUESTED_0
10:41:49.407 (index):1081 NODEACCESSRELEASED_1
10:41:49.408 (index):1168 WAITING_2
10:41:49.408 (index):1081 NODEACCESSRELEASED_3
10:41:49.409 (index):1106 UPDATE_4
10:41:49.410 (index):1142 NODEACCESSREQUESTED_5
10:41:49.410 (index):1142 NODEACCESSREQUESTED_6
10:41:49.411 (index):1168 WAITING_7
10:41:49.412 (index):1081 NODEACCESSRELEASED_8
10:41:49.413 (index):1136 ATTRIBUTEACCESSREQUESTED_9
10:41:49.413 (index):1168 WAITING_10
10:41:49.414 (index):1085 ATTRIBUTEACCESSRELEASED_11
10:41:49.415 (index):1168 WAITING_12
10:41:49.416 (index):1168 WAITING_13
10:41:49.416 (index):1106 UPDATE_14
10:41:49.417 (index):1085 ATTRIBUTEACCESSRELEASED_15
10:41:49.418 (index):1106 UPDATE_16
10:41:49.418 (index):1168 WAITING_17
10:41:49.419 (index):1081 NODEACCESSRELEASED_18
10:41:49.420 (index):1106 UPDATE_0
10:41:49.421 (index):1142 NODEACCESSREQUESTED_1
10:41:49.421 (index):1168 WAITING_2
10:41:49.422 (index):1136 ATTRIBUTEACCESSREQUESTED_3
10:41:49.423 (index):1081 NODEACCESSRELEASED_4
10:41:49.423 (index):1106 UPDATE_5
10:41:49.424 (index):1168 WAITING_6
10:41:49.425 (index):1109 UPDATE_7
10:41:49.425 (index):1136 ATTRIBUTEACCESSREQUESTED_8
10:41:49.426 (index):1168 WAITING_9
10:41:49.427 (index):1168 WAITING_10
10:41:49.427 (index):1142 NODEACCESSREQUESTED_11
10:41:49.428 (index):1168 WAITING_12
10:41:49.429 (index):1168 WAITING_13
10:41:49.430 (index):1081 NODEACCESSRELEASED_14
10:41:49.430 (index):1142 NODEACCESSREQUESTED_15
10:41:49.431 (index):1081 NODEACCESSRELEASED_16
10:41:49.432 (index):1168 WAITING_17
10:41:49.433 (index):1136 ATTRIBUTEACCESSREQUESTED_18
10:41:49.433 (index):1081 NODEACCESSRELEASED_0
10:41:49.434 (index):1168 WAITING_1
10:41:49.435 (index):1168 WAITING_2
10:41:49.435 (index):1109 UPDATE_3
10:41:49.436 (index):1142 NODEACCESSREQUESTED_4
10:41:49.437 (index):1081 NODEACCESSRELEASED_5
10:41:49.438 (index):1106 UPDATE_6
10:41:49.438 (index):1085 ATTRIBUTEACCESSRELEASED_7
10:41:49.439 (index):1109 UPDATE_8
10:41:49.440 (index):1109 UPDATE_9
10:41:49.440 (index):1168 WAITING_10
10:41:49.441 (index):1168 WAITING_11
10:41:49.442 (index):1168 WAITING_12
10:41:49.442 (index):1168 WAITING_13
10:41:49.443 (index):1136 ATTRIBUTEACCESSREQUESTED_14
10:41:49.444 (index):1106 UPDATE_15
10:41:49.444 (index):1136 ATTRIBUTEACCESSREQUESTED_16
10:41:49.445 (index):1168 WAITING_17
10:41:49.446 (index):1109 UPDATE_18
10:41:49.447 (index):1142 NODEACCESSREQUESTED_0
10:41:49.447 (index):1168 WAITING_1
10:41:49.448 (index):1168 WAITING_2
10:41:49.449 (index):1085 ATTRIBUTEACCESSRELEASED_3
10:41:49.449 (index):1168 WAITING_4
10:41:49.450 (index):1136 ATTRIBUTEACCESSREQUESTED_5
10:41:49.451 (index):1081 NODEACCESSRELEASED_6
10:41:49.451 (index):1142 NODEACCESSREQUESTED_7
10:41:49.452 (index):1085 ATTRIBUTEACCESSRELEASED_8
10:41:49.452 (index):1085 ATTRIBUTEACCESSRELEASED_9
10:41:49.453 (index):1168 WAITING_10
10:41:49.454 (index):1168 WAITING_11
10:41:49.454 (index):1168 WAITING_12
10:41:49.455 (index):1168 WAITING_13
10:41:49.455 (index):1109 UPDATE_14
10:41:49.456 (index):1081 NODEACCESSRELEASED_15
10:41:49.456 (index):1168 WAITING_16
10:41:49.456 (index):1168 WAITING_17
10:41:49.457 (index):1085 ATTRIBUTEACCESSRELEASED_18
10:41:49.457 (index):1106 UPDATE_0
10:41:49.458 (index):1168 WAITING_1
10:41:49.458 (index):1168 WAITING_2
10:41:49.459 (index):1136 ATTRIBUTEACCESSREQUESTED_3
10:41:49.459 (index):1168 WAITING_4
10:41:49.460 (index):1109 UPDATE_5
10:41:49.460 (index):1142 NODEACCESSREQUESTED_6
10:41:49.461 (index):1106 UPDATE_7
10:41:49.461 (index):1136 ATTRIBUTEACCESSREQUESTED_8
10:41:49.461 (index):1142 NODEACCESSREQUESTED_9
10:41:49.462 (index):1168 WAITING_10
10:41:49.462 (index):1168 WAITING_11
10:41:49.463 (index):1168 WAITING_12
10:41:49.463 (index):1168 WAITING_13
10:41:49.464 (index):1085 ATTRIBUTEACCESSRELEASED_14
10:41:49.464 (index):1142 NODEACCESSREQUESTED_15
10:41:49.465 (index):1109 UPDATE_16
10:41:49.466 (index):1168 WAITING_17
10:41:49.466 (index):1136 ATTRIBUTEACCESSREQUESTED_18
10:41:49.467 (index):1081 NODEACCESSRELEASED_0
10:41:49.467 (index):1168 WAITING_1
10:41:49.468 (index):1168 WAITING_2
10:41:49.468 (index):1109 UPDATE_3
10:41:49.469 (index):1168 WAITING_4
10:41:49.469 (index):1085 ATTRIBUTEACCESSRELEASED_5
10:41:49.469 (index):1106 UPDATE_6
10:41:49.470 (index):1081 NODEACCESSRELEASED_7
10:41:49.470 (index):1168 WAITING_8
10:41:49.471 (index):1106 UPDATE_9
10:41:49.471 (index):1168 WAITING_10
10:41:49.472 (index):1168 WAITING_11
10:41:49.472 (index):1168 WAITING_12
10:41:49.473 (index):1168 WAITING_13
10:41:49.473 (index):1142 NODEACCESSREQUESTED_14
10:41:49.473 (index):1106 UPDATE_15
10:41:49.474 (index):1085 ATTRIBUTEACCESSRELEASED_16
10:41:49.474 (index):1168 WAITING_17
10:41:49.475 (index):1109 UPDATE_18
10:41:49.475 (index):1136 ATTRIBUTEACCESSREQUESTED_0
10:41:49.476 (index):1168 WAITING_1
10:41:49.476 (index):1168 WAITING_2
10:41:49.477 (index):1085 ATTRIBUTEACCESSRELEASED_3
10:41:49.477 (index):1168 WAITING_4
10:41:49.477 (index):1142 NODEACCESSREQUESTED_5
10:41:49.478 (index):1081 NODEACCESSRELEASED_6
10:41:49.478 (index):1142 NODEACCESSREQUESTED_7
10:41:49.479 (index):1109 UPDATE_8
10:41:49.479 (index):1081 NODEACCESSRELEASED_9
10:41:49.480 (index):1168 WAITING_10
10:41:49.481 (index):1168 WAITING_11
10:41:49.481 (index):1168 WAITING_12
10:41:49.482 (index):1168 WAITING_13
10:41:49.482 (index):1106 UPDATE_14
10:41:49.483 (index):1081 NODEACCESSRELEASED_15
10:41:49.484 (index):1136 ATTRIBUTEACCESSREQUESTED_16
10:41:49.484 (index):1168 WAITING_17
10:41:49.485 (index):1085 ATTRIBUTEACCESSRELEASED_18
10:41:49.485 (index):1109 UPDATE_0
10:41:49.486 (index):1168 WAITING_1
10:41:49.486 (index):1168 WAITING_2
10:41:49.486 (index):1136 ATTRIBUTEACCESSREQUESTED_3
10:41:49.487 (index):1168 WAITING_4
10:41:49.487 (index):1106 UPDATE_5
10:41:49.488 (index):1136 ATTRIBUTEACCESSREQUESTED_6
10:41:49.488 (index):1106 UPDATE_7
10:41:49.489 (index):1085 ATTRIBUTEACCESSRELEASED_8
10:41:49.489 (index):1142 NODEACCESSREQUESTED_9
10:41:49.490 (index):1168 WAITING_10
10:41:49.490 (index):1168 WAITING_11
10:41:49.490 (index):1168 WAITING_12
10:41:49.491 (index):1168 WAITING_13
10:41:49.491 (index):1081 NODEACCESSRELEASED_14
10:41:49.492 (index):1142 NODEACCESSREQUESTED_15
10:41:49.492 (index):1168 WAITING_16
10:41:49.493 (index):1168 WAITING_17
10:41:49.493 (index):1142 NODEACCESSREQUESTED_18
10:41:49.494 (index):1085 ATTRIBUTEACCESSRELEASED_0
10:41:49.494 (index):1168 WAITING_1
10:41:49.494 (index):1168 WAITING_2
10:41:49.495 (index):1109 UPDATE_3
10:41:49.495 (index):1168 WAITING_4
10:41:49.496 (index):1081 NODEACCESSRELEASED_5
10:41:49.496 (index):1168 WAITING_6
10:41:49.497 (index):1081 NODEACCESSRELEASED_7
10:41:49.497 (index):1142 NODEACCESSREQUESTED_8
10:41:49.498 (index):1106 UPDATE_9
10:41:49.498 (index):1168 WAITING_10
10:41:49.499 (index):1168 WAITING_11
10:41:49.499 (index):1168 WAITING_12
10:41:49.500 (index):1168 WAITING_13
10:41:49.500 (index):1142 NODEACCESSREQUESTED_14
10:41:49.501 (index):1106 UPDATE_15
10:41:49.501 (index):1109 UPDATE_16
10:41:49.502 (index):1168 WAITING_17
10:41:49.502 (index):1106 UPDATE_18
10:41:49.503 (index):1142 NODEACCESSREQUESTED_0
10:41:49.503 (index):1168 WAITING_1
10:41:49.503 (index):1168 WAITING_2
10:41:49.504 (index):1179 END_3
10:41:49.504 (index):1168 WAITING_4
10:41:49.505 (index):1142 NODEACCESSREQUESTED_5
10:41:49.505 (index):1168 WAITING_6
10:41:49.506 (index):1142 NODEACCESSREQUESTED_7
10:41:49.506 (index):1106 UPDATE_8
10:41:49.507 (index):1081 NODEACCESSRELEASED_9
10:41:49.507 (index):1168 WAITING_10
10:41:49.508 (index):1168 WAITING_11
10:41:49.508 (index):1168 WAITING_12
10:41:49.508 (index):1168 WAITING_13
10:41:49.509 (index):1168 WAITING_14
10:41:49.509 (index):1081 NODEACCESSRELEASED_15
10:41:49.510 (index):1085 ATTRIBUTEACCESSRELEASED_16
10:41:49.510 (index):1168 WAITING_17
10:41:49.511 (index):1081 NODEACCESSRELEASED_18
10:41:49.511 (index):1168 WAITING_0
10:41:49.512 (index):1168 WAITING_1
10:41:49.512 (index):1168 WAITING_2
10:41:49.512 (index):1168 WAITING_4
10:41:49.513 (index):1106 UPDATE_5
10:41:49.513 (index):1109 UPDATE_6
10:41:49.514 (index):1106 UPDATE_7
10:41:49.514 (index):1081 NODEACCESSRELEASED_8
10:41:49.515 (index):1136 ATTRIBUTEACCESSREQUESTED_9
10:41:49.515 (index):1168 WAITING_10
10:41:49.516 (index):1168 WAITING_11
10:41:49.516 (index):1168 WAITING_12
10:41:49.517 (index):1168 WAITING_13
10:41:49.517 (index):1106 UPDATE_14
10:41:49.517 (index):1136 ATTRIBUTEACCESSREQUESTED_15
10:41:49.518 (index):1142 NODEACCESSREQUESTED_16
10:41:49.518 (index):1168 WAITING_17
10:41:49.519 (index):1136 ATTRIBUTEACCESSREQUESTED_18
10:41:49.519 (index):1168 WAITING_0
10:41:49.520 (index):1168 WAITING_1
10:41:49.520 (index):1168 WAITING_2
10:41:49.521 (index):1168 WAITING_4
10:41:49.521 (index):1179 END_5
10:41:49.522 (index):1085 ATTRIBUTEACCESSRELEASED_6
10:41:49.522 (index):1081 NODEACCESSRELEASED_7
10:41:49.522 (index):1142 NODEACCESSREQUESTED_8
10:41:49.523 (index):1109 UPDATE_9
10:41:49.523 (index):1168 WAITING_10
10:41:49.524 (index):1168 WAITING_11
10:41:49.524 (index):1168 WAITING_12
10:41:49.525 (index):1168 WAITING_13
10:41:49.525 (index):1081 NODEACCESSRELEASED_14
10:41:49.526 (index):1168 WAITING_15
10:41:49.526 (index):1106 UPDATE_16
10:41:49.526 (index):1168 WAITING_17
10:41:49.527 (index):1109 UPDATE_18
10:41:49.527 (index):1168 WAITING_0
10:41:49.528 (index):1168 WAITING_1
10:41:49.528 (index):1168 WAITING_2
10:41:49.528 (index):1168 WAITING_4
10:41:49.529 (index):1142 NODEACCESSREQUESTED_6
10:41:49.529 (index):1142 NODEACCESSREQUESTED_7
10:41:49.530 (index):1106 UPDATE_8
10:41:49.530 (index):1179 END_9
10:41:49.531 (index):1168 WAITING_10
10:41:49.531 (index):1168 WAITING_11
10:41:49.532 (index):1168 WAITING_12
10:41:49.532 (index):1168 WAITING_13
10:41:49.533 (index):1142 NODEACCESSREQUESTED_14
10:41:49.533 (index):1109 UPDATE_15
10:41:49.533 (index):1179 END_16
10:41:49.534 (index):1168 WAITING_17
10:41:49.534 (index):1179 END_18
10:41:49.535 (index):1168 WAITING_0
10:41:49.535 (index):1168 WAITING_1
10:41:49.536 (index):1168 WAITING_2
10:41:49.536 (index):1168 WAITING_4
10:41:49.537 (index):1106 UPDATE_6
10:41:49.537 (index):1106 UPDATE_7
10:41:49.538 (index):1081 NODEACCESSRELEASED_8
10:41:49.538 (index):1168 WAITING_10
10:41:49.538 (index):1168 WAITING_11
10:41:49.539 (index):1168 WAITING_12
10:41:49.539 (index):1168 WAITING_13
10:41:49.540 (index):1168 WAITING_14
10:41:49.540 (index):1179 END_15
10:41:49.541 (index):1168 WAITING_17
10:41:49.541 (index):1168 WAITING_0
10:41:49.542 (index):1168 WAITING_1
10:41:49.542 (index):1168 WAITING_2
10:41:49.542 (index):1168 WAITING_4
10:41:49.543 (index):1179 END_6
10:41:49.543 (index):1179 END_7
10:41:49.544 (index):1142 NODEACCESSREQUESTED_8
10:41:49.544 (index):1168 WAITING_10
10:41:49.545 (index):1168 WAITING_11
10:41:49.545 (index):1168 WAITING_12
10:41:49.546 (index):1106 UPDATE_13
10:41:49.546 (index):1168 WAITING_14
10:41:49.547 (index):1168 WAITING_17
10:41:49.548 (index):1168 WAITING_0
10:41:49.548 (index):1168 WAITING_1
10:41:49.548 (index):1168 WAITING_2
10:41:49.549 (index):1168 WAITING_4
10:41:49.549 (index):1168 WAITING_8
10:41:49.550 (index):1168 WAITING_10
10:41:49.550 (index):1168 WAITING_11
10:41:49.551 (index):1168 WAITING_12
10:41:49.551 (index):1081 NODEACCESSRELEASED_13
10:41:49.552 (index):1168 WAITING_14
10:41:49.552 (index):1168 WAITING_17
10:41:49.553 (index):1168 WAITING_0
10:41:49.553 (index):1168 WAITING_1
10:41:49.554 (index):1168 WAITING_2
10:41:49.554 (index):1168 WAITING_4
10:41:49.554 (index):1168 WAITING_8
10:41:49.555 (index):1106 UPDATE_10
10:41:49.555 (index):1168 WAITING_11
10:41:49.556 (index):1168 WAITING_12
10:41:49.556 (index):1142 NODEACCESSREQUESTED_13
10:41:49.557 (index):1168 WAITING_14
10:41:49.557 (index):1168 WAITING_17
10:41:49.557 (index):1168 WAITING_0
10:41:49.558 (index):1168 WAITING_1
10:41:49.558 (index):1168 WAITING_2
10:41:49.559 (index):1168 WAITING_4
10:41:49.559 (index):1168 WAITING_8
10:41:49.560 (index):1081 NODEACCESSRELEASED_10
10:41:49.560 (index):1168 WAITING_11
10:41:49.561 (index):1106 UPDATE_12
10:41:49.561 (index):1168 WAITING_13
10:41:49.561 (index):1168 WAITING_14
10:41:49.562 (index):1168 WAITING_17
10:41:49.563 (index):1168 WAITING_0
10:41:49.563 (index):1168 WAITING_1
10:41:49.564 (index):1168 WAITING_2
10:41:49.564 (index):1168 WAITING_4
10:41:49.565 (index):1168 WAITING_8
10:41:49.565 (index):1142 NODEACCESSREQUESTED_10
10:41:49.565 (index):1168 WAITING_11
10:41:49.566 (index):1081 NODEACCESSRELEASED_12
10:41:49.567 (index):1168 WAITING_13
10:41:49.567 (index):1168 WAITING_14
10:41:49.567 (index):1168 WAITING_17
10:41:49.568 (index):1168 WAITING_0
10:41:49.568 (index):1168 WAITING_1
10:41:49.569 (index):1106 UPDATE_2
10:41:49.569 (index):1168 WAITING_4
10:41:49.570 (index):1168 WAITING_8
10:41:49.570 (index):1168 WAITING_10
10:41:49.570 (index):1168 WAITING_11
10:41:49.571 (index):1136 ATTRIBUTEACCESSREQUESTED_12
10:41:49.571 (index):1168 WAITING_13
10:41:49.572 (index):1168 WAITING_14
10:41:49.572 (index):1168 WAITING_17
10:41:49.573 (index):1168 WAITING_0
10:41:49.573 (index):1168 WAITING_1
10:41:49.574 (index):1081 NODEACCESSRELEASED_2
10:41:49.574 (index):1168 WAITING_4
10:41:49.574 (index):1168 WAITING_8
10:41:49.575 (index):1168 WAITING_10
10:41:49.575 (index):1168 WAITING_11
10:41:49.576 (index):1109 UPDATE_12
10:41:49.576 (index):1168 WAITING_13
10:41:49.577 (index):1168 WAITING_14
10:41:49.577 (index):1106 UPDATE_17
10:41:49.577 (index):1168 WAITING_0
10:41:49.578 (index):1168 WAITING_1
10:41:49.578 (index):1136 ATTRIBUTEACCESSREQUESTED_2
10:41:49.579 (index):1168 WAITING_4
10:41:49.579 (index):1168 WAITING_8
10:41:49.580 (index):1168 WAITING_10
10:41:49.581 (index):1168 WAITING_11
10:41:49.581 (index):1085 ATTRIBUTEACCESSRELEASED_12
10:41:49.582 (index):1168 WAITING_13
10:41:49.583 (index):1168 WAITING_14
10:41:49.583 (index):1081 NODEACCESSRELEASED_17
10:41:49.583 (index):1168 WAITING_0
10:41:49.584 (index):1168 WAITING_1
10:41:49.584 (index):1109 UPDATE_2
10:41:49.585 (index):1168 WAITING_4
