12:34:54.033 (index):1299 Tasks: 25; Collaborators: 12    =========================>
12:34:54.033 (index):1016 NODEACCESSREQUESTED_0
12:34:54.034 (index):1016 NODEACCESSREQUESTED_1
12:34:54.034 (index):1010 ATTRIBUTEACCESSREQUESTED_2
12:34:54.035 (index):1010 ATTRIBUTEACCESSREQUESTED_3
12:34:54.035 (index):1016 NODEACCESSREQUESTED_4
12:34:54.036 (index):1016 NODEACCESSREQUESTED_5
12:34:54.036 (index):1016 NODEACCESSREQUESTED_6
12:34:54.036 (index):1016 NODEACCESSREQUESTED_7
12:34:54.037 (index):1016 NODEACCESSREQUESTED_8
12:34:54.037 (index):1016 NODEACCESSREQUESTED_9
12:34:54.038 (index):1010 ATTRIBUTEACCESSREQUESTED_10
12:34:54.038 (index):1016 NODEACCESSREQUESTED_11
12:34:54.039 (index):955 NODEACCESSRELEASED_0
12:34:54.039 (index):955 NODEACCESSRELEASED_1
12:34:54.040 (index):959 ATTRIBUTEACCESSRELEASED_2
12:34:54.040 (index):959 ATTRIBUTEACCESSRELEASED_3
12:34:54.040 (index):955 NODEACCESSRELEASED_4
12:34:54.041 (index):955 NODEACCESSRELEASED_5
12:34:54.041 (index):955 NODEACCESSRELEASED_6
12:34:54.042 (index):955 NODEACCESSRELEASED_7
12:34:54.042 (index):955 NODEACCESSRELEASED_8
12:34:54.043 (index):955 NODEACCESSRELEASED_9
12:34:54.043 (index):959 ATTRIBUTEACCESSRELEASED_10
12:34:54.044 (index):955 NODEACCESSRELEASED_11
12:34:54.044 (index):1016 NODEACCESSREQUESTED_0
12:34:54.044 (index):1016 NODEACCESSREQUESTED_1
12:34:54.045 (index):1010 ATTRIBUTEACCESSREQUESTED_2
12:34:54.045 (index):1010 ATTRIBUTEACCESSREQUESTED_3
12:34:54.046 (index):1016 NODEACCESSREQUESTED_4
12:34:54.046 (index):1016 NODEACCESSREQUESTED_5
12:34:54.047 (index):1016 NODEACCESSREQUESTED_6
12:34:54.047 (index):1016 NODEACCESSREQUESTED_7
12:34:54.047 (index):1016 NODEACCESSREQUESTED_8
12:34:54.048 (index):1016 NODEACCESSREQUESTED_9
12:34:54.048 (index):1010 ATTRIBUTEACCESSREQUESTED_10
12:34:54.049 (index):1016 NODEACCESSREQUESTED_11
12:34:54.049 (index):980 UPDATE_0
12:34:54.050 (index):980 UPDATE_1
12:34:54.050 (index):983 UPDATE_2
12:34:54.050 (index):983 UPDATE_3
12:34:54.051 (index):980 UPDATE_4
12:34:54.051 (index):980 UPDATE_5
12:34:54.052 (index):980 UPDATE_6
12:34:54.053 (index):1042 WAITING_7
12:34:54.053 (index):980 UPDATE_8
12:34:54.054 (index):1042 WAITING_9
12:34:54.054 (index):983 UPDATE_10
12:34:54.055 (index):1042 WAITING_11
12:34:54.055 (index):955 NODEACCESSRELEASED_0
12:34:54.056 (index):955 NODEACCESSRELEASED_1
12:34:54.056 (index):959 ATTRIBUTEACCESSRELEASED_2
12:34:54.056 (index):959 ATTRIBUTEACCESSRELEASED_3
12:34:54.057 (index):955 NODEACCESSRELEASED_4
12:34:54.057 (index):955 NODEACCESSRELEASED_5
12:34:54.058 (index):955 NODEACCESSRELEASED_6
12:34:54.058 (index):1042 WAITING_7
12:34:54.059 (index):955 NODEACCESSRELEASED_8
12:34:54.059 (index):980 UPDATE_9
12:34:54.060 (index):959 ATTRIBUTEACCESSRELEASED_10
12:34:54.060 (index):1042 WAITING_11
12:34:54.060 (index):1016 NODEACCESSREQUESTED_0
12:34:54.061 (index):1016 NODEACCESSREQUESTED_1
12:34:54.061 (index):1016 NODEACCESSREQUESTED_2
12:34:54.062 (index):1016 NODEACCESSREQUESTED_3
12:34:54.062 (index):1010 ATTRIBUTEACCESSREQUESTED_4
12:34:54.063 (index):1010 ATTRIBUTEACCESSREQUESTED_5
12:34:54.063 (index):1016 NODEACCESSREQUESTED_6
12:34:54.064 (index):1042 WAITING_7
12:34:54.064 (index):1016 NODEACCESSREQUESTED_8
12:34:54.064 (index):955 NODEACCESSRELEASED_9
12:34:54.065 (index):1010 ATTRIBUTEACCESSREQUESTED_10
12:34:54.065 (index):980 UPDATE_11
12:34:54.066 (index):980 UPDATE_0
12:34:54.066 (index):1042 WAITING_1
12:34:54.067 (index):980 UPDATE_2
12:34:54.067 (index):1042 WAITING_3
12:34:54.067 (index):983 UPDATE_4
12:34:54.068 (index):983 UPDATE_5
12:34:54.068 (index):980 UPDATE_6
12:34:54.069 (index):1042 WAITING_7
12:34:54.069 (index):980 UPDATE_8
12:34:54.070 (index):1016 NODEACCESSREQUESTED_9
12:34:54.070 (index):1042 WAITING_10
12:34:54.070 (index):955 NODEACCESSRELEASED_11
12:34:54.071 (index):955 NODEACCESSRELEASED_0
12:34:54.071 (index):980 UPDATE_1
12:34:54.072 (index):955 NODEACCESSRELEASED_2
12:34:54.072 (index):1042 WAITING_3
12:34:54.073 (index):959 ATTRIBUTEACCESSRELEASED_4
12:34:54.073 (index):959 ATTRIBUTEACCESSRELEASED_5
12:34:54.074 (index):955 NODEACCESSRELEASED_6
12:34:54.074 (index):1042 WAITING_7
12:34:54.074 (index):955 NODEACCESSRELEASED_8
12:34:54.075 (index):980 UPDATE_9
12:34:54.075 (index):983 UPDATE_10
12:34:54.076 (index):1010 ATTRIBUTEACCESSREQUESTED_11
12:34:54.076 (index):1016 NODEACCESSREQUESTED_0
12:34:54.077 (index):955 NODEACCESSRELEASED_1
12:34:54.077 (index):1016 NODEACCESSREQUESTED_2
12:34:54.077 (index):980 UPDATE_3
12:34:54.078 (index):1016 NODEACCESSREQUESTED_4
12:34:54.078 (index):1016 NODEACCESSREQUESTED_5
12:34:54.079 (index):1016 NODEACCESSREQUESTED_6
12:34:54.079 (index):1042 WAITING_7
12:34:54.080 (index):1016 NODEACCESSREQUESTED_8
12:34:54.080 (index):955 NODEACCESSRELEASED_9
12:34:54.081 (index):959 ATTRIBUTEACCESSRELEASED_10
12:34:54.081 (index):983 UPDATE_11
12:34:54.081 (index):980 UPDATE_0
12:34:54.082 (index):1016 NODEACCESSREQUESTED_1
12:34:54.082 (index):980 UPDATE_2
12:34:54.083 (index):955 NODEACCESSRELEASED_3
12:34:54.083 (index):980 UPDATE_4
12:34:54.084 (index):980 UPDATE_5
12:34:54.084 (index):1042 WAITING_6
12:34:54.085 (index):1042 WAITING_7
12:34:54.085 (index):980 UPDATE_8
12:34:54.085 (index):1010 ATTRIBUTEACCESSREQUESTED_9
12:34:54.086 (index):1016 NODEACCESSREQUESTED_10
12:34:54.086 (index):959 ATTRIBUTEACCESSRELEASED_11
12:34:54.087 (index):955 NODEACCESSRELEASED_0
12:34:54.087 (index):1042 WAITING_1
12:34:54.088 (index):955 NODEACCESSRELEASED_2
12:34:54.088 (index):1010 ATTRIBUTEACCESSREQUESTED_3
12:34:54.088 (index):955 NODEACCESSRELEASED_4
12:34:54.089 (index):955 NODEACCESSRELEASED_5
12:34:54.089 (index):980 UPDATE_6
12:34:54.090 (index):1042 WAITING_7
12:34:54.090 (index):955 NODEACCESSRELEASED_8
12:34:54.091 (index):983 UPDATE_9
12:34:54.091 (index):980 UPDATE_10
12:34:54.091 (index):1016 NODEACCESSREQUESTED_11
12:34:54.092 (index):1010 ATTRIBUTEACCESSREQUESTED_0
12:34:54.092 (index):980 UPDATE_1
12:34:54.093 (index):1016 NODEACCESSREQUESTED_2
12:34:54.093 (index):983 UPDATE_3
12:34:54.094 (index):1016 NODEACCESSREQUESTED_4
12:34:54.094 (index):1010 ATTRIBUTEACCESSREQUESTED_5
12:34:54.095 (index):955 NODEACCESSRELEASED_6
12:34:54.095 (index):1042 WAITING_7
12:34:54.095 (index):1016 NODEACCESSREQUESTED_8
12:34:54.096 (index):959 ATTRIBUTEACCESSRELEASED_9
12:34:54.096 (index):955 NODEACCESSRELEASED_10
12:34:54.097 (index):980 UPDATE_11
12:34:54.097 (index):983 UPDATE_0
12:34:54.098 (index):955 NODEACCESSRELEASED_1
12:34:54.098 (index):980 UPDATE_2
12:34:54.099 (index):959 ATTRIBUTEACCESSRELEASED_3
12:34:54.099 (index):1042 WAITING_4
12:34:54.099 (index):1042 WAITING_5
12:34:54.100 (index):1016 NODEACCESSREQUESTED_6
12:34:54.100 (index):1042 WAITING_7
12:34:54.101 (index):980 UPDATE_8
12:34:54.101 (index):1016 NODEACCESSREQUESTED_9
12:34:54.102 (index):1016 NODEACCESSREQUESTED_10
12:34:54.102 (index):955 NODEACCESSRELEASED_11
12:34:54.103 (index):959 ATTRIBUTEACCESSRELEASED_0
12:34:54.103 (index):1010 ATTRIBUTEACCESSREQUESTED_1
12:34:54.104 (index):955 NODEACCESSRELEASED_2
12:34:54.105 (index):1016 NODEACCESSREQUESTED_3
12:34:54.105 (index):1042 WAITING_4
12:34:54.105 (index):983 UPDATE_5
12:34:54.106 (index):980 UPDATE_6
12:34:54.106 (index):1042 WAITING_7
12:34:54.107 (index):955 NODEACCESSRELEASED_8
12:34:54.107 (index):1042 WAITING_9
12:34:54.108 (index):980 UPDATE_10
12:34:54.108 (index):1016 NODEACCESSREQUESTED_11
12:34:54.108 (index):1010 ATTRIBUTEACCESSREQUESTED_0
12:34:54.109 (index):983 UPDATE_1
12:34:54.109 (index):1010 ATTRIBUTEACCESSREQUESTED_2
12:34:54.110 (index):980 UPDATE_3
12:34:54.110 (index):1042 WAITING_4
12:34:54.111 (index):959 ATTRIBUTEACCESSRELEASED_5
12:34:54.111 (index):955 NODEACCESSRELEASED_6
12:34:54.112 (index):1042 WAITING_7
12:34:54.112 (index):1010 ATTRIBUTEACCESSREQUESTED_8
12:34:54.112 (index):980 UPDATE_9
12:34:54.113 (index):955 NODEACCESSRELEASED_10
12:34:54.113 (index):980 UPDATE_11
12:34:54.114 (index):983 UPDATE_0
12:34:54.114 (index):959 ATTRIBUTEACCESSRELEASED_1
12:34:54.115 (index):983 UPDATE_2
12:34:54.116 (index):955 NODEACCESSRELEASED_3
12:34:54.117 (index):1042 WAITING_4
12:34:54.117 (index):1010 ATTRIBUTEACCESSREQUESTED_5
12:34:54.118 (index):1010 ATTRIBUTEACCESSREQUESTED_6
12:34:54.119 (index):1042 WAITING_7
12:34:54.119 (index):1042 WAITING_8
12:34:54.120 (index):955 NODEACCESSRELEASED_9
12:34:54.120 (index):1016 NODEACCESSREQUESTED_10
12:34:54.121 (index):955 NODEACCESSRELEASED_11
12:34:54.121 (index):959 ATTRIBUTEACCESSRELEASED_0
12:34:54.122 (index):1016 NODEACCESSREQUESTED_1
12:34:54.122 (index):959 ATTRIBUTEACCESSRELEASED_2
12:34:54.122 (index):1010 ATTRIBUTEACCESSREQUESTED_3
12:34:54.123 (index):1042 WAITING_4
12:34:54.123 (index):983 UPDATE_5
12:34:54.124 (index):1042 WAITING_6
12:34:54.124 (index):1042 WAITING_7
12:34:54.125 (index):983 UPDATE_8
12:34:54.125 (index):1016 NODEACCESSREQUESTED_9
12:34:54.125 (index):980 UPDATE_10
12:34:54.126 (index):1010 ATTRIBUTEACCESSREQUESTED_11
12:34:54.126 (index):1010 ATTRIBUTEACCESSREQUESTED_0
12:34:54.127 (index):980 UPDATE_1
12:34:54.127 (index):1016 NODEACCESSREQUESTED_2
12:34:54.128 (index):983 UPDATE_3
12:34:54.128 (index):1042 WAITING_4
12:34:54.129 (index):959 ATTRIBUTEACCESSRELEASED_5
12:34:54.129 (index):983 UPDATE_6
12:34:54.129 (index):1042 WAITING_7
12:34:54.130 (index):959 ATTRIBUTEACCESSRELEASED_8
12:34:54.130 (index):980 UPDATE_9
12:34:54.131 (index):955 NODEACCESSRELEASED_10
12:34:54.131 (index):1042 WAITING_11
12:34:54.132 (index):1042 WAITING_0
12:34:54.132 (index):955 NODEACCESSRELEASED_1
12:34:54.132 (index):980 UPDATE_2
12:34:54.133 (index):959 ATTRIBUTEACCESSRELEASED_3
12:34:54.133 (index):1042 WAITING_4
12:34:54.134 (index):1016 NODEACCESSREQUESTED_5
12:34:54.134 (index):959 ATTRIBUTEACCESSRELEASED_6
12:34:54.135 (index):1042 WAITING_7
12:34:54.135 (index):1016 NODEACCESSREQUESTED_8
12:34:54.136 (index):955 NODEACCESSRELEASED_9
12:34:54.136 (index):1016 NODEACCESSREQUESTED_10
12:34:54.136 (index):983 UPDATE_11
12:34:54.137 (index):1042 WAITING_0
12:34:54.137 (index):1010 ATTRIBUTEACCESSREQUESTED_1
12:34:54.138 (index):955 NODEACCESSRELEASED_2
12:34:54.138 (index):1016 NODEACCESSREQUESTED_3
12:34:54.139 (index):1042 WAITING_4
12:34:54.139 (index):1042 WAITING_5
12:34:54.139 (index):1010 ATTRIBUTEACCESSREQUESTED_6
12:34:54.140 (index):1042 WAITING_7
12:34:54.140 (index):980 UPDATE_8
12:34:54.141 (index):1016 NODEACCESSREQUESTED_9
12:34:54.141 (index):980 UPDATE_10
12:34:54.142 (index):959 ATTRIBUTEACCESSRELEASED_11
12:34:54.142 (index):983 UPDATE_0
12:34:54.143 (index):983 UPDATE_1
12:34:54.143 (index):1016 NODEACCESSREQUESTED_2
12:34:54.143 (index):980 UPDATE_3
12:34:54.144 (index):1042 WAITING_4
12:34:54.144 (index):1042 WAITING_5
12:34:54.177 (index):983 UPDATE_6
12:34:54.178 (index):1042 WAITING_7
12:34:54.178 (index):955 NODEACCESSRELEASED_8
12:34:54.179 (index):980 UPDATE_9
12:34:54.179 (index):955 NODEACCESSRELEASED_10
12:34:54.180 (index):1010 ATTRIBUTEACCESSREQUESTED_11
12:34:54.180 (index):959 ATTRIBUTEACCESSRELEASED_0
12:34:54.180 (index):959 ATTRIBUTEACCESSRELEASED_1
12:34:54.181 (index):980 UPDATE_2
12:34:54.181 (index):955 NODEACCESSRELEASED_3
12:34:54.182 (index):1042 WAITING_4
12:34:54.182 (index):1042 WAITING_5
12:34:54.183 (index):959 ATTRIBUTEACCESSRELEASED_6
12:34:54.183 (index):1042 WAITING_7
12:34:54.184 (index):1016 NODEACCESSREQUESTED_8
12:34:54.184 (index):955 NODEACCESSRELEASED_9
12:34:54.184 (index):1016 NODEACCESSREQUESTED_10
12:34:54.185 (index):983 UPDATE_11
12:34:54.185 (index):1016 NODEACCESSREQUESTED_0
12:34:54.186 (index):1010 ATTRIBUTEACCESSREQUESTED_1
12:34:54.186 (index):955 NODEACCESSRELEASED_2
12:34:54.187 (index):1016 NODEACCESSREQUESTED_3
12:34:54.187 (index):1042 WAITING_4
12:34:54.187 (index):1042 WAITING_5
12:34:54.188 (index):1016 NODEACCESSREQUESTED_6
12:34:54.188 (index):1042 WAITING_7
12:34:54.189 (index):980 UPDATE_8
12:34:54.189 (index):1010 ATTRIBUTEACCESSREQUESTED_9
12:34:54.190 (index):1042 WAITING_10
12:34:54.190 (index):959 ATTRIBUTEACCESSRELEASED_11
12:34:54.191 (index):980 UPDATE_0
12:34:54.191 (index):983 UPDATE_1
12:34:54.191 (index):1016 NODEACCESSREQUESTED_2
12:34:54.192 (index):980 UPDATE_3
12:34:54.192 (index):1042 WAITING_4
12:34:54.193 (index):1042 WAITING_5
12:34:54.193 (index):980 UPDATE_6
12:34:54.194 (index):1042 WAITING_7
12:34:54.194 (index):955 NODEACCESSRELEASED_8
12:34:54.195 (index):1042 WAITING_9
12:34:54.195 (index):980 UPDATE_10
12:34:54.196 (index):1016 NODEACCESSREQUESTED_11
12:34:54.196 (index):955 NODEACCESSRELEASED_0
12:34:54.196 (index):959 ATTRIBUTEACCESSRELEASED_1
12:34:54.197 (index):980 UPDATE_2
12:34:54.197 (index):955 NODEACCESSRELEASED_3
12:34:54.198 (index):1042 WAITING_4
12:34:54.198 (index):1042 WAITING_5
12:34:54.199 (index):955 NODEACCESSRELEASED_6
12:34:54.199 (index):1042 WAITING_7
12:34:54.200 (index):1016 NODEACCESSREQUESTED_8
12:34:54.200 (index):983 UPDATE_9
12:34:54.200 (index):955 NODEACCESSRELEASED_10
12:34:54.201 (index):1042 WAITING_11
12:34:54.201 (index):1010 ATTRIBUTEACCESSREQUESTED_0
12:34:54.202 (index):1016 NODEACCESSREQUESTED_1
12:34:54.202 (index):955 NODEACCESSRELEASED_2
12:34:54.203 (index):1016 NODEACCESSREQUESTED_3
12:34:54.203 (index):1042 WAITING_4
12:34:54.204 (index):1042 WAITING_5
12:34:54.204 (index):1016 NODEACCESSREQUESTED_6
12:34:54.204 (index):1042 WAITING_7
12:34:54.205 (index):980 UPDATE_8
12:34:54.205 (index):959 ATTRIBUTEACCESSRELEASED_9
12:34:54.206 (index):1016 NODEACCESSREQUESTED_10
12:34:54.206 (index):980 UPDATE_11
12:34:54.207 (index):983 UPDATE_0
12:34:54.207 (index):1042 WAITING_1
12:34:54.208 (index):1010 ATTRIBUTEACCESSREQUESTED_2
12:34:54.208 (index):980 UPDATE_3
12:34:54.208 (index):1042 WAITING_4
12:34:54.209 (index):1042 WAITING_5
12:34:54.209 (index):1042 WAITING_6
12:34:54.210 (index):1042 WAITING_7
12:34:54.210 (index):955 NODEACCESSRELEASED_8
12:34:54.211 (index):1016 NODEACCESSREQUESTED_9
12:34:54.211 (index):980 UPDATE_10
12:34:54.212 (index):955 NODEACCESSRELEASED_11
12:34:54.212 (index):959 ATTRIBUTEACCESSRELEASED_0
12:34:54.212 (index):980 UPDATE_1
12:34:54.213 (index):983 UPDATE_2
12:34:54.213 (index):955 NODEACCESSRELEASED_3
12:34:54.214 (index):1042 WAITING_4
12:34:54.214 (index):1042 WAITING_5
12:34:54.215 (index):980 UPDATE_6
12:34:54.215 (index):1042 WAITING_7
12:34:54.215 (index):1010 ATTRIBUTEACCESSREQUESTED_8
12:34:54.216 (index):980 UPDATE_9
12:34:54.216 (index):955 NODEACCESSRELEASED_10
12:34:54.217 (index):1010 ATTRIBUTEACCESSREQUESTED_11
12:34:54.217 (index):1010 ATTRIBUTEACCESSREQUESTED_0
12:34:54.218 (index):955 NODEACCESSRELEASED_1
12:34:54.218 (index):959 ATTRIBUTEACCESSRELEASED_2
12:34:54.219 (index):1010 ATTRIBUTEACCESSREQUESTED_3
12:34:54.219 (index):1042 WAITING_4
12:34:54.219 (index):1042 WAITING_5
12:34:54.220 (index):955 NODEACCESSRELEASED_6
12:34:54.220 (index):1042 WAITING_7
12:34:54.221 (index):983 UPDATE_8
12:34:54.221 (index):955 NODEACCESSRELEASED_9
12:34:54.222 (index):1016 NODEACCESSREQUESTED_10
12:34:54.222 (index):983 UPDATE_11
12:34:54.223 (index):983 UPDATE_0
12:34:54.223 (index):1016 NODEACCESSREQUESTED_1
12:34:54.223 (index):1016 NODEACCESSREQUESTED_2
12:34:54.224 (index):983 UPDATE_3
12:34:54.224 (index):1042 WAITING_4
12:34:54.225 (index):1042 WAITING_5
12:34:54.225 (index):1010 ATTRIBUTEACCESSREQUESTED_6
12:34:54.226 (index):1042 WAITING_7
12:34:54.227 (index):959 ATTRIBUTEACCESSRELEASED_8
12:34:54.228 (index):1016 NODEACCESSREQUESTED_9
12:34:54.228 (index):980 UPDATE_10
12:34:54.229 (index):959 ATTRIBUTEACCESSRELEASED_11
12:34:54.229 (index):959 ATTRIBUTEACCESSRELEASED_0
12:34:54.230 (index):980 UPDATE_1
12:34:54.230 (index):1042 WAITING_2
12:34:54.230 (index):959 ATTRIBUTEACCESSRELEASED_3
12:34:54.231 (index):1042 WAITING_4
12:34:54.231 (index):1042 WAITING_5
12:34:54.232 (index):983 UPDATE_6
12:34:54.232 (index):1042 WAITING_7
12:34:54.233 (index):1010 ATTRIBUTEACCESSREQUESTED_8
12:34:54.233 (index):1042 WAITING_9
12:34:54.233 (index):955 NODEACCESSRELEASED_10
12:34:54.234 (index):1016 NODEACCESSREQUESTED_11
12:34:54.234 (index):1016 NODEACCESSREQUESTED_0
12:34:54.235 (index):955 NODEACCESSRELEASED_1
12:34:54.235 (index):980 UPDATE_2
12:34:54.236 (index):1016 NODEACCESSREQUESTED_3
12:34:54.236 (index):1042 WAITING_4
12:34:54.237 (index):1042 WAITING_5
12:34:54.237 (index):959 ATTRIBUTEACCESSRELEASED_6
12:34:54.237 (index):1042 WAITING_7
12:34:54.238 (index):983 UPDATE_8
12:34:54.238 (index):980 UPDATE_9
12:34:54.239 (index):1010 ATTRIBUTEACCESSREQUESTED_10
12:34:54.239 (index):980 UPDATE_11
12:34:54.240 (index):1042 WAITING_0
12:34:54.240 (index):1016 NODEACCESSREQUESTED_1
12:34:54.241 (index):955 NODEACCESSRELEASED_2
12:34:54.241 (index):980 UPDATE_3
12:34:54.242 (index):1042 WAITING_4
12:34:54.242 (index):1042 WAITING_5
12:34:54.242 (index):1016 NODEACCESSREQUESTED_6
12:34:54.243 (index):1042 WAITING_7
12:34:54.243 (index):959 ATTRIBUTEACCESSRELEASED_8
12:34:54.244 (index):955 NODEACCESSRELEASED_9
12:34:54.244 (index):983 UPDATE_10
12:34:54.245 (index):955 NODEACCESSRELEASED_11
12:34:54.245 (index):1042 WAITING_0
12:34:54.246 (index):980 UPDATE_1
12:34:54.246 (index):1016 NODEACCESSREQUESTED_2
12:34:54.247 (index):955 NODEACCESSRELEASED_3
12:34:54.248 (index):1042 WAITING_4
12:34:54.248 (index):1042 WAITING_5
12:34:54.249 (index):980 UPDATE_6
12:34:54.250 (index):1042 WAITING_7
12:34:54.250 (index):1016 NODEACCESSREQUESTED_8
12:34:54.251 (index):1010 ATTRIBUTEACCESSREQUESTED_9
12:34:54.251 (index):959 ATTRIBUTEACCESSRELEASED_10
12:34:54.252 (index):1016 NODEACCESSREQUESTED_11
12:34:54.252 (index):1042 WAITING_0
12:34:54.253 (index):955 NODEACCESSRELEASED_1
12:34:54.253 (index):980 UPDATE_2
12:34:54.254 (index):1010 ATTRIBUTEACCESSREQUESTED_3
12:34:54.254 (index):1042 WAITING_4
12:34:54.254 (index):1042 WAITING_5
12:34:54.255 (index):955 NODEACCESSRELEASED_6
12:34:54.255 (index):1042 WAITING_7
12:34:54.256 (index):980 UPDATE_8
12:34:54.256 (index):983 UPDATE_9
12:34:54.257 (index):1010 ATTRIBUTEACCESSREQUESTED_10
12:34:54.257 (index):980 UPDATE_11
12:34:54.257 (index):980 UPDATE_0
12:34:54.258 (index):1016 NODEACCESSREQUESTED_1
12:34:54.258 (index):955 NODEACCESSRELEASED_2
12:34:54.259 (index):983 UPDATE_3
12:34:54.259 (index):1042 WAITING_4
12:34:54.260 (index):1042 WAITING_5
12:34:54.260 (index):1016 NODEACCESSREQUESTED_6
12:34:54.261 (index):1042 WAITING_7
12:34:54.261 (index):955 NODEACCESSRELEASED_8
12:34:54.261 (index):959 ATTRIBUTEACCESSRELEASED_9
12:34:54.262 (index):983 UPDATE_10
12:34:54.262 (index):955 NODEACCESSRELEASED_11
12:34:54.263 (index):955 NODEACCESSRELEASED_0
12:34:54.263 (index):980 UPDATE_1
12:34:54.264 (index):1010 ATTRIBUTEACCESSREQUESTED_2
12:34:54.264 (index):959 ATTRIBUTEACCESSRELEASED_3
12:34:54.265 (index):1042 WAITING_4
12:34:54.265 (index):1042 WAITING_5
12:34:54.265 (index):980 UPDATE_6
12:34:54.266 (index):1042 WAITING_7
12:34:54.266 (index):1016 NODEACCESSREQUESTED_8
12:34:54.267 (index):1016 NODEACCESSREQUESTED_9
12:34:54.267 (index):959 ATTRIBUTEACCESSRELEASED_10
12:34:54.268 (index):1016 NODEACCESSREQUESTED_11
12:34:54.268 (index):1016 NODEACCESSREQUESTED_0
12:34:54.268 (index):955 NODEACCESSRELEASED_1
12:34:54.269 (index):983 UPDATE_2
12:34:54.269 (index):1010 ATTRIBUTEACCESSREQUESTED_3
12:34:54.270 (index):1042 WAITING_4
12:34:54.270 (index):1042 WAITING_5
12:34:54.271 (index):955 NODEACCESSRELEASED_6
12:34:54.271 (index):1042 WAITING_7
12:34:54.271 (index):980 UPDATE_8
12:34:54.272 (index):980 UPDATE_9
12:34:54.272 (index):1016 NODEACCESSREQUESTED_10
12:34:54.273 (index):1042 WAITING_11
12:34:54.273 (index):1042 WAITING_0
12:34:54.274 (index):1016 NODEACCESSREQUESTED_1
12:34:54.274 (index):959 ATTRIBUTEACCESSRELEASED_2
12:34:54.274 (index):983 UPDATE_3
12:34:54.275 (index):1042 WAITING_4
12:34:54.275 (index):1042 WAITING_5
12:34:54.276 (index):1010 ATTRIBUTEACCESSREQUESTED_6
12:34:54.276 (index):1042 WAITING_7
12:34:54.277 (index):955 NODEACCESSRELEASED_8
12:34:54.277 (index):955 NODEACCESSRELEASED_9
12:34:54.277 (index):980 UPDATE_10
12:34:54.278 (index):980 UPDATE_11
12:34:54.278 (index):1042 WAITING_0
12:34:54.279 (index):980 UPDATE_1
12:34:54.279 (index):1010 ATTRIBUTEACCESSREQUESTED_2
12:34:54.280 (index):959 ATTRIBUTEACCESSRELEASED_3
12:34:54.280 (index):1042 WAITING_4
12:34:54.281 (index):1042 WAITING_5
12:34:54.281 (index):983 UPDATE_6
12:34:54.281 (index):1042 WAITING_7
12:34:54.282 (index):1016 NODEACCESSREQUESTED_8
12:34:54.282 (index):1016 NODEACCESSREQUESTED_9
12:34:54.283 (index):955 NODEACCESSRELEASED_10
12:34:54.283 (index):955 NODEACCESSRELEASED_11
12:34:54.284 (index):1042 WAITING_0
12:34:54.284 (index):955 NODEACCESSRELEASED_1
12:34:54.284 (index):1042 WAITING_2
12:34:54.285 (index):1010 ATTRIBUTEACCESSREQUESTED_3
12:34:54.285 (index):1042 WAITING_4
12:34:54.286 (index):1042 WAITING_5
12:34:54.286 (index):959 ATTRIBUTEACCESSRELEASED_6
12:34:54.287 (index):1042 WAITING_7
12:34:54.287 (index):980 UPDATE_8
12:34:54.287 (index):1042 WAITING_9
12:34:54.288 (index):1016 NODEACCESSREQUESTED_10
12:34:54.288 (index):1016 NODEACCESSREQUESTED_11
12:34:54.289 (index):1042 WAITING_0
12:34:54.289 (index):1016 NODEACCESSREQUESTED_1
12:34:54.290 (index):983 UPDATE_2
12:34:54.290 (index):983 UPDATE_3
12:34:54.290 (index):1042 WAITING_4
12:34:54.291 (index):1042 WAITING_5
12:34:54.291 (index):1016 NODEACCESSREQUESTED_6
12:34:54.292 (index):1042 WAITING_7
12:34:54.292 (index):1053 END_8
12:34:54.293 (index):980 UPDATE_9
12:34:54.293 (index):980 UPDATE_10
12:34:54.293 (index):980 UPDATE_11
12:34:54.294 (index):1042 WAITING_0
12:34:54.294 (index):1042 WAITING_1
12:34:54.295 (index):1053 END_2
12:34:54.295 (index):1053 END_3
12:34:54.296 (index):1042 WAITING_4
12:34:54.296 (index):1042 WAITING_5
12:34:54.296 (index):1042 WAITING_6
12:34:54.297 (index):1042 WAITING_7
12:34:54.297 (index):955 NODEACCESSRELEASED_9
12:34:54.298 (index):1053 END_10
12:34:54.298 (index):955 NODEACCESSRELEASED_11
12:34:54.299 (index):1042 WAITING_0
12:34:54.299 (index):980 UPDATE_1
12:34:54.300 (index):1042 WAITING_4
12:34:54.301 (index):1042 WAITING_5
12:34:54.301 (index):1042 WAITING_6
12:34:54.301 (index):1042 WAITING_7
12:34:54.302 (index):1010 ATTRIBUTEACCESSREQUESTED_9
12:34:54.303 (index):1016 NODEACCESSREQUESTED_11
12:34:54.303 (index):1042 WAITING_0
12:34:54.303 (index):1053 END_1
12:34:54.305 (index):1042 WAITING_4
12:34:54.305 (index):1042 WAITING_5
12:34:54.305 (index):980 UPDATE_6
12:34:54.306 (index):1042 WAITING_7
12:34:54.306 (index):983 UPDATE_9
12:34:54.307 (index):1042 WAITING_11
12:34:54.308 (index):1042 WAITING_0
12:34:54.309 (index):1042 WAITING_4
12:34:54.310 (index):1042 WAITING_5
12:34:54.310 (index):1053 END_6
12:34:54.311 (index):1042 WAITING_7
12:34:54.311 (index):1053 END_9
12:34:54.312 (index):980 UPDATE_11
12:34:54.312 (index):1042 WAITING_0
12:34:54.314 (index):1042 WAITING_4
12:34:54.314 (index):1042 WAITING_5
12:34:54.315 (index):1042 WAITING_7
12:34:54.316 (index):1053 END_11
12:34:54.317 (index):1042 WAITING_0
12:34:54.318 (index):1042 WAITING_4
12:34:54.319 (index):1042 WAITING_5
12:34:54.320 (index):980 UPDATE_7
12:34:54.321 (index):1042 WAITING_0
12:34:54.323 (index):1042 WAITING_4
12:34:54.324 (index):1042 WAITING_5
12:34:54.324 (index):955 NODEACCESSRELEASED_7
12:34:54.327 (index):1042 WAITING_0
12:34:54.328 (index):980 UPDATE_4
12:34:54.328 (index):1042 WAITING_5
12:34:54.329 (index):1016 NODEACCESSREQUESTED_7
12:34:54.331 (index):1042 WAITING_0
12:34:54.333 (index):955 NODEACCESSRELEASED_4
12:34:54.333 (index):980 UPDATE_5
12:34:54.334 (index):1042 WAITING_7
12:34:54.336 (index):1042 WAITING_0
12:34:54.337 (index):1010 ATTRIBUTEACCESSREQUESTED_4
12:34:54.338 (index):955 NODEACCESSRELEASED_5
12:34:54.339 (index):1042 WAITING_7
12:34:54.341 (index):980 UPDATE_0
12:34:54.342 (index):1042 WAITING_4
12:34:54.343 (index):1010 ATTRIBUTEACCESSREQUESTED_5
12:34:54.343 (index):1042 WAITING_7
12:34:54.345 (index):955 NODEACCESSRELEASED_0
12:34:54.346 (index):983 UPDATE_4
12:34:54.347 (index):1042 WAITING_5
12:34:54.348 (index):980 UPDATE_7
12:34:54.350 (index):1010 ATTRIBUTEACCESSREQUESTED_0
12:34:54.351 (index):959 ATTRIBUTEACCESSRELEASED_4
12:34:54.352 (index):983 UPDATE_5
12:34:54.352 (index):955 NODEACCESSRELEASED_7
12:34:54.355 (index):983 UPDATE_0
12:34:54.355 (index):1016 NODEACCESSREQUESTED_4
12:34:54.356 (index):959 ATTRIBUTEACCESSRELEASED_5
12:34:54.357 (index):1010 ATTRIBUTEACCESSREQUESTED_7
12:34:54.360 (index):959 ATTRIBUTEACCESSRELEASED_0
12:34:54.360 (index):980 UPDATE_4
12:34:54.361 (index):1010 ATTRIBUTEACCESSREQUESTED_5
12:34:54.362 (index):983 UPDATE_7
12:34:54.364 (index):1016 NODEACCESSREQUESTED_0
12:34:54.365 (index):955 NODEACCESSRELEASED_4
12:34:54.365 (index):1042 WAITING_5
12:34:54.366 (index):959 ATTRIBUTEACCESSRELEASED_7
12:34:54.369 (index):980 UPDATE_0
12:34:54.369 (index):1016 NODEACCESSREQUESTED_4
12:34:54.370 (index):983 UPDATE_5
12:34:54.371 (index):1016 NODEACCESSREQUESTED_7
12:34:54.373 (index):1053 END_0
12:34:54.374 (index):980 UPDATE_4
12:34:54.374 (index):959 ATTRIBUTEACCESSRELEASED_5
12:34:54.375 (index):980 UPDATE_7
12:34:54.378 (index):955 NODEACCESSRELEASED_4
12:34:54.379 (index):1016 NODEACCESSREQUESTED_5
12:34:54.380 (index):955 NODEACCESSRELEASED_7
12:34:54.383 (index):1010 ATTRIBUTEACCESSREQUESTED_4
12:34:54.384 (index):980 UPDATE_5
12:34:54.384 (index):1016 NODEACCESSREQUESTED_7
12:34:54.387 (index):983 UPDATE_4
12:34:54.388 (index):955 NODEACCESSRELEASED_5
12:34:54.389 (index):980 UPDATE_7
12:34:54.392 (index):959 ATTRIBUTEACCESSRELEASED_4
12:34:54.393 (index):1016 NODEACCESSREQUESTED_5
12:34:54.393 (index):955 NODEACCESSRELEASED_7
12:34:54.397 (index):1016 NODEACCESSREQUESTED_4
12:34:54.397 (index):980 UPDATE_5
12:34:54.398 (index):1016 NODEACCESSREQUESTED_7
12:34:54.401 (index):980 UPDATE_4
12:34:54.402 (index):955 NODEACCESSRELEASED_5
12:34:54.402 (index):980 UPDATE_7
12:34:54.406 (index):955 NODEACCESSRELEASED_4
12:34:54.406 (index):1010 ATTRIBUTEACCESSREQUESTED_5
12:34:54.407 (index):955 NODEACCESSRELEASED_7
12:34:54.411 (index):1016 NODEACCESSREQUESTED_4
12:34:54.411 (index):983 UPDATE_5
12:34:54.412 (index):1016 NODEACCESSREQUESTED_7
12:34:54.415 (index):980 UPDATE_4
12:34:54.416 (index):959 ATTRIBUTEACCESSRELEASED_5
12:34:54.416 (index):980 UPDATE_7
12:34:54.420 (index):955 NODEACCESSRELEASED_4
12:34:54.420 (index):1016 NODEACCESSREQUESTED_5
12:34:54.421 (index):955 NODEACCESSRELEASED_7
12:34:54.424 (index):1016 NODEACCESSREQUESTED_4
12:34:54.425 (index):980 UPDATE_5
12:34:54.426 (index):1016 NODEACCESSREQUESTED_7
12:34:54.429 (index):980 UPDATE_4
12:34:54.430 (index):955 NODEACCESSRELEASED_5
12:34:54.430 (index):980 UPDATE_7
12:34:54.434 (index):955 NODEACCESSRELEASED_4
12:34:54.434 (index):1016 NODEACCESSREQUESTED_5
12:34:54.435 (index):955 NODEACCESSRELEASED_7
12:34:54.438 (index):1016 NODEACCESSREQUESTED_4
12:34:54.439 (index):980 UPDATE_5
12:34:54.439 (index):1010 ATTRIBUTEACCESSREQUESTED_7
12:34:54.443 (index):980 UPDATE_4
12:34:54.443 (index):1053 END_5
12:34:54.444 (index):983 UPDATE_7
12:34:54.447 (index):955 NODEACCESSRELEASED_4
12:34:54.448 (index):959 ATTRIBUTEACCESSRELEASED_7
12:34:54.452 (index):1010 ATTRIBUTEACCESSREQUESTED_4
12:34:54.453 (index):1016 NODEACCESSREQUESTED_7
12:34:54.457 (index):983 UPDATE_4
12:34:54.458 (index):980 UPDATE_7
12:34:54.462 (index):1053 END_4
12:34:54.463 (index):955 NODEACCESSRELEASED_7
12:34:54.467 (index):1016 NODEACCESSREQUESTED_7
12:34:54.472 (index):980 UPDATE_7
12:34:54.477 (index):955 NODEACCESSRELEASED_7
12:34:54.481 (index):1016 NODEACCESSREQUESTED_7
12:34:54.486 (index):980 UPDATE_7
12:34:54.491 (index):955 NODEACCESSRELEASED_7
12:34:54.496 (index):1016 NODEACCESSREQUESTED_7
12:34:54.500 (index):980 UPDATE_7
12:34:54.505 (index):1053 END_7
