12:34:53.183 (index):1249 Tasks: 25; Collaborators: 10    =========================>
12:34:53.184 (index):1016 NODEACCESSREQUESTED_0
12:34:53.184 (index):1016 NODEACCESSREQUESTED_1
12:34:53.185 (index):1010 ATTRIBUTEACCESSREQUESTED_2
12:34:53.186 (index):1010 ATTRIBUTEACCESSREQUESTED_3
12:34:53.187 (index):1016 NODEACCESSREQUESTED_4
12:34:53.188 (index):1016 NODEACCESSREQUESTED_5
12:34:53.189 (index):1016 NODEACCESSREQUESTED_6
12:34:53.190 (index):1016 NODEACCESSREQUESTED_7
12:34:53.190 (index):1016 NODEACCESSREQUESTED_8
12:34:53.191 (index):1016 NODEACCESSREQUESTED_9
12:34:53.191 (index):955 NODEACCESSRELEASED_0
12:34:53.192 (index):955 NODEACCESSRELEASED_1
12:34:53.192 (index):959 ATTRIBUTEACCESSRELEASED_2
12:34:53.193 (index):959 ATTRIBUTEACCESSRELEASED_3
12:34:53.193 (index):1042 WAITING_4
12:34:53.194 (index):955 NODEACCESSRELEASED_5
12:34:53.194 (index):955 NODEACCESSRELEASED_6
12:34:53.195 (index):955 NODEACCESSRELEASED_7
12:34:53.195 (index):955 NODEACCESSRELEASED_8
12:34:53.195 (index):955 NODEACCESSRELEASED_9
12:34:53.196 (index):1016 NODEACCESSREQUESTED_0
12:34:53.196 (index):1016 NODEACCESSREQUESTED_1
12:34:53.197 (index):1010 ATTRIBUTEACCESSREQUESTED_2
12:34:53.197 (index):1010 ATTRIBUTEACCESSREQUESTED_3
12:34:53.198 (index):955 NODEACCESSRELEASED_4
12:34:53.198 (index):1016 NODEACCESSREQUESTED_5
12:34:53.199 (index):1016 NODEACCESSREQUESTED_6
12:34:53.199 (index):1016 NODEACCESSREQUESTED_7
12:34:53.202 (index):1016 NODEACCESSREQUESTED_8
12:34:53.202 (index):1016 NODEACCESSREQUESTED_9
12:34:53.203 (index):980 UPDATE_0
12:34:53.203 (index):980 UPDATE_1
12:34:53.203 (index):983 UPDATE_2
12:34:53.204 (index):983 UPDATE_3
12:34:53.204 (index):1016 NODEACCESSREQUESTED_4
12:34:53.205 (index):980 UPDATE_5
12:34:53.205 (index):980 UPDATE_6
12:34:53.206 (index):1042 WAITING_7
12:34:53.206 (index):980 UPDATE_8
12:34:53.207 (index):1042 WAITING_9
12:34:53.207 (index):955 NODEACCESSRELEASED_0
12:34:53.208 (index):955 NODEACCESSRELEASED_1
12:34:53.208 (index):959 ATTRIBUTEACCESSRELEASED_2
12:34:53.209 (index):959 ATTRIBUTEACCESSRELEASED_3
12:34:53.209 (index):980 UPDATE_4
12:34:53.209 (index):955 NODEACCESSRELEASED_5
12:34:53.210 (index):955 NODEACCESSRELEASED_6
12:34:53.210 (index):980 UPDATE_7
12:34:53.211 (index):955 NODEACCESSRELEASED_8
12:34:53.211 (index):1042 WAITING_9
12:34:53.212 (index):1016 NODEACCESSREQUESTED_0
12:34:53.212 (index):1016 NODEACCESSREQUESTED_1
12:34:53.213 (index):1016 NODEACCESSREQUESTED_2
12:34:53.213 (index):1016 NODEACCESSREQUESTED_3
12:34:53.213 (index):955 NODEACCESSRELEASED_4
12:34:53.214 (index):1010 ATTRIBUTEACCESSREQUESTED_5
12:34:53.215 (index):1016 NODEACCESSREQUESTED_6
12:34:53.215 (index):955 NODEACCESSRELEASED_7
12:34:53.216 (index):1016 NODEACCESSREQUESTED_8
12:34:53.216 (index):1042 WAITING_9
12:34:53.217 (index):980 UPDATE_0
12:34:53.217 (index):980 UPDATE_1
12:34:53.218 (index):980 UPDATE_2
12:34:53.218 (index):980 UPDATE_3
12:34:53.219 (index):1010 ATTRIBUTEACCESSREQUESTED_4
12:34:53.219 (index):983 UPDATE_5
12:34:53.220 (index):980 UPDATE_6
12:34:53.220 (index):1016 NODEACCESSREQUESTED_7
12:34:53.221 (index):1042 WAITING_8
12:34:53.221 (index):1042 WAITING_9
12:34:53.221 (index):955 NODEACCESSRELEASED_0
12:34:53.222 (index):955 NODEACCESSRELEASED_1
12:34:53.222 (index):955 NODEACCESSRELEASED_2
12:34:53.223 (index):955 NODEACCESSRELEASED_3
12:34:53.223 (index):983 UPDATE_4
12:34:53.224 (index):959 ATTRIBUTEACCESSRELEASED_5
12:34:53.224 (index):955 NODEACCESSRELEASED_6
12:34:53.225 (index):980 UPDATE_7
12:34:53.225 (index):1042 WAITING_8
12:34:53.226 (index):980 UPDATE_9
12:34:53.226 (index):1016 NODEACCESSREQUESTED_0
12:34:53.227 (index):1016 NODEACCESSREQUESTED_1
12:34:53.227 (index):1016 NODEACCESSREQUESTED_2
12:34:53.228 (index):1010 ATTRIBUTEACCESSREQUESTED_3
12:34:53.229 (index):959 ATTRIBUTEACCESSRELEASED_4
12:34:53.229 (index):1016 NODEACCESSREQUESTED_5
12:34:53.230 (index):1016 NODEACCESSREQUESTED_6
12:34:53.231 (index):955 NODEACCESSRELEASED_7
12:34:53.231 (index):1042 WAITING_8
12:34:53.231 (index):955 NODEACCESSRELEASED_9
12:34:53.232 (index):980 UPDATE_0
12:34:53.233 (index):980 UPDATE_1
12:34:53.233 (index):980 UPDATE_2
12:34:53.234 (index):983 UPDATE_3
12:34:53.234 (index):1016 NODEACCESSREQUESTED_4
12:34:53.235 (index):1042 WAITING_5
12:34:53.235 (index):1042 WAITING_6
12:34:53.236 (index):1010 ATTRIBUTEACCESSREQUESTED_7
12:34:53.236 (index):1042 WAITING_8
12:34:53.237 (index):1016 NODEACCESSREQUESTED_9
12:34:53.237 (index):955 NODEACCESSRELEASED_0
12:34:53.238 (index):955 NODEACCESSRELEASED_1
12:34:53.238 (index):955 NODEACCESSRELEASED_2
12:34:53.238 (index):959 ATTRIBUTEACCESSRELEASED_3
12:34:53.239 (index):980 UPDATE_4
12:34:53.239 (index):980 UPDATE_5
12:34:53.240 (index):980 UPDATE_6
12:34:53.240 (index):983 UPDATE_7
12:34:53.241 (index):1042 WAITING_8
12:34:53.241 (index):980 UPDATE_9
12:34:53.242 (index):1010 ATTRIBUTEACCESSREQUESTED_0
12:34:53.242 (index):1010 ATTRIBUTEACCESSREQUESTED_1
12:34:53.243 (index):1016 NODEACCESSREQUESTED_2
12:34:53.244 (index):1016 NODEACCESSREQUESTED_3
12:34:53.245 (index):955 NODEACCESSRELEASED_4
12:34:53.245 (index):955 NODEACCESSRELEASED_5
12:34:53.246 (index):955 NODEACCESSRELEASED_6
12:34:53.247 (index):959 ATTRIBUTEACCESSRELEASED_7
12:34:53.247 (index):1042 WAITING_8
12:34:53.248 (index):955 NODEACCESSRELEASED_9
12:34:53.248 (index):983 UPDATE_0
12:34:53.248 (index):1042 WAITING_1
12:34:53.249 (index):980 UPDATE_2
12:34:53.249 (index):980 UPDATE_3
12:34:53.250 (index):1016 NODEACCESSREQUESTED_4
12:34:53.250 (index):1010 ATTRIBUTEACCESSREQUESTED_5
12:34:53.251 (index):1016 NODEACCESSREQUESTED_6
12:34:53.251 (index):1016 NODEACCESSREQUESTED_7
12:34:53.252 (index):1042 WAITING_8
12:34:53.252 (index):1010 ATTRIBUTEACCESSREQUESTED_9
12:34:53.252 (index):959 ATTRIBUTEACCESSRELEASED_0
12:34:53.253 (index):983 UPDATE_1
12:34:53.253 (index):955 NODEACCESSRELEASED_2
12:34:53.254 (index):955 NODEACCESSRELEASED_3
12:34:53.254 (index):980 UPDATE_4
12:34:53.255 (index):983 UPDATE_5
12:34:53.255 (index):980 UPDATE_6
12:34:53.256 (index):980 UPDATE_7
12:34:53.256 (index):1042 WAITING_8
12:34:53.257 (index):1042 WAITING_9
12:34:53.257 (index):1010 ATTRIBUTEACCESSREQUESTED_0
12:34:53.258 (index):959 ATTRIBUTEACCESSRELEASED_1
12:34:53.258 (index):1010 ATTRIBUTEACCESSREQUESTED_2
12:34:53.258 (index):1010 ATTRIBUTEACCESSREQUESTED_3
12:34:53.259 (index):955 NODEACCESSRELEASED_4
12:34:53.259 (index):959 ATTRIBUTEACCESSRELEASED_5
12:34:53.260 (index):955 NODEACCESSRELEASED_6
12:34:53.260 (index):955 NODEACCESSRELEASED_7
12:34:53.261 (index):1042 WAITING_8
12:34:53.261 (index):983 UPDATE_9
12:34:53.261 (index):983 UPDATE_0
12:34:53.262 (index):1016 NODEACCESSREQUESTED_1
12:34:53.262 (index):1042 WAITING_2
12:34:53.263 (index):983 UPDATE_3
12:34:53.263 (index):1010 ATTRIBUTEACCESSREQUESTED_4
12:34:53.264 (index):1010 ATTRIBUTEACCESSREQUESTED_5
12:34:53.264 (index):1010 ATTRIBUTEACCESSREQUESTED_6
12:34:53.265 (index):1016 NODEACCESSREQUESTED_7
12:34:53.265 (index):1042 WAITING_8
12:34:53.266 (index):959 ATTRIBUTEACCESSRELEASED_9
12:34:53.266 (index):959 ATTRIBUTEACCESSRELEASED_0
12:34:53.267 (index):980 UPDATE_1
12:34:53.267 (index):983 UPDATE_2
12:34:53.267 (index):959 ATTRIBUTEACCESSRELEASED_3
12:34:53.268 (index):983 UPDATE_4
12:34:53.268 (index):983 UPDATE_5
12:34:53.269 (index):1042 WAITING_6
12:34:53.269 (index):980 UPDATE_7
12:34:53.270 (index):1042 WAITING_8
12:34:53.270 (index):1016 NODEACCESSREQUESTED_9
12:34:53.271 (index):1010 ATTRIBUTEACCESSREQUESTED_0
12:34:53.271 (index):955 NODEACCESSRELEASED_1
12:34:53.271 (index):959 ATTRIBUTEACCESSRELEASED_2
12:34:53.272 (index):1016 NODEACCESSREQUESTED_3
12:34:53.272 (index):959 ATTRIBUTEACCESSRELEASED_4
12:34:53.273 (index):959 ATTRIBUTEACCESSRELEASED_5
12:34:53.273 (index):983 UPDATE_6
12:34:53.274 (index):955 NODEACCESSRELEASED_7
12:34:53.274 (index):1042 WAITING_8
12:34:53.275 (index):980 UPDATE_9
12:34:53.275 (index):1042 WAITING_0
12:34:53.275 (index):1010 ATTRIBUTEACCESSREQUESTED_1
12:34:53.276 (index):1016 NODEACCESSREQUESTED_2
12:34:53.276 (index):980 UPDATE_3
12:34:53.277 (index):1016 NODEACCESSREQUESTED_4
12:34:53.277 (index):1016 NODEACCESSREQUESTED_5
12:34:53.278 (index):959 ATTRIBUTEACCESSRELEASED_6
12:34:53.278 (index):1016 NODEACCESSREQUESTED_7
12:34:53.279 (index):1042 WAITING_8
12:34:53.279 (index):955 NODEACCESSRELEASED_9
12:34:53.280 (index):983 UPDATE_0
12:34:53.280 (index):1042 WAITING_1
12:34:53.280 (index):1042 WAITING_2
12:34:53.281 (index):955 NODEACCESSRELEASED_3
12:34:53.281 (index):980 UPDATE_4
12:34:53.282 (index):980 UPDATE_5
12:34:53.282 (index):1010 ATTRIBUTEACCESSREQUESTED_6
12:34:53.283 (index):980 UPDATE_7
12:34:53.283 (index):1042 WAITING_8
12:34:53.284 (index):1016 NODEACCESSREQUESTED_9
12:34:53.284 (index):959 ATTRIBUTEACCESSRELEASED_0
12:34:53.284 (index):983 UPDATE_1
12:34:53.285 (index):980 UPDATE_2
12:34:53.285 (index):1016 NODEACCESSREQUESTED_3
12:34:53.286 (index):955 NODEACCESSRELEASED_4
12:34:53.286 (index):955 NODEACCESSRELEASED_5
12:34:53.287 (index):983 UPDATE_6
12:34:53.287 (index):955 NODEACCESSRELEASED_7
12:34:53.288 (index):1042 WAITING_8
12:34:53.288 (index):980 UPDATE_9
12:34:53.288 (index):1016 NODEACCESSREQUESTED_0
12:34:53.289 (index):959 ATTRIBUTEACCESSRELEASED_1
12:34:53.289 (index):955 NODEACCESSRELEASED_2
12:34:53.290 (index):980 UPDATE_3
12:34:53.290 (index):1016 NODEACCESSREQUESTED_4
12:34:53.291 (index):1010 ATTRIBUTEACCESSREQUESTED_5
12:34:53.291 (index):959 ATTRIBUTEACCESSRELEASED_6
12:34:53.292 (index):1016 NODEACCESSREQUESTED_7
12:34:53.292 (index):1042 WAITING_8
12:34:53.293 (index):955 NODEACCESSRELEASED_9
12:34:53.293 (index):980 UPDATE_0
12:34:53.293 (index):1010 ATTRIBUTEACCESSREQUESTED_1
12:34:53.294 (index):1016 NODEACCESSREQUESTED_2
12:34:53.294 (index):955 NODEACCESSRELEASED_3
12:34:53.295 (index):980 UPDATE_4
12:34:53.295 (index):983 UPDATE_5
12:34:53.296 (index):1016 NODEACCESSREQUESTED_6
12:34:53.296 (index):980 UPDATE_7
12:34:53.297 (index):1042 WAITING_8
12:34:53.297 (index):1016 NODEACCESSREQUESTED_9
12:34:53.297 (index):955 NODEACCESSRELEASED_0
12:34:53.298 (index):983 UPDATE_1
12:34:53.298 (index):980 UPDATE_2
12:34:53.299 (index):1016 NODEACCESSREQUESTED_3
12:34:53.299 (index):955 NODEACCESSRELEASED_4
12:34:53.300 (index):959 ATTRIBUTEACCESSRELEASED_5
12:34:53.300 (index):980 UPDATE_6
12:34:53.301 (index):955 NODEACCESSRELEASED_7
12:34:53.301 (index):1042 WAITING_8
12:34:53.301 (index):980 UPDATE_9
12:34:53.302 (index):1010 ATTRIBUTEACCESSREQUESTED_0
12:34:53.302 (index):959 ATTRIBUTEACCESSRELEASED_1
12:34:53.303 (index):955 NODEACCESSRELEASED_2
12:34:53.303 (index):980 UPDATE_3
12:34:53.304 (index):1010 ATTRIBUTEACCESSREQUESTED_4
12:34:53.304 (index):1010 ATTRIBUTEACCESSREQUESTED_5
12:34:53.305 (index):955 NODEACCESSRELEASED_6
12:34:53.305 (index):1016 NODEACCESSREQUESTED_7
12:34:53.306 (index):1042 WAITING_8
12:34:53.306 (index):955 NODEACCESSRELEASED_9
12:34:53.306 (index):983 UPDATE_0
12:34:53.307 (index):1016 NODEACCESSREQUESTED_1
12:34:53.307 (index):1016 NODEACCESSREQUESTED_2
12:34:53.308 (index):955 NODEACCESSRELEASED_3
12:34:53.308 (index):983 UPDATE_4
12:34:53.309 (index):1042 WAITING_5
12:34:53.309 (index):1016 NODEACCESSREQUESTED_6
12:34:53.310 (index):980 UPDATE_7
12:34:53.310 (index):1042 WAITING_8
12:34:53.311 (index):1010 ATTRIBUTEACCESSREQUESTED_9
12:34:53.311 (index):959 ATTRIBUTEACCESSRELEASED_0
12:34:53.311 (index):980 UPDATE_1
12:34:53.312 (index):980 UPDATE_2
12:34:53.312 (index):1010 ATTRIBUTEACCESSREQUESTED_3
12:34:53.313 (index):959 ATTRIBUTEACCESSRELEASED_4
12:34:53.313 (index):983 UPDATE_5
12:34:53.314 (index):1042 WAITING_6
12:34:53.314 (index):955 NODEACCESSRELEASED_7
12:34:53.314 (index):1042 WAITING_8
12:34:53.315 (index):983 UPDATE_9
12:34:53.315 (index):1010 ATTRIBUTEACCESSREQUESTED_0
12:34:53.316 (index):955 NODEACCESSRELEASED_1
12:34:53.316 (index):955 NODEACCESSRELEASED_2
12:34:53.317 (index):1042 WAITING_3
12:34:53.317 (index):1016 NODEACCESSREQUESTED_4
12:34:53.318 (index):959 ATTRIBUTEACCESSRELEASED_5
12:34:53.318 (index):1042 WAITING_6
12:34:53.319 (index):1010 ATTRIBUTEACCESSREQUESTED_7
12:34:53.319 (index):1042 WAITING_8
12:34:53.320 (index):959 ATTRIBUTEACCESSRELEASED_9
12:34:53.320 (index):1042 WAITING_0
12:34:53.320 (index):1016 NODEACCESSREQUESTED_1
12:34:53.321 (index):1010 ATTRIBUTEACCESSREQUESTED_2
12:34:53.321 (index):983 UPDATE_3
12:34:53.322 (index):980 UPDATE_4
12:34:53.322 (index):1016 NODEACCESSREQUESTED_5
12:34:53.323 (index):1042 WAITING_6
12:34:53.323 (index):983 UPDATE_7
12:34:53.324 (index):1042 WAITING_8
12:34:53.324 (index):1016 NODEACCESSREQUESTED_9
12:34:53.324 (index):1042 WAITING_0
12:34:53.325 (index):980 UPDATE_1
12:34:53.325 (index):983 UPDATE_2
12:34:53.326 (index):959 ATTRIBUTEACCESSRELEASED_3
12:34:53.326 (index):955 NODEACCESSRELEASED_4
12:34:53.327 (index):980 UPDATE_5
12:34:53.327 (index):1042 WAITING_6
12:34:53.328 (index):959 ATTRIBUTEACCESSRELEASED_7
12:34:53.328 (index):1042 WAITING_8
12:34:53.328 (index):980 UPDATE_9
12:34:53.329 (index):983 UPDATE_0
12:34:53.329 (index):955 NODEACCESSRELEASED_1
12:34:53.330 (index):959 ATTRIBUTEACCESSRELEASED_2
12:34:53.330 (index):1016 NODEACCESSREQUESTED_3
12:34:53.331 (index):1016 NODEACCESSREQUESTED_4
12:34:53.331 (index):955 NODEACCESSRELEASED_5
12:34:53.332 (index):1042 WAITING_6
12:34:53.332 (index):1016 NODEACCESSREQUESTED_7
12:34:53.332 (index):1042 WAITING_8
12:34:53.333 (index):955 NODEACCESSRELEASED_9
12:34:53.333 (index):959 ATTRIBUTEACCESSRELEASED_0
12:34:53.334 (index):1016 NODEACCESSREQUESTED_1
12:34:53.334 (index):1016 NODEACCESSREQUESTED_2
12:34:53.335 (index):980 UPDATE_3
12:34:53.335 (index):980 UPDATE_4
12:34:53.336 (index):1016 NODEACCESSREQUESTED_5
12:34:53.336 (index):1042 WAITING_6
12:34:53.336 (index):980 UPDATE_7
12:34:53.337 (index):1042 WAITING_8
12:34:53.337 (index):1016 NODEACCESSREQUESTED_9
12:34:53.338 (index):1016 NODEACCESSREQUESTED_0
12:34:53.338 (index):980 UPDATE_1
12:34:53.339 (index):980 UPDATE_2
12:34:53.339 (index):955 NODEACCESSRELEASED_3
12:34:53.340 (index):955 NODEACCESSRELEASED_4
12:34:53.340 (index):980 UPDATE_5
12:34:53.341 (index):1042 WAITING_6
12:34:53.341 (index):955 NODEACCESSRELEASED_7
12:34:53.341 (index):1042 WAITING_8
12:34:53.342 (index):1042 WAITING_9
12:34:53.342 (index):980 UPDATE_0
12:34:53.343 (index):955 NODEACCESSRELEASED_1
12:34:53.343 (index):955 NODEACCESSRELEASED_2
12:34:53.344 (index):1010 ATTRIBUTEACCESSREQUESTED_3
12:34:53.344 (index):1016 NODEACCESSREQUESTED_4
12:34:53.345 (index):955 NODEACCESSRELEASED_5
12:34:53.346 (index):1042 WAITING_6
12:34:53.346 (index):1016 NODEACCESSREQUESTED_7
12:34:53.347 (index):1042 WAITING_8
12:34:53.347 (index):980 UPDATE_9
12:34:53.348 (index):955 NODEACCESSRELEASED_0
12:34:53.348 (index):1016 NODEACCESSREQUESTED_1
12:34:53.349 (index):1016 NODEACCESSREQUESTED_2
12:34:53.349 (index):983 UPDATE_3
12:34:53.350 (index):1042 WAITING_4
12:34:53.350 (index):1010 ATTRIBUTEACCESSREQUESTED_5
12:34:53.351 (index):1042 WAITING_6
12:34:53.351 (index):980 UPDATE_7
12:34:53.351 (index):1042 WAITING_8
12:34:53.352 (index):955 NODEACCESSRELEASED_9
12:34:53.352 (index):1016 NODEACCESSREQUESTED_0
12:34:53.353 (index):1042 WAITING_1
12:34:53.353 (index):1042 WAITING_2
12:34:53.354 (index):959 ATTRIBUTEACCESSRELEASED_3
12:34:53.354 (index):980 UPDATE_4
12:34:53.355 (index):983 UPDATE_5
12:34:53.355 (index):1042 WAITING_6
12:34:53.355 (index):955 NODEACCESSRELEASED_7
12:34:53.356 (index):1042 WAITING_8
12:34:53.356 (index):1010 ATTRIBUTEACCESSREQUESTED_9
12:34:53.357 (index):1042 WAITING_0
12:34:53.357 (index):980 UPDATE_1
12:34:53.358 (index):1042 WAITING_2
12:34:53.358 (index):1010 ATTRIBUTEACCESSREQUESTED_3
12:34:53.359 (index):955 NODEACCESSRELEASED_4
12:34:53.359 (index):959 ATTRIBUTEACCESSRELEASED_5
12:34:53.360 (index):1042 WAITING_6
12:34:53.360 (index):1016 NODEACCESSREQUESTED_7
12:34:53.361 (index):1042 WAITING_8
12:34:53.361 (index):983 UPDATE_9
12:34:53.362 (index):1042 WAITING_0
12:34:53.362 (index):955 NODEACCESSRELEASED_1
12:34:53.363 (index):980 UPDATE_2
12:34:53.363 (index):983 UPDATE_3
12:34:53.363 (index):1016 NODEACCESSREQUESTED_4
12:34:53.364 (index):1016 NODEACCESSREQUESTED_5
12:34:53.364 (index):1042 WAITING_6
12:34:53.365 (index):980 UPDATE_7
12:34:53.365 (index):1042 WAITING_8
12:34:53.366 (index):959 ATTRIBUTEACCESSRELEASED_9
12:34:53.366 (index):980 UPDATE_0
12:34:53.366 (index):1016 NODEACCESSREQUESTED_1
12:34:53.367 (index):955 NODEACCESSRELEASED_2
12:34:53.367 (index):959 ATTRIBUTEACCESSRELEASED_3
12:34:53.368 (index):980 UPDATE_4
12:34:53.368 (index):980 UPDATE_5
12:34:53.369 (index):1042 WAITING_6
12:34:53.369 (index):955 NODEACCESSRELEASED_7
12:34:53.370 (index):1042 WAITING_8
12:34:53.370 (index):1016 NODEACCESSREQUESTED_9
12:34:53.370 (index):955 NODEACCESSRELEASED_0
12:34:53.371 (index):980 UPDATE_1
12:34:53.371 (index):1010 ATTRIBUTEACCESSREQUESTED_2
12:34:53.372 (index):1010 ATTRIBUTEACCESSREQUESTED_3
12:34:53.372 (index):955 NODEACCESSRELEASED_4
12:34:53.373 (index):955 NODEACCESSRELEASED_5
12:34:53.373 (index):1042 WAITING_6
12:34:53.374 (index):1016 NODEACCESSREQUESTED_7
12:34:53.374 (index):1042 WAITING_8
12:34:53.375 (index):980 UPDATE_9
12:34:53.375 (index):1010 ATTRIBUTEACCESSREQUESTED_0
12:34:53.375 (index):955 NODEACCESSRELEASED_1
12:34:53.376 (index):983 UPDATE_2
12:34:53.376 (index):983 UPDATE_3
12:34:53.377 (index):1010 ATTRIBUTEACCESSREQUESTED_4
12:34:53.377 (index):1016 NODEACCESSREQUESTED_5
12:34:53.378 (index):1042 WAITING_6
12:34:53.378 (index):980 UPDATE_7
12:34:53.379 (index):1042 WAITING_8
12:34:53.379 (index):955 NODEACCESSRELEASED_9
12:34:53.379 (index):983 UPDATE_0
12:34:53.380 (index):1016 NODEACCESSREQUESTED_1
12:34:53.380 (index):959 ATTRIBUTEACCESSRELEASED_2
12:34:53.381 (index):1053 END_3
12:34:53.381 (index):983 UPDATE_4
12:34:53.382 (index):980 UPDATE_5
12:34:53.382 (index):1042 WAITING_6
12:34:53.383 (index):1053 END_7
12:34:53.383 (index):1042 WAITING_8
12:34:53.384 (index):1016 NODEACCESSREQUESTED_9
12:34:53.384 (index):959 ATTRIBUTEACCESSRELEASED_0
12:34:53.385 (index):980 UPDATE_1
12:34:53.385 (index):1010 ATTRIBUTEACCESSREQUESTED_2
12:34:53.386 (index):1053 END_4
12:34:53.386 (index):1053 END_5
12:34:53.387 (index):1042 WAITING_6
12:34:53.388 (index):1042 WAITING_8
12:34:53.388 (index):980 UPDATE_9
12:34:53.389 (index):1016 NODEACCESSREQUESTED_0
12:34:53.389 (index):1053 END_1
12:34:53.390 (index):983 UPDATE_2
12:34:53.392 (index):1042 WAITING_6
12:34:53.392 (index):1042 WAITING_8
12:34:53.393 (index):955 NODEACCESSRELEASED_9
12:34:53.394 (index):980 UPDATE_0
12:34:53.395 (index):1053 END_2
12:34:53.396 (index):1042 WAITING_6
12:34:53.397 (index):1042 WAITING_8
12:34:53.397 (index):1010 ATTRIBUTEACCESSREQUESTED_9
12:34:53.398 (index):1053 END_0
12:34:53.401 (index):1042 WAITING_6
12:34:53.401 (index):1042 WAITING_8
12:34:53.402 (index):983 UPDATE_9
12:34:53.405 (index):1042 WAITING_6
12:34:53.406 (index):1042 WAITING_8
12:34:53.406 (index):1053 END_9
12:34:53.410 (index):1042 WAITING_6
12:34:53.411 (index):980 UPDATE_8
12:34:53.415 (index):1042 WAITING_6
12:34:53.415 (index):955 NODEACCESSRELEASED_8
12:34:53.420 (index):980 UPDATE_6
12:34:53.421 (index):1016 NODEACCESSREQUESTED_8
12:34:53.425 (index):955 NODEACCESSRELEASED_6
12:34:53.426 (index):980 UPDATE_8
12:34:53.430 (index):1010 ATTRIBUTEACCESSREQUESTED_6
12:34:53.431 (index):955 NODEACCESSRELEASED_8
12:34:53.435 (index):983 UPDATE_6
12:34:53.436 (index):1016 NODEACCESSREQUESTED_8
12:34:53.440 (index):959 ATTRIBUTEACCESSRELEASED_6
12:34:53.440 (index):980 UPDATE_8
12:34:53.445 (index):1016 NODEACCESSREQUESTED_6
12:34:53.446 (index):955 NODEACCESSRELEASED_8
12:34:53.450 (index):980 UPDATE_6
12:34:53.450 (index):1010 ATTRIBUTEACCESSREQUESTED_8
12:34:53.455 (index):955 NODEACCESSRELEASED_6
12:34:53.455 (index):983 UPDATE_8
12:34:53.459 (index):1016 NODEACCESSREQUESTED_6
12:34:53.460 (index):959 ATTRIBUTEACCESSRELEASED_8
12:34:53.464 (index):980 UPDATE_6
12:34:53.464 (index):1016 NODEACCESSREQUESTED_8
12:34:53.468 (index):955 NODEACCESSRELEASED_6
12:34:53.469 (index):980 UPDATE_8
12:34:53.473 (index):1010 ATTRIBUTEACCESSREQUESTED_6
12:34:53.474 (index):955 NODEACCESSRELEASED_8
12:34:53.478 (index):983 UPDATE_6
12:34:53.479 (index):1016 NODEACCESSREQUESTED_8
12:34:53.483 (index):959 ATTRIBUTEACCESSRELEASED_6
12:34:53.483 (index):980 UPDATE_8
12:34:53.487 (index):1016 NODEACCESSREQUESTED_6
12:34:53.488 (index):955 NODEACCESSRELEASED_8
12:34:53.492 (index):980 UPDATE_6
12:34:53.493 (index):1016 NODEACCESSREQUESTED_8
12:34:53.497 (index):1053 END_6
12:34:53.497 (index):980 UPDATE_8
12:34:53.502 (index):955 NODEACCESSRELEASED_8
12:34:53.506 (index):1010 ATTRIBUTEACCESSREQUESTED_8
12:34:53.511 (index):983 UPDATE_8
12:34:53.516 (index):959 ATTRIBUTEACCESSRELEASED_8
12:34:53.520 (index):1010 ATTRIBUTEACCESSREQUESTED_8
12:34:53.525 (index):983 UPDATE_8
12:34:53.530 (index):959 ATTRIBUTEACCESSRELEASED_8
12:34:53.534 (index):1016 NODEACCESSREQUESTED_8
12:34:53.539 (index):980 UPDATE_8
12:34:53.544 (index):955 NODEACCESSRELEASED_8
12:34:53.548 (index):1016 NODEACCESSREQUESTED_8
12:34:53.553 (index):980 UPDATE_8
12:34:53.558 (index):955 NODEACCESSRELEASED_8
12:34:53.563 (index):1016 NODEACCESSREQUESTED_8
12:34:53.568 (index):980 UPDATE_8
12:34:53.573 (index):1053 END_8
