12:34:53.574 (index):1273 Tasks: 25; Collaborators: 11    =========================>
12:34:53.574 (index):1016 NODEACCESSREQUESTED_0
12:34:53.575 (index):1016 NODEACCESSREQUESTED_1
12:34:53.575 (index):1010 ATTRIBUTEACCESSREQUESTED_2
12:34:53.576 (index):1010 ATTRIBUTEACCESSREQUESTED_3
12:34:53.576 (index):1016 NODEACCESSREQUESTED_4
12:34:53.576 (index):1016 NODEACCESSREQUESTED_5
12:34:53.577 (index):1016 NODEACCESSREQUESTED_6
12:34:53.577 (index):1016 NODEACCESSREQUESTED_7
12:34:53.578 (index):1016 NODEACCESSREQUESTED_8
12:34:53.578 (index):1016 NODEACCESSREQUESTED_9
12:34:53.579 (index):1010 ATTRIBUTEACCESSREQUESTED_10
12:34:53.579 (index):955 NODEACCESSRELEASED_0
12:34:53.580 (index):955 NODEACCESSRELEASED_1
12:34:53.580 (index):959 ATTRIBUTEACCESSRELEASED_2
12:34:53.581 (index):959 ATTRIBUTEACCESSRELEASED_3
12:34:53.581 (index):955 NODEACCESSRELEASED_4
12:34:53.582 (index):955 NODEACCESSRELEASED_5
12:34:53.582 (index):955 NODEACCESSRELEASED_6
12:34:53.583 (index):955 NODEACCESSRELEASED_7
12:34:53.583 (index):1042 WAITING_8
12:34:53.583 (index):955 NODEACCESSRELEASED_9
12:34:53.584 (index):959 ATTRIBUTEACCESSRELEASED_10
12:34:53.584 (index):1016 NODEACCESSREQUESTED_0
12:34:53.585 (index):1016 NODEACCESSREQUESTED_1
12:34:53.585 (index):1010 ATTRIBUTEACCESSREQUESTED_2
12:34:53.586 (index):1010 ATTRIBUTEACCESSREQUESTED_3
12:34:53.586 (index):1016 NODEACCESSREQUESTED_4
12:34:53.587 (index):1016 NODEACCESSREQUESTED_5
12:34:53.587 (index):1016 NODEACCESSREQUESTED_6
12:34:53.588 (index):1016 NODEACCESSREQUESTED_7
12:34:53.588 (index):955 NODEACCESSRELEASED_8
12:34:53.589 (index):1016 NODEACCESSREQUESTED_9
12:34:53.589 (index):1010 ATTRIBUTEACCESSREQUESTED_10
12:34:53.589 (index):980 UPDATE_0
12:34:53.590 (index):980 UPDATE_1
12:34:53.590 (index):983 UPDATE_2
12:34:53.591 (index):983 UPDATE_3
12:34:53.591 (index):980 UPDATE_4
12:34:53.592 (index):1042 WAITING_5
12:34:53.592 (index):980 UPDATE_6
12:34:53.593 (index):1042 WAITING_7
12:34:53.593 (index):1016 NODEACCESSREQUESTED_8
12:34:53.594 (index):980 UPDATE_9
12:34:53.594 (index):983 UPDATE_10
12:34:53.595 (index):955 NODEACCESSRELEASED_0
12:34:53.595 (index):955 NODEACCESSRELEASED_1
12:34:53.595 (index):959 ATTRIBUTEACCESSRELEASED_2
12:34:53.596 (index):959 ATTRIBUTEACCESSRELEASED_3
12:34:53.596 (index):955 NODEACCESSRELEASED_4
12:34:53.597 (index):1042 WAITING_5
12:34:53.597 (index):955 NODEACCESSRELEASED_6
12:34:53.598 (index):980 UPDATE_7
12:34:53.598 (index):1042 WAITING_8
12:34:53.599 (index):955 NODEACCESSRELEASED_9
12:34:53.599 (index):959 ATTRIBUTEACCESSRELEASED_10
12:34:53.600 (index):1016 NODEACCESSREQUESTED_0
12:34:53.600 (index):1016 NODEACCESSREQUESTED_1
12:34:53.600 (index):1016 NODEACCESSREQUESTED_2
12:34:53.601 (index):1016 NODEACCESSREQUESTED_3
12:34:53.601 (index):1010 ATTRIBUTEACCESSREQUESTED_4
12:34:53.602 (index):1042 WAITING_5
12:34:53.602 (index):1016 NODEACCESSREQUESTED_6
12:34:53.603 (index):955 NODEACCESSRELEASED_7
12:34:53.603 (index):1042 WAITING_8
12:34:53.604 (index):1016 NODEACCESSREQUESTED_9
12:34:53.604 (index):1010 ATTRIBUTEACCESSREQUESTED_10
12:34:53.605 (index):980 UPDATE_0
12:34:53.605 (index):980 UPDATE_1
12:34:53.605 (index):980 UPDATE_2
12:34:53.606 (index):980 UPDATE_3
12:34:53.606 (index):983 UPDATE_4
12:34:53.607 (index):1042 WAITING_5
12:34:53.607 (index):1042 WAITING_6
12:34:53.608 (index):1016 NODEACCESSREQUESTED_7
12:34:53.608 (index):1042 WAITING_8
12:34:53.609 (index):1042 WAITING_9
12:34:53.609 (index):983 UPDATE_10
12:34:53.610 (index):955 NODEACCESSRELEASED_0
12:34:53.610 (index):955 NODEACCESSRELEASED_1
12:34:53.611 (index):955 NODEACCESSRELEASED_2
12:34:53.611 (index):955 NODEACCESSRELEASED_3
12:34:53.612 (index):959 ATTRIBUTEACCESSRELEASED_4
12:34:53.612 (index):1042 WAITING_5
12:34:53.612 (index):980 UPDATE_6
12:34:53.613 (index):980 UPDATE_7
12:34:53.613 (index):1042 WAITING_8
12:34:53.614 (index):1042 WAITING_9
12:34:53.649 (index):959 ATTRIBUTEACCESSRELEASED_10
12:34:53.649 (index):1016 NODEACCESSREQUESTED_0
12:34:53.650 (index):1016 NODEACCESSREQUESTED_1
12:34:53.650 (index):1016 NODEACCESSREQUESTED_2
12:34:53.651 (index):1010 ATTRIBUTEACCESSREQUESTED_3
12:34:53.651 (index):1016 NODEACCESSREQUESTED_4
12:34:53.652 (index):1042 WAITING_5
12:34:53.652 (index):955 NODEACCESSRELEASED_6
12:34:53.653 (index):955 NODEACCESSRELEASED_7
12:34:53.653 (index):1042 WAITING_8
12:34:53.654 (index):1042 WAITING_9
12:34:53.654 (index):1016 NODEACCESSREQUESTED_10
12:34:53.655 (index):980 UPDATE_0
12:34:53.655 (index):980 UPDATE_1
12:34:53.656 (index):980 UPDATE_2
12:34:53.656 (index):983 UPDATE_3
12:34:53.656 (index):980 UPDATE_4
12:34:53.657 (index):1042 WAITING_5
12:34:53.657 (index):1016 NODEACCESSREQUESTED_6
12:34:53.658 (index):1010 ATTRIBUTEACCESSREQUESTED_7
12:34:53.659 (index):1042 WAITING_8
12:34:53.659 (index):1042 WAITING_9
12:34:53.660 (index):980 UPDATE_10
12:34:53.661 (index):955 NODEACCESSRELEASED_0
12:34:53.661 (index):955 NODEACCESSRELEASED_1
12:34:53.662 (index):955 NODEACCESSRELEASED_2
12:34:53.663 (index):959 ATTRIBUTEACCESSRELEASED_3
12:34:53.663 (index):955 NODEACCESSRELEASED_4
12:34:53.663 (index):1042 WAITING_5
12:34:53.664 (index):980 UPDATE_6
12:34:53.664 (index):983 UPDATE_7
12:34:53.665 (index):1042 WAITING_8
12:34:53.665 (index):1042 WAITING_9
12:34:53.666 (index):955 NODEACCESSRELEASED_10
12:34:53.666 (index):1010 ATTRIBUTEACCESSREQUESTED_0
12:34:53.667 (index):1010 ATTRIBUTEACCESSREQUESTED_1
12:34:53.667 (index):1016 NODEACCESSREQUESTED_2
12:34:53.668 (index):1016 NODEACCESSREQUESTED_3
12:34:53.668 (index):1016 NODEACCESSREQUESTED_4
12:34:53.668 (index):1042 WAITING_5
12:34:53.669 (index):955 NODEACCESSRELEASED_6
12:34:53.669 (index):959 ATTRIBUTEACCESSRELEASED_7
12:34:53.670 (index):1042 WAITING_8
12:34:53.670 (index):1042 WAITING_9
12:34:53.671 (index):1016 NODEACCESSREQUESTED_10
12:34:53.671 (index):983 UPDATE_0
12:34:53.672 (index):983 UPDATE_1
12:34:53.672 (index):980 UPDATE_2
12:34:53.673 (index):980 UPDATE_3
12:34:53.673 (index):980 UPDATE_4
12:34:53.674 (index):1042 WAITING_5
12:34:53.674 (index):1016 NODEACCESSREQUESTED_6
12:34:53.675 (index):1016 NODEACCESSREQUESTED_7
12:34:53.675 (index):1042 WAITING_8
12:34:53.676 (index):1042 WAITING_9
12:34:53.676 (index):980 UPDATE_10
12:34:53.677 (index):959 ATTRIBUTEACCESSRELEASED_0
12:34:53.677 (index):959 ATTRIBUTEACCESSRELEASED_1
12:34:53.678 (index):955 NODEACCESSRELEASED_2
12:34:53.678 (index):955 NODEACCESSRELEASED_3
12:34:53.679 (index):955 NODEACCESSRELEASED_4
12:34:53.679 (index):1042 WAITING_5
12:34:53.680 (index):1042 WAITING_6
12:34:53.680 (index):980 UPDATE_7
12:34:53.681 (index):1042 WAITING_8
12:34:53.681 (index):1042 WAITING_9
12:34:53.682 (index):955 NODEACCESSRELEASED_10
12:34:53.682 (index):1010 ATTRIBUTEACCESSREQUESTED_0
12:34:53.683 (index):1016 NODEACCESSREQUESTED_1
12:34:53.683 (index):1010 ATTRIBUTEACCESSREQUESTED_2
12:34:53.684 (index):1010 ATTRIBUTEACCESSREQUESTED_3
12:34:53.684 (index):1010 ATTRIBUTEACCESSREQUESTED_4
12:34:53.685 (index):1042 WAITING_5
12:34:53.685 (index):980 UPDATE_6
12:34:53.685 (index):955 NODEACCESSRELEASED_7
12:34:53.686 (index):1042 WAITING_8
12:34:53.686 (index):1042 WAITING_9
12:34:53.687 (index):1016 NODEACCESSREQUESTED_10
12:34:53.687 (index):983 UPDATE_0
12:34:53.688 (index):980 UPDATE_1
12:34:53.688 (index):983 UPDATE_2
12:34:53.689 (index):983 UPDATE_3
12:34:53.689 (index):983 UPDATE_4
12:34:53.690 (index):1042 WAITING_5
12:34:53.690 (index):955 NODEACCESSRELEASED_6
12:34:53.691 (index):1016 NODEACCESSREQUESTED_7
12:34:53.691 (index):1042 WAITING_8
12:34:53.692 (index):1042 WAITING_9
12:34:53.692 (index):980 UPDATE_10
12:34:53.692 (index):959 ATTRIBUTEACCESSRELEASED_0
12:34:53.693 (index):955 NODEACCESSRELEASED_1
12:34:53.693 (index):959 ATTRIBUTEACCESSRELEASED_2
12:34:53.694 (index):959 ATTRIBUTEACCESSRELEASED_3
12:34:53.694 (index):959 ATTRIBUTEACCESSRELEASED_4
12:34:53.695 (index):1042 WAITING_5
12:34:53.695 (index):1010 ATTRIBUTEACCESSREQUESTED_6
12:34:53.696 (index):980 UPDATE_7
12:34:53.696 (index):1042 WAITING_8
12:34:53.697 (index):1042 WAITING_9
12:34:53.697 (index):955 NODEACCESSRELEASED_10
12:34:53.698 (index):1010 ATTRIBUTEACCESSREQUESTED_0
12:34:53.698 (index):1010 ATTRIBUTEACCESSREQUESTED_1
12:34:53.699 (index):1016 NODEACCESSREQUESTED_2
12:34:53.699 (index):1016 NODEACCESSREQUESTED_3
12:34:53.700 (index):1016 NODEACCESSREQUESTED_4
12:34:53.700 (index):1042 WAITING_5
12:34:53.701 (index):983 UPDATE_6
12:34:53.701 (index):955 NODEACCESSRELEASED_7
12:34:53.702 (index):1042 WAITING_8
12:34:53.702 (index):1042 WAITING_9
12:34:53.702 (index):1016 NODEACCESSREQUESTED_10
12:34:53.703 (index):983 UPDATE_0
12:34:53.703 (index):983 UPDATE_1
12:34:53.704 (index):980 UPDATE_2
12:34:53.704 (index):980 UPDATE_3
12:34:53.705 (index):980 UPDATE_4
12:34:53.705 (index):1042 WAITING_5
12:34:53.706 (index):959 ATTRIBUTEACCESSRELEASED_6
12:34:53.706 (index):1016 NODEACCESSREQUESTED_7
12:34:53.707 (index):1042 WAITING_8
12:34:53.707 (index):1042 WAITING_9
12:34:53.708 (index):1042 WAITING_10
12:34:53.708 (index):959 ATTRIBUTEACCESSRELEASED_0
12:34:53.709 (index):959 ATTRIBUTEACCESSRELEASED_1
12:34:53.709 (index):955 NODEACCESSRELEASED_2
12:34:53.709 (index):955 NODEACCESSRELEASED_3
12:34:53.710 (index):955 NODEACCESSRELEASED_4
12:34:53.710 (index):1042 WAITING_5
12:34:53.711 (index):1010 ATTRIBUTEACCESSREQUESTED_6
12:34:53.711 (index):980 UPDATE_7
12:34:53.712 (index):1042 WAITING_8
12:34:53.712 (index):1042 WAITING_9
12:34:53.713 (index):980 UPDATE_10
12:34:53.713 (index):1016 NODEACCESSREQUESTED_0
12:34:53.714 (index):1010 ATTRIBUTEACCESSREQUESTED_1
12:34:53.714 (index):1016 NODEACCESSREQUESTED_2
12:34:53.715 (index):1016 NODEACCESSREQUESTED_3
12:34:53.715 (index):1016 NODEACCESSREQUESTED_4
12:34:53.716 (index):1042 WAITING_5
12:34:53.716 (index):983 UPDATE_6
12:34:53.716 (index):955 NODEACCESSRELEASED_7
12:34:53.717 (index):1042 WAITING_8
12:34:53.717 (index):1042 WAITING_9
12:34:53.718 (index):955 NODEACCESSRELEASED_10
12:34:53.718 (index):980 UPDATE_0
12:34:53.719 (index):983 UPDATE_1
12:34:53.719 (index):980 UPDATE_2
12:34:53.720 (index):980 UPDATE_3
12:34:53.720 (index):1042 WAITING_4
12:34:53.721 (index):1042 WAITING_5
12:34:53.721 (index):959 ATTRIBUTEACCESSRELEASED_6
12:34:53.722 (index):1016 NODEACCESSREQUESTED_7
12:34:53.722 (index):1042 WAITING_8
12:34:53.723 (index):1042 WAITING_9
12:34:53.723 (index):1016 NODEACCESSREQUESTED_10
12:34:53.723 (index):955 NODEACCESSRELEASED_0
12:34:53.724 (index):959 ATTRIBUTEACCESSRELEASED_1
12:34:53.724 (index):955 NODEACCESSRELEASED_2
12:34:53.725 (index):955 NODEACCESSRELEASED_3
12:34:53.725 (index):980 UPDATE_4
12:34:53.726 (index):1042 WAITING_5
12:34:53.726 (index):1016 NODEACCESSREQUESTED_6
12:34:53.727 (index):980 UPDATE_7
12:34:53.727 (index):1042 WAITING_8
12:34:53.728 (index):1042 WAITING_9
12:34:53.728 (index):1042 WAITING_10
12:34:53.729 (index):1010 ATTRIBUTEACCESSREQUESTED_0
12:34:53.729 (index):1016 NODEACCESSREQUESTED_1
12:34:53.729 (index):1016 NODEACCESSREQUESTED_2
12:34:53.730 (index):1016 NODEACCESSREQUESTED_3
12:34:53.730 (index):955 NODEACCESSRELEASED_4
12:34:53.731 (index):1042 WAITING_5
12:34:53.731 (index):1042 WAITING_6
12:34:53.732 (index):955 NODEACCESSRELEASED_7
12:34:53.732 (index):1042 WAITING_8
12:34:53.733 (index):1042 WAITING_9
12:34:53.733 (index):1042 WAITING_10
12:34:53.733 (index):983 UPDATE_0
12:34:53.734 (index):980 UPDATE_1
12:34:53.734 (index):980 UPDATE_2
12:34:53.735 (index):1042 WAITING_3
12:34:53.735 (index):1010 ATTRIBUTEACCESSREQUESTED_4
12:34:53.736 (index):1042 WAITING_5
12:34:53.736 (index):980 UPDATE_6
12:34:53.736 (index):1016 NODEACCESSREQUESTED_7
12:34:53.737 (index):1042 WAITING_8
12:34:53.737 (index):1042 WAITING_9
12:34:53.738 (index):1042 WAITING_10
12:34:53.738 (index):959 ATTRIBUTEACCESSRELEASED_0
12:34:53.739 (index):955 NODEACCESSRELEASED_1
12:34:53.739 (index):955 NODEACCESSRELEASED_2
12:34:53.740 (index):1042 WAITING_3
12:34:53.740 (index):983 UPDATE_4
12:34:53.740 (index):1042 WAITING_5
12:34:53.741 (index):955 NODEACCESSRELEASED_6
12:34:53.741 (index):980 UPDATE_7
12:34:53.742 (index):1042 WAITING_8
12:34:53.742 (index):1042 WAITING_9
12:34:53.743 (index):980 UPDATE_10
12:34:53.743 (index):1010 ATTRIBUTEACCESSREQUESTED_0
12:34:53.744 (index):1016 NODEACCESSREQUESTED_1
12:34:53.744 (index):1010 ATTRIBUTEACCESSREQUESTED_2
12:34:53.744 (index):1042 WAITING_3
12:34:53.745 (index):959 ATTRIBUTEACCESSRELEASED_4
12:34:53.745 (index):1042 WAITING_5
12:34:53.746 (index):1016 NODEACCESSREQUESTED_6
12:34:53.746 (index):955 NODEACCESSRELEASED_7
12:34:53.747 (index):1042 WAITING_8
12:34:53.747 (index):1042 WAITING_9
12:34:53.748 (index):955 NODEACCESSRELEASED_10
12:34:53.748 (index):983 UPDATE_0
12:34:53.748 (index):1042 WAITING_1
12:34:53.749 (index):1042 WAITING_2
12:34:53.749 (index):980 UPDATE_3
12:34:53.750 (index):1016 NODEACCESSREQUESTED_4
12:34:53.750 (index):1042 WAITING_5
12:34:53.751 (index):980 UPDATE_6
12:34:53.751 (index):1010 ATTRIBUTEACCESSREQUESTED_7
12:34:53.751 (index):1042 WAITING_8
12:34:53.752 (index):1042 WAITING_9
12:34:53.752 (index):1016 NODEACCESSREQUESTED_10
12:34:53.753 (index):959 ATTRIBUTEACCESSRELEASED_0
12:34:53.753 (index):1042 WAITING_1
12:34:53.754 (index):983 UPDATE_2
12:34:53.754 (index):955 NODEACCESSRELEASED_3
12:34:53.755 (index):1042 WAITING_4
12:34:53.755 (index):1042 WAITING_5
12:34:53.755 (index):955 NODEACCESSRELEASED_6
12:34:53.756 (index):983 UPDATE_7
12:34:53.756 (index):1042 WAITING_8
12:34:53.757 (index):1042 WAITING_9
12:34:53.758 (index):980 UPDATE_10
12:34:53.758 (index):1016 NODEACCESSREQUESTED_0
12:34:53.759 (index):980 UPDATE_1
12:34:53.759 (index):959 ATTRIBUTEACCESSRELEASED_2
12:34:53.760 (index):1010 ATTRIBUTEACCESSREQUESTED_3
12:34:53.760 (index):980 UPDATE_4
12:34:53.760 (index):1042 WAITING_5
12:34:53.761 (index):1010 ATTRIBUTEACCESSREQUESTED_6
12:34:53.761 (index):959 ATTRIBUTEACCESSRELEASED_7
12:34:53.762 (index):1042 WAITING_8
12:34:53.762 (index):1042 WAITING_9
12:34:53.763 (index):955 NODEACCESSRELEASED_10
12:34:53.763 (index):980 UPDATE_0
12:34:53.764 (index):955 NODEACCESSRELEASED_1
12:34:53.764 (index):1016 NODEACCESSREQUESTED_2
12:34:53.764 (index):983 UPDATE_3
12:34:53.765 (index):955 NODEACCESSRELEASED_4
12:34:53.765 (index):1042 WAITING_5
12:34:53.766 (index):983 UPDATE_6
12:34:53.766 (index):1016 NODEACCESSREQUESTED_7
12:34:53.767 (index):1042 WAITING_8
12:34:53.767 (index):1042 WAITING_9
12:34:53.768 (index):1016 NODEACCESSREQUESTED_10
12:34:53.768 (index):955 NODEACCESSRELEASED_0
12:34:53.768 (index):1016 NODEACCESSREQUESTED_1
12:34:53.769 (index):980 UPDATE_2
12:34:53.769 (index):959 ATTRIBUTEACCESSRELEASED_3
12:34:53.770 (index):1016 NODEACCESSREQUESTED_4
12:34:53.770 (index):1042 WAITING_5
12:34:53.771 (index):959 ATTRIBUTEACCESSRELEASED_6
12:34:53.771 (index):980 UPDATE_7
12:34:53.771 (index):1042 WAITING_8
12:34:53.772 (index):1042 WAITING_9
12:34:53.772 (index):980 UPDATE_10
12:34:53.773 (index):1016 NODEACCESSREQUESTED_0
12:34:53.773 (index):980 UPDATE_1
12:34:53.774 (index):955 NODEACCESSRELEASED_2
12:34:53.775 (index):1016 NODEACCESSREQUESTED_3
12:34:53.775 (index):980 UPDATE_4
12:34:53.776 (index):1042 WAITING_5
12:34:53.776 (index):1016 NODEACCESSREQUESTED_6
12:34:53.776 (index):955 NODEACCESSRELEASED_7
12:34:53.777 (index):1042 WAITING_8
12:34:53.777 (index):1042 WAITING_9
12:34:53.778 (index):955 NODEACCESSRELEASED_10
12:34:53.778 (index):980 UPDATE_0
12:34:53.779 (index):955 NODEACCESSRELEASED_1
12:34:53.779 (index):1016 NODEACCESSREQUESTED_2
12:34:53.780 (index):980 UPDATE_3
12:34:53.780 (index):955 NODEACCESSRELEASED_4
12:34:53.780 (index):1042 WAITING_5
12:34:53.781 (index):980 UPDATE_6
12:34:53.781 (index):1016 NODEACCESSREQUESTED_7
12:34:53.782 (index):1042 WAITING_8
12:34:53.782 (index):1042 WAITING_9
12:34:53.783 (index):1010 ATTRIBUTEACCESSREQUESTED_10
12:34:53.783 (index):955 NODEACCESSRELEASED_0
12:34:53.784 (index):1016 NODEACCESSREQUESTED_1
12:34:53.784 (index):980 UPDATE_2
12:34:53.784 (index):955 NODEACCESSRELEASED_3
12:34:53.785 (index):1016 NODEACCESSREQUESTED_4
12:34:53.785 (index):1042 WAITING_5
12:34:53.786 (index):955 NODEACCESSRELEASED_6
12:34:53.786 (index):980 UPDATE_7
12:34:53.787 (index):1042 WAITING_8
12:34:53.787 (index):1042 WAITING_9
12:34:53.787 (index):983 UPDATE_10
12:34:53.788 (index):1010 ATTRIBUTEACCESSREQUESTED_0
12:34:53.788 (index):980 UPDATE_1
12:34:53.789 (index):955 NODEACCESSRELEASED_2
12:34:53.789 (index):1010 ATTRIBUTEACCESSREQUESTED_3
12:34:53.790 (index):1042 WAITING_4
12:34:53.790 (index):1042 WAITING_5
12:34:53.791 (index):1016 NODEACCESSREQUESTED_6
12:34:53.791 (index):955 NODEACCESSRELEASED_7
12:34:53.791 (index):1042 WAITING_8
12:34:53.792 (index):1042 WAITING_9
12:34:53.792 (index):959 ATTRIBUTEACCESSRELEASED_10
12:34:53.793 (index):983 UPDATE_0
12:34:53.793 (index):955 NODEACCESSRELEASED_1
12:34:53.794 (index):1010 ATTRIBUTEACCESSREQUESTED_2
12:34:53.794 (index):983 UPDATE_3
12:34:53.795 (index):1042 WAITING_4
12:34:53.796 (index):1042 WAITING_5
12:34:53.796 (index):980 UPDATE_6
12:34:53.797 (index):1016 NODEACCESSREQUESTED_7
12:34:53.797 (index):1042 WAITING_8
12:34:53.797 (index):1042 WAITING_9
12:34:53.798 (index):1010 ATTRIBUTEACCESSREQUESTED_10
12:34:53.798 (index):959 ATTRIBUTEACCESSRELEASED_0
12:34:53.799 (index):1016 NODEACCESSREQUESTED_1
12:34:53.799 (index):983 UPDATE_2
12:34:53.800 (index):959 ATTRIBUTEACCESSRELEASED_3
12:34:53.800 (index):1042 WAITING_4
12:34:53.801 (index):1042 WAITING_5
12:34:53.801 (index):955 NODEACCESSRELEASED_6
12:34:53.801 (index):980 UPDATE_7
12:34:53.802 (index):1042 WAITING_8
12:34:53.802 (index):1042 WAITING_9
12:34:53.803 (index):983 UPDATE_10
12:34:53.803 (index):1016 NODEACCESSREQUESTED_0
12:34:53.804 (index):980 UPDATE_1
12:34:53.804 (index):959 ATTRIBUTEACCESSRELEASED_2
12:34:53.805 (index):1010 ATTRIBUTEACCESSREQUESTED_3
12:34:53.805 (index):1042 WAITING_4
12:34:53.806 (index):1042 WAITING_5
12:34:53.806 (index):1010 ATTRIBUTEACCESSREQUESTED_6
12:34:53.807 (index):955 NODEACCESSRELEASED_7
12:34:53.807 (index):1042 WAITING_8
12:34:53.808 (index):1042 WAITING_9
12:34:53.808 (index):959 ATTRIBUTEACCESSRELEASED_10
12:34:53.809 (index):980 UPDATE_0
12:34:53.809 (index):955 NODEACCESSRELEASED_1
12:34:53.810 (index):1010 ATTRIBUTEACCESSREQUESTED_2
12:34:53.810 (index):983 UPDATE_3
12:34:53.811 (index):1042 WAITING_4
12:34:53.811 (index):1042 WAITING_5
12:34:53.812 (index):983 UPDATE_6
12:34:53.812 (index):1016 NODEACCESSREQUESTED_7
12:34:53.813 (index):1042 WAITING_8
12:34:53.813 (index):1042 WAITING_9
12:34:53.813 (index):1016 NODEACCESSREQUESTED_10
12:34:53.814 (index):1053 END_0
12:34:53.814 (index):1016 NODEACCESSREQUESTED_1
12:34:53.815 (index):983 UPDATE_2
12:34:53.815 (index):959 ATTRIBUTEACCESSRELEASED_3
12:34:53.816 (index):1042 WAITING_4
12:34:53.816 (index):1042 WAITING_5
12:34:53.817 (index):959 ATTRIBUTEACCESSRELEASED_6
12:34:53.817 (index):980 UPDATE_7
12:34:53.817 (index):1042 WAITING_8
12:34:53.818 (index):1042 WAITING_9
12:34:53.818 (index):980 UPDATE_10
12:34:53.819 (index):980 UPDATE_1
12:34:53.819 (index):1053 END_2
12:34:53.820 (index):1010 ATTRIBUTEACCESSREQUESTED_3
12:34:53.820 (index):1042 WAITING_4
12:34:53.821 (index):1042 WAITING_5
12:34:53.821 (index):1016 NODEACCESSREQUESTED_6
12:34:53.822 (index):1053 END_7
12:34:53.822 (index):1042 WAITING_8
12:34:53.822 (index):1042 WAITING_9
12:34:53.823 (index):955 NODEACCESSRELEASED_10
12:34:53.823 (index):1053 END_1
12:34:53.824 (index):983 UPDATE_3
12:34:53.825 (index):1042 WAITING_4
12:34:53.825 (index):1042 WAITING_5
12:34:53.826 (index):980 UPDATE_6
12:34:53.827 (index):1042 WAITING_8
12:34:53.827 (index):1042 WAITING_9
12:34:53.828 (index):1016 NODEACCESSREQUESTED_10
12:34:53.829 (index):1053 END_3
12:34:53.829 (index):1042 WAITING_4
12:34:53.830 (index):1042 WAITING_5
12:34:53.831 (index):1053 END_6
12:34:53.831 (index):1042 WAITING_8
12:34:53.832 (index):1042 WAITING_9
12:34:53.833 (index):980 UPDATE_10
12:34:53.834 (index):1042 WAITING_4
12:34:53.835 (index):1042 WAITING_5
12:34:53.836 (index):1042 WAITING_8
12:34:53.837 (index):1042 WAITING_9
12:34:53.837 (index):1053 END_10
12:34:53.838 (index):1042 WAITING_4
12:34:53.839 (index):980 UPDATE_5
12:34:53.840 (index):1042 WAITING_8
12:34:53.841 (index):1042 WAITING_9
12:34:53.843 (index):1042 WAITING_4
12:34:53.844 (index):955 NODEACCESSRELEASED_5
12:34:53.845 (index):980 UPDATE_8
12:34:53.846 (index):1042 WAITING_9
12:34:53.848 (index):1042 WAITING_4
12:34:53.848 (index):1010 ATTRIBUTEACCESSREQUESTED_5
12:34:53.850 (index):955 NODEACCESSRELEASED_8
12:34:53.850 (index):980 UPDATE_9
12:34:53.852 (index):1042 WAITING_4
12:34:53.853 (index):1042 WAITING_5
12:34:53.854 (index):1016 NODEACCESSREQUESTED_8
12:34:53.855 (index):955 NODEACCESSRELEASED_9
12:34:53.857 (index):980 UPDATE_4
12:34:53.857 (index):1042 WAITING_5
12:34:53.859 (index):1042 WAITING_8
12:34:53.859 (index):1010 ATTRIBUTEACCESSREQUESTED_9
12:34:53.861 (index):955 NODEACCESSRELEASED_4
12:34:53.862 (index):983 UPDATE_5
12:34:53.863 (index):980 UPDATE_8
12:34:53.864 (index):1042 WAITING_9
12:34:53.866 (index):1016 NODEACCESSREQUESTED_4
12:34:53.867 (index):959 ATTRIBUTEACCESSRELEASED_5
12:34:53.868 (index):955 NODEACCESSRELEASED_8
12:34:53.869 (index):983 UPDATE_9
12:34:53.870 (index):980 UPDATE_4
12:34:53.871 (index):1016 NODEACCESSREQUESTED_5
12:34:53.872 (index):1016 NODEACCESSREQUESTED_8
12:34:53.873 (index):959 ATTRIBUTEACCESSRELEASED_9
12:34:53.875 (index):955 NODEACCESSRELEASED_4
12:34:53.876 (index):980 UPDATE_5
12:34:53.877 (index):980 UPDATE_8
12:34:53.878 (index):1016 NODEACCESSREQUESTED_9
12:34:53.880 (index):1010 ATTRIBUTEACCESSREQUESTED_4
12:34:53.880 (index):955 NODEACCESSRELEASED_5
12:34:53.881 (index):955 NODEACCESSRELEASED_8
12:34:53.882 (index):1042 WAITING_9
12:34:53.884 (index):983 UPDATE_4
12:34:53.885 (index):1010 ATTRIBUTEACCESSREQUESTED_5
12:34:53.886 (index):1016 NODEACCESSREQUESTED_8
12:34:53.887 (index):1042 WAITING_9
12:34:53.889 (index):1053 END_4
12:34:53.889 (index):983 UPDATE_5
12:34:53.890 (index):1042 WAITING_8
12:34:53.891 (index):1042 WAITING_9
12:34:53.894 (index):959 ATTRIBUTEACCESSRELEASED_5
12:34:53.895 (index):1042 WAITING_8
12:34:53.896 (index):980 UPDATE_9
12:34:53.898 (index):1010 ATTRIBUTEACCESSREQUESTED_5
12:34:53.900 (index):1042 WAITING_8
12:34:53.900 (index):955 NODEACCESSRELEASED_9
12:34:53.903 (index):1042 WAITING_5
12:34:53.904 (index):980 UPDATE_8
12:34:53.905 (index):1016 NODEACCESSREQUESTED_9
12:34:53.907 (index):1042 WAITING_5
12:34:53.909 (index):955 NODEACCESSRELEASED_8
12:34:53.909 (index):980 UPDATE_9
12:34:53.912 (index):983 UPDATE_5
12:34:53.913 (index):1010 ATTRIBUTEACCESSREQUESTED_8
12:34:53.914 (index):955 NODEACCESSRELEASED_9
12:34:53.917 (index):959 ATTRIBUTEACCESSRELEASED_5
12:34:53.918 (index):983 UPDATE_8
12:34:53.919 (index):1016 NODEACCESSREQUESTED_9
12:34:53.921 (index):1016 NODEACCESSREQUESTED_5
12:34:53.922 (index):959 ATTRIBUTEACCESSRELEASED_8
12:34:53.923 (index):980 UPDATE_9
12:34:53.926 (index):980 UPDATE_5
12:34:53.927 (index):1016 NODEACCESSREQUESTED_8
12:34:53.928 (index):955 NODEACCESSRELEASED_9
12:34:53.931 (index):955 NODEACCESSRELEASED_5
12:34:53.932 (index):980 UPDATE_8
12:34:53.933 (index):1010 ATTRIBUTEACCESSREQUESTED_9
12:34:53.936 (index):1010 ATTRIBUTEACCESSREQUESTED_5
12:34:53.937 (index):955 NODEACCESSRELEASED_8
12:34:53.938 (index):983 UPDATE_9
12:34:53.941 (index):983 UPDATE_5
12:34:53.941 (index):1016 NODEACCESSREQUESTED_8
12:34:53.943 (index):959 ATTRIBUTEACCESSRELEASED_9
12:34:53.945 (index):959 ATTRIBUTEACCESSRELEASED_5
12:34:53.946 (index):980 UPDATE_8
12:34:53.947 (index):1016 NODEACCESSREQUESTED_9
12:34:53.950 (index):1010 ATTRIBUTEACCESSREQUESTED_5
12:34:53.951 (index):955 NODEACCESSRELEASED_8
12:34:53.952 (index):980 UPDATE_9
12:34:53.954 (index):983 UPDATE_5
12:34:53.955 (index):1016 NODEACCESSREQUESTED_8
12:34:53.956 (index):955 NODEACCESSRELEASED_9
12:34:53.959 (index):959 ATTRIBUTEACCESSRELEASED_5
12:34:53.960 (index):980 UPDATE_8
12:34:53.961 (index):1016 NODEACCESSREQUESTED_9
12:34:53.963 (index):1016 NODEACCESSREQUESTED_5
12:34:53.964 (index):955 NODEACCESSRELEASED_8
12:34:53.965 (index):980 UPDATE_9
12:34:53.968 (index):980 UPDATE_5
12:34:53.969 (index):1010 ATTRIBUTEACCESSREQUESTED_8
12:34:53.970 (index):955 NODEACCESSRELEASED_9
12:34:53.972 (index):955 NODEACCESSRELEASED_5
12:34:53.973 (index):983 UPDATE_8
12:34:53.974 (index):1010 ATTRIBUTEACCESSREQUESTED_9
12:34:53.977 (index):1016 NODEACCESSREQUESTED_5
12:34:53.978 (index):959 ATTRIBUTEACCESSRELEASED_8
12:34:53.979 (index):983 UPDATE_9
12:34:53.982 (index):980 UPDATE_5
12:34:53.982 (index):1010 ATTRIBUTEACCESSREQUESTED_8
12:34:53.984 (index):959 ATTRIBUTEACCESSRELEASED_9
12:34:53.986 (index):955 NODEACCESSRELEASED_5
12:34:53.987 (index):983 UPDATE_8
12:34:53.988 (index):1016 NODEACCESSREQUESTED_9
12:34:53.991 (index):1010 ATTRIBUTEACCESSREQUESTED_5
12:34:53.992 (index):959 ATTRIBUTEACCESSRELEASED_8
12:34:53.993 (index):980 UPDATE_9
12:34:53.996 (index):983 UPDATE_5
12:34:53.996 (index):1016 NODEACCESSREQUESTED_8
12:34:53.997 (index):955 NODEACCESSRELEASED_9
12:34:54.000 (index):959 ATTRIBUTEACCESSRELEASED_5
12:34:54.001 (index):980 UPDATE_8
12:34:54.002 (index):1016 NODEACCESSREQUESTED_9
12:34:54.005 (index):1016 NODEACCESSREQUESTED_5
12:34:54.005 (index):955 NODEACCESSRELEASED_8
12:34:54.006 (index):980 UPDATE_9
12:34:54.009 (index):980 UPDATE_5
12:34:54.010 (index):1016 NODEACCESSREQUESTED_8
12:34:54.011 (index):955 NODEACCESSRELEASED_9
12:34:54.014 (index):955 NODEACCESSRELEASED_5
12:34:54.014 (index):980 UPDATE_8
12:34:54.015 (index):1010 ATTRIBUTEACCESSREQUESTED_9
12:34:54.018 (index):1016 NODEACCESSREQUESTED_5
12:34:54.019 (index):955 NODEACCESSRELEASED_8
12:34:54.020 (index):983 UPDATE_9
12:34:54.023 (index):980 UPDATE_5
12:34:54.023 (index):1016 NODEACCESSREQUESTED_8
12:34:54.024 (index):1053 END_9
12:34:54.027 (index):1053 END_5
12:34:54.028 (index):980 UPDATE_8
12:34:54.032 (index):1053 END_8
