12:34:54.505 (index):1327 Tasks: 25; Collaborators: 13    =========================>
12:34:54.506 (index):1016 NODEACCESSREQUESTED_0
12:34:54.506 (index):1016 NODEACCESSREQUESTED_1
12:34:54.507 (index):1010 ATTRIBUTEACCESSREQUESTED_2
12:34:54.507 (index):1010 ATTRIBUTEACCESSREQUESTED_3
12:34:54.508 (index):1016 NODEACCESSREQUESTED_4
12:34:54.509 (index):1016 NODEACCESSREQUESTED_5
12:34:54.509 (index):1016 NODEACCESSREQUESTED_6
12:34:54.510 (index):1016 NODEACCESSREQUESTED_7
12:34:54.510 (index):1016 NODEACCESSREQUESTED_8
12:34:54.510 (index):1016 NODEACCESSREQUESTED_9
12:34:54.511 (index):1010 ATTRIBUTEACCESSREQUESTED_10
12:34:54.511 (index):1016 NODEACCESSREQUESTED_11
12:34:54.512 (index):1016 NODEACCESSREQUESTED_12
12:34:54.512 (index):955 NODEACCESSRELEASED_0
12:34:54.513 (index):955 NODEACCESSRELEASED_1
12:34:54.513 (index):959 ATTRIBUTEACCESSRELEASED_2
12:34:54.514 (index):959 ATTRIBUTEACCESSRELEASED_3
12:34:54.514 (index):955 NODEACCESSRELEASED_4
12:34:54.515 (index):955 NODEACCESSRELEASED_5
12:34:54.515 (index):955 NODEACCESSRELEASED_6
12:34:54.515 (index):955 NODEACCESSRELEASED_7
12:34:54.516 (index):955 NODEACCESSRELEASED_8
12:34:54.516 (index):955 NODEACCESSRELEASED_9
12:34:54.517 (index):959 ATTRIBUTEACCESSRELEASED_10
12:34:54.517 (index):955 NODEACCESSRELEASED_11
12:34:54.518 (index):955 NODEACCESSRELEASED_12
12:34:54.518 (index):1016 NODEACCESSREQUESTED_0
12:34:54.519 (index):1016 NODEACCESSREQUESTED_1
12:34:54.519 (index):1010 ATTRIBUTEACCESSREQUESTED_2
12:34:54.520 (index):1010 ATTRIBUTEACCESSREQUESTED_3
12:34:54.520 (index):1016 NODEACCESSREQUESTED_4
12:34:54.520 (index):1016 NODEACCESSREQUESTED_5
12:34:54.521 (index):1016 NODEACCESSREQUESTED_6
12:34:54.521 (index):1016 NODEACCESSREQUESTED_7
12:34:54.522 (index):1016 NODEACCESSREQUESTED_8
12:34:54.522 (index):1016 NODEACCESSREQUESTED_9
12:34:54.523 (index):1010 ATTRIBUTEACCESSREQUESTED_10
12:34:54.523 (index):1016 NODEACCESSREQUESTED_11
12:34:54.524 (index):1016 NODEACCESSREQUESTED_12
12:34:54.525 (index):980 UPDATE_0
12:34:54.525 (index):1042 WAITING_1
12:34:54.526 (index):1042 WAITING_2
12:34:54.526 (index):1042 WAITING_3
12:34:54.526 (index):1042 WAITING_4
12:34:54.527 (index):1042 WAITING_5
12:34:54.527 (index):1042 WAITING_6
12:34:54.528 (index):1042 WAITING_7
12:34:54.528 (index):1042 WAITING_8
12:34:54.529 (index):1042 WAITING_9
12:34:54.529 (index):1042 WAITING_10
12:34:54.530 (index):1042 WAITING_11
12:34:54.530 (index):1042 WAITING_12
12:34:54.530 (index):955 NODEACCESSRELEASED_0
12:34:54.531 (index):980 UPDATE_1
12:34:54.531 (index):983 UPDATE_2
12:34:54.532 (index):1042 WAITING_3
12:34:54.532 (index):1042 WAITING_4
12:34:54.533 (index):980 UPDATE_5
12:34:54.533 (index):1042 WAITING_6
12:34:54.534 (index):1042 WAITING_7
12:34:54.534 (index):980 UPDATE_8
12:34:54.535 (index):1042 WAITING_9
12:34:54.536 (index):1042 WAITING_10
12:34:54.536 (index):1042 WAITING_11
12:34:54.536 (index):1042 WAITING_12
12:34:54.537 (index):1016 NODEACCESSREQUESTED_0
12:34:54.537 (index):955 NODEACCESSRELEASED_1
12:34:54.538 (index):959 ATTRIBUTEACCESSRELEASED_2
12:34:54.538 (index):983 UPDATE_3
12:34:54.539 (index):980 UPDATE_4
12:34:54.539 (index):955 NODEACCESSRELEASED_5
12:34:54.540 (index):1042 WAITING_6
12:34:54.540 (index):980 UPDATE_7
12:34:54.541 (index):955 NODEACCESSRELEASED_8
12:34:54.542 (index):980 UPDATE_9
12:34:54.542 (index):983 UPDATE_10
12:34:54.543 (index):980 UPDATE_11
12:34:54.543 (index):1042 WAITING_12
12:34:54.544 (index):980 UPDATE_0
12:34:54.544 (index):1016 NODEACCESSREQUESTED_1
12:34:54.545 (index):1016 NODEACCESSREQUESTED_2
12:34:54.545 (index):959 ATTRIBUTEACCESSRELEASED_3
12:34:54.546 (index):955 NODEACCESSRELEASED_4
12:34:54.546 (index):1010 ATTRIBUTEACCESSREQUESTED_5
12:34:54.547 (index):1042 WAITING_6
12:34:54.547 (index):955 NODEACCESSRELEASED_7
12:34:54.548 (index):1016 NODEACCESSREQUESTED_8
12:34:54.548 (index):955 NODEACCESSRELEASED_9
12:34:54.548 (index):959 ATTRIBUTEACCESSRELEASED_10
12:34:54.549 (index):955 NODEACCESSRELEASED_11
12:34:54.549 (index):1042 WAITING_12
12:34:54.550 (index):955 NODEACCESSRELEASED_0
12:34:54.550 (index):1042 WAITING_1
12:34:54.551 (index):980 UPDATE_2
12:34:54.551 (index):1016 NODEACCESSREQUESTED_3
12:34:54.552 (index):1010 ATTRIBUTEACCESSREQUESTED_4
12:34:54.552 (index):983 UPDATE_5
12:34:54.552 (index):980 UPDATE_6
12:34:54.553 (index):1016 NODEACCESSREQUESTED_7
12:34:54.553 (index):980 UPDATE_8
12:34:54.554 (index):1016 NODEACCESSREQUESTED_9
12:34:54.554 (index):1010 ATTRIBUTEACCESSREQUESTED_10
12:34:54.555 (index):1010 ATTRIBUTEACCESSREQUESTED_11
12:34:54.555 (index):1042 WAITING_12
12:34:54.556 (index):1016 NODEACCESSREQUESTED_0
12:34:54.556 (index):1042 WAITING_1
12:34:54.556 (index):955 NODEACCESSRELEASED_2
12:34:54.557 (index):980 UPDATE_3
12:34:54.558 (index):983 UPDATE_4
12:34:54.558 (index):959 ATTRIBUTEACCESSRELEASED_5
12:34:54.559 (index):955 NODEACCESSRELEASED_6
12:34:54.559 (index):980 UPDATE_7
12:34:54.560 (index):955 NODEACCESSRELEASED_8
12:34:54.560 (index):980 UPDATE_9
12:34:54.561 (index):983 UPDATE_10
12:34:54.561 (index):1042 WAITING_11
12:34:54.562 (index):1042 WAITING_12
12:34:54.562 (index):980 UPDATE_0
12:34:54.562 (index):980 UPDATE_1
12:34:54.563 (index):1016 NODEACCESSREQUESTED_2
12:34:54.563 (index):955 NODEACCESSRELEASED_3
12:34:54.564 (index):959 ATTRIBUTEACCESSRELEASED_4
12:34:54.564 (index):1016 NODEACCESSREQUESTED_5
12:34:54.565 (index):1016 NODEACCESSREQUESTED_6
12:34:54.565 (index):955 NODEACCESSRELEASED_7
12:34:54.566 (index):1016 NODEACCESSREQUESTED_8
12:34:54.566 (index):955 NODEACCESSRELEASED_9
12:34:54.566 (index):959 ATTRIBUTEACCESSRELEASED_10
12:34:54.567 (index):983 UPDATE_11
12:34:54.568 (index):1042 WAITING_12
12:34:54.568 (index):955 NODEACCESSRELEASED_0
12:34:54.569 (index):955 NODEACCESSRELEASED_1
12:34:54.570 (index):980 UPDATE_2
12:34:54.570 (index):1010 ATTRIBUTEACCESSREQUESTED_3
12:34:54.571 (index):1016 NODEACCESSREQUESTED_4
12:34:54.572 (index):980 UPDATE_5
12:34:54.572 (index):980 UPDATE_6
12:34:54.572 (index):1010 ATTRIBUTEACCESSREQUESTED_7
12:34:54.573 (index):1042 WAITING_8
12:34:54.573 (index):1010 ATTRIBUTEACCESSREQUESTED_9
12:34:54.574 (index):1016 NODEACCESSREQUESTED_10
12:34:54.574 (index):959 ATTRIBUTEACCESSRELEASED_11
12:34:54.575 (index):1042 WAITING_12
12:34:54.575 (index):1010 ATTRIBUTEACCESSREQUESTED_0
12:34:54.576 (index):1016 NODEACCESSREQUESTED_1
12:34:54.576 (index):955 NODEACCESSRELEASED_2
12:34:54.577 (index):983 UPDATE_3
12:34:54.577 (index):980 UPDATE_4
12:34:54.578 (index):955 NODEACCESSRELEASED_5
12:34:54.578 (index):955 NODEACCESSRELEASED_6
12:34:54.579 (index):983 UPDATE_7
12:34:54.579 (index):1042 WAITING_8
12:34:54.580 (index):983 UPDATE_9
12:34:54.580 (index):980 UPDATE_10
12:34:54.580 (index):1016 NODEACCESSREQUESTED_11
12:34:54.581 (index):1042 WAITING_12
12:34:54.582 (index):1042 WAITING_0
12:34:54.583 (index):980 UPDATE_1
12:34:54.583 (index):1016 NODEACCESSREQUESTED_2
12:34:54.584 (index):959 ATTRIBUTEACCESSRELEASED_3
12:34:54.584 (index):955 NODEACCESSRELEASED_4
12:34:54.585 (index):1010 ATTRIBUTEACCESSREQUESTED_5
12:34:54.585 (index):1016 NODEACCESSREQUESTED_6
12:34:54.586 (index):959 ATTRIBUTEACCESSRELEASED_7
12:34:54.586 (index):1042 WAITING_8
12:34:54.587 (index):959 ATTRIBUTEACCESSRELEASED_9
12:34:54.588 (index):955 NODEACCESSRELEASED_10
12:34:54.588 (index):980 UPDATE_11
12:34:54.589 (index):1042 WAITING_12
12:34:54.589 (index):983 UPDATE_0
12:34:54.590 (index):955 NODEACCESSRELEASED_1
12:34:54.590 (index):980 UPDATE_2
12:34:54.591 (index):1016 NODEACCESSREQUESTED_3
12:34:54.591 (index):1016 NODEACCESSREQUESTED_4
12:34:54.592 (index):1042 WAITING_5
12:34:54.592 (index):980 UPDATE_6
12:34:54.593 (index):1016 NODEACCESSREQUESTED_7
12:34:54.593 (index):1042 WAITING_8
12:34:54.594 (index):1016 NODEACCESSREQUESTED_9
12:34:54.594 (index):1016 NODEACCESSREQUESTED_10
12:34:54.594 (index):955 NODEACCESSRELEASED_11
12:34:54.595 (index):1042 WAITING_12
12:34:54.595 (index):959 ATTRIBUTEACCESSRELEASED_0
12:34:54.596 (index):1010 ATTRIBUTEACCESSREQUESTED_1
12:34:54.596 (index):955 NODEACCESSRELEASED_2
12:34:54.597 (index):980 UPDATE_3
12:34:54.597 (index):980 UPDATE_4
12:34:54.598 (index):983 UPDATE_5
12:34:54.598 (index):955 NODEACCESSRELEASED_6
12:34:54.598 (index):980 UPDATE_7
12:34:54.599 (index):1042 WAITING_8
12:34:54.599 (index):980 UPDATE_9
12:34:54.600 (index):1042 WAITING_10
12:34:54.600 (index):1016 NODEACCESSREQUESTED_11
12:34:54.601 (index):1042 WAITING_12
12:34:54.601 (index):1010 ATTRIBUTEACCESSREQUESTED_0
12:34:54.602 (index):983 UPDATE_1
12:34:54.603 (index):1010 ATTRIBUTEACCESSREQUESTED_2
12:34:54.603 (index):955 NODEACCESSRELEASED_3
12:34:54.604 (index):955 NODEACCESSRELEASED_4
12:34:54.604 (index):959 ATTRIBUTEACCESSRELEASED_5
12:34:54.605 (index):1016 NODEACCESSREQUESTED_6
12:34:54.605 (index):955 NODEACCESSRELEASED_7
12:34:54.606 (index):1042 WAITING_8
12:34:54.606 (index):955 NODEACCESSRELEASED_9
12:34:54.607 (index):980 UPDATE_10
12:34:54.607 (index):980 UPDATE_11
12:34:54.608 (index):1042 WAITING_12
12:34:54.608 (index):983 UPDATE_0
12:34:54.609 (index):959 ATTRIBUTEACCESSRELEASED_1
12:34:54.609 (index):983 UPDATE_2
12:34:54.609 (index):1010 ATTRIBUTEACCESSREQUESTED_3
12:34:54.610 (index):1010 ATTRIBUTEACCESSREQUESTED_4
12:34:54.610 (index):1010 ATTRIBUTEACCESSREQUESTED_5
12:34:54.611 (index):1042 WAITING_6
12:34:54.611 (index):1016 NODEACCESSREQUESTED_7
12:34:54.612 (index):1042 WAITING_8
12:34:54.612 (index):1016 NODEACCESSREQUESTED_9
12:34:54.613 (index):955 NODEACCESSRELEASED_10
12:34:54.613 (index):955 NODEACCESSRELEASED_11
12:34:54.614 (index):1042 WAITING_12
12:34:54.614 (index):959 ATTRIBUTEACCESSRELEASED_0
12:34:54.614 (index):1016 NODEACCESSREQUESTED_1
12:34:54.615 (index):959 ATTRIBUTEACCESSRELEASED_2
12:34:54.615 (index):983 UPDATE_3
12:34:54.616 (index):983 UPDATE_4
12:34:54.616 (index):983 UPDATE_5
12:34:54.617 (index):980 UPDATE_6
12:34:54.617 (index):980 UPDATE_7
12:34:54.618 (index):1042 WAITING_8
12:34:54.618 (index):980 UPDATE_9
12:34:54.619 (index):1016 NODEACCESSREQUESTED_10
12:34:54.619 (index):1010 ATTRIBUTEACCESSREQUESTED_11
12:34:54.620 (index):1042 WAITING_12
12:34:54.621 (index):1010 ATTRIBUTEACCESSREQUESTED_0
12:34:54.621 (index):1042 WAITING_1
12:34:54.622 (index):1016 NODEACCESSREQUESTED_2
12:34:54.622 (index):959 ATTRIBUTEACCESSRELEASED_3
12:34:54.623 (index):959 ATTRIBUTEACCESSRELEASED_4
12:34:54.623 (index):959 ATTRIBUTEACCESSRELEASED_5
12:34:54.623 (index):955 NODEACCESSRELEASED_6
12:34:54.624 (index):955 NODEACCESSRELEASED_7
12:34:54.624 (index):1042 WAITING_8
12:34:54.625 (index):955 NODEACCESSRELEASED_9
12:34:54.625 (index):980 UPDATE_10
12:34:54.626 (index):983 UPDATE_11
12:34:54.626 (index):1042 WAITING_12
12:34:54.627 (index):1042 WAITING_0
12:34:54.627 (index):980 UPDATE_1
12:34:54.628 (index):980 UPDATE_2
12:34:54.628 (index):1016 NODEACCESSREQUESTED_3
12:34:54.628 (index):1016 NODEACCESSREQUESTED_4
12:34:54.629 (index):1016 NODEACCESSREQUESTED_5
12:34:54.629 (index):1010 ATTRIBUTEACCESSREQUESTED_6
12:34:54.630 (index):1016 NODEACCESSREQUESTED_7
12:34:54.630 (index):1042 WAITING_8
12:34:54.631 (index):1016 NODEACCESSREQUESTED_9
12:34:54.631 (index):955 NODEACCESSRELEASED_10
12:34:54.632 (index):959 ATTRIBUTEACCESSRELEASED_11
12:34:54.632 (index):1042 WAITING_12
12:34:54.632 (index):983 UPDATE_0
12:34:54.633 (index):955 NODEACCESSRELEASED_1
12:34:54.633 (index):955 NODEACCESSRELEASED_2
12:34:54.634 (index):980 UPDATE_3
12:34:54.634 (index):980 UPDATE_4
12:34:54.635 (index):1042 WAITING_5
12:34:54.636 (index):1042 WAITING_6
12:34:54.636 (index):1042 WAITING_7
12:34:54.637 (index):1042 WAITING_8
12:34:54.637 (index):1042 WAITING_9
12:34:54.638 (index):1016 NODEACCESSREQUESTED_10
12:34:54.638 (index):1010 ATTRIBUTEACCESSREQUESTED_11
12:34:54.639 (index):1042 WAITING_12
12:34:54.639 (index):959 ATTRIBUTEACCESSRELEASED_0
12:34:54.640 (index):1010 ATTRIBUTEACCESSREQUESTED_1
12:34:54.640 (index):1016 NODEACCESSREQUESTED_2
12:34:54.640 (index):955 NODEACCESSRELEASED_3
12:34:54.641 (index):955 NODEACCESSRELEASED_4
12:34:54.641 (index):980 UPDATE_5
12:34:54.642 (index):983 UPDATE_6
12:34:54.642 (index):980 UPDATE_7
12:34:54.643 (index):1042 WAITING_8
12:34:54.643 (index):1042 WAITING_9
12:34:54.644 (index):980 UPDATE_10
12:34:54.644 (index):1042 WAITING_11
12:34:54.645 (index):1042 WAITING_12
12:34:54.645 (index):1016 NODEACCESSREQUESTED_0
12:34:54.645 (index):983 UPDATE_1
12:34:54.646 (index):980 UPDATE_2
12:34:54.646 (index):1016 NODEACCESSREQUESTED_3
12:34:54.647 (index):1016 NODEACCESSREQUESTED_4
12:34:54.647 (index):955 NODEACCESSRELEASED_5
12:34:54.648 (index):959 ATTRIBUTEACCESSRELEASED_6
12:34:54.648 (index):955 NODEACCESSRELEASED_7
12:34:54.649 (index):1042 WAITING_8
12:34:54.649 (index):980 UPDATE_9
12:34:54.649 (index):955 NODEACCESSRELEASED_10
12:34:54.650 (index):983 UPDATE_11
12:34:54.651 (index):1042 WAITING_12
12:34:54.651 (index):980 UPDATE_0
12:34:54.652 (index):959 ATTRIBUTEACCESSRELEASED_1
12:34:54.652 (index):955 NODEACCESSRELEASED_2
12:34:54.653 (index):980 UPDATE_3
12:34:54.653 (index):980 UPDATE_4
12:34:54.654 (index):1010 ATTRIBUTEACCESSREQUESTED_5
12:34:54.655 (index):1010 ATTRIBUTEACCESSREQUESTED_6
12:34:54.655 (index):1016 NODEACCESSREQUESTED_7
12:34:54.656 (index):1042 WAITING_8
12:34:54.656 (index):955 NODEACCESSRELEASED_9
12:34:54.657 (index):1016 NODEACCESSREQUESTED_10
12:34:54.657 (index):959 ATTRIBUTEACCESSRELEASED_11
12:34:54.658 (index):1042 WAITING_12
12:34:54.658 (index):955 NODEACCESSRELEASED_0
12:34:54.659 (index):1010 ATTRIBUTEACCESSREQUESTED_1
12:34:54.659 (index):1016 NODEACCESSREQUESTED_2
12:34:54.660 (index):955 NODEACCESSRELEASED_3
12:34:54.660 (index):955 NODEACCESSRELEASED_4
12:34:54.661 (index):983 UPDATE_5
12:34:54.661 (index):983 UPDATE_6
12:34:54.662 (index):980 UPDATE_7
12:34:54.662 (index):1042 WAITING_8
12:34:54.663 (index):1010 ATTRIBUTEACCESSREQUESTED_9
12:34:54.663 (index):1042 WAITING_10
12:34:54.664 (index):1016 NODEACCESSREQUESTED_11
12:34:54.664 (index):1042 WAITING_12
12:34:54.665 (index):1010 ATTRIBUTEACCESSREQUESTED_0
12:34:54.665 (index):1042 WAITING_1
12:34:54.666 (index):1042 WAITING_2
12:34:54.666 (index):1016 NODEACCESSREQUESTED_3
12:34:54.667 (index):1010 ATTRIBUTEACCESSREQUESTED_4
12:34:54.667 (index):959 ATTRIBUTEACCESSRELEASED_5
12:34:54.668 (index):959 ATTRIBUTEACCESSRELEASED_6
12:34:54.668 (index):955 NODEACCESSRELEASED_7
12:34:54.669 (index):1042 WAITING_8
12:34:54.669 (index):983 UPDATE_9
12:34:54.670 (index):980 UPDATE_10
12:34:54.670 (index):980 UPDATE_11
12:34:54.671 (index):1042 WAITING_12
12:34:54.671 (index):1042 WAITING_0
12:34:54.672 (index):983 UPDATE_1
12:34:54.673 (index):1042 WAITING_2
12:34:54.673 (index):980 UPDATE_3
12:34:54.674 (index):1042 WAITING_4
12:34:54.674 (index):1010 ATTRIBUTEACCESSREQUESTED_5
12:34:54.675 (index):1016 NODEACCESSREQUESTED_6
12:34:54.675 (index):1016 NODEACCESSREQUESTED_7
12:34:54.675 (index):1042 WAITING_8
12:34:54.676 (index):959 ATTRIBUTEACCESSRELEASED_9
12:34:54.677 (index):955 NODEACCESSRELEASED_10
12:34:54.677 (index):955 NODEACCESSRELEASED_11
12:34:54.677 (index):1042 WAITING_12
12:34:54.714 (index):983 UPDATE_0
12:34:54.715 (index):959 ATTRIBUTEACCESSRELEASED_1
12:34:54.715 (index):980 UPDATE_2
12:34:54.716 (index):955 NODEACCESSRELEASED_3
12:34:54.716 (index):1042 WAITING_4
12:34:54.717 (index):983 UPDATE_5
12:34:54.717 (index):980 UPDATE_6
12:34:54.718 (index):980 UPDATE_7
12:34:54.718 (index):1042 WAITING_8
12:34:54.719 (index):1016 NODEACCESSREQUESTED_9
12:34:54.719 (index):1016 NODEACCESSREQUESTED_10
12:34:54.720 (index):1010 ATTRIBUTEACCESSREQUESTED_11
12:34:54.721 (index):1042 WAITING_12
12:34:54.721 (index):959 ATTRIBUTEACCESSRELEASED_0
12:34:54.722 (index):1016 NODEACCESSREQUESTED_1
12:34:54.722 (index):955 NODEACCESSRELEASED_2
12:34:54.723 (index):1010 ATTRIBUTEACCESSREQUESTED_3
12:34:54.723 (index):983 UPDATE_4
12:34:54.724 (index):959 ATTRIBUTEACCESSRELEASED_5
12:34:54.724 (index):955 NODEACCESSRELEASED_6
12:34:54.725 (index):955 NODEACCESSRELEASED_7
12:34:54.725 (index):1042 WAITING_8
12:34:54.726 (index):1042 WAITING_9
12:34:54.726 (index):980 UPDATE_10
12:34:54.727 (index):983 UPDATE_11
12:34:54.727 (index):1042 WAITING_12
12:34:54.728 (index):1010 ATTRIBUTEACCESSREQUESTED_0
12:34:54.728 (index):1042 WAITING_1
12:34:54.728 (index):1010 ATTRIBUTEACCESSREQUESTED_2
12:34:54.729 (index):1042 WAITING_3
12:34:54.729 (index):959 ATTRIBUTEACCESSRELEASED_4
12:34:54.730 (index):1016 NODEACCESSREQUESTED_5
12:34:54.730 (index):1016 NODEACCESSREQUESTED_6
12:34:54.731 (index):1010 ATTRIBUTEACCESSREQUESTED_7
12:34:54.731 (index):1042 WAITING_8
12:34:54.732 (index):1042 WAITING_9
12:34:54.732 (index):955 NODEACCESSRELEASED_10
12:34:54.733 (index):959 ATTRIBUTEACCESSRELEASED_11
12:34:54.733 (index):1042 WAITING_12
12:34:54.734 (index):983 UPDATE_0
12:34:54.734 (index):1042 WAITING_1
12:34:54.735 (index):983 UPDATE_2
12:34:54.735 (index):983 UPDATE_3
12:34:54.736 (index):1016 NODEACCESSREQUESTED_4
12:34:54.736 (index):980 UPDATE_5
12:34:54.737 (index):980 UPDATE_6
12:34:54.737 (index):983 UPDATE_7
12:34:54.738 (index):1042 WAITING_8
12:34:54.739 (index):1042 WAITING_9
12:34:54.739 (index):1016 NODEACCESSREQUESTED_10
12:34:54.739 (index):1016 NODEACCESSREQUESTED_11
12:34:54.740 (index):1042 WAITING_12
12:34:54.740 (index):959 ATTRIBUTEACCESSRELEASED_0
12:34:54.741 (index):1042 WAITING_1
12:34:54.741 (index):959 ATTRIBUTEACCESSRELEASED_2
12:34:54.742 (index):959 ATTRIBUTEACCESSRELEASED_3
12:34:54.742 (index):980 UPDATE_4
12:34:54.743 (index):955 NODEACCESSRELEASED_5
12:34:54.743 (index):955 NODEACCESSRELEASED_6
12:34:54.744 (index):959 ATTRIBUTEACCESSRELEASED_7
12:34:54.744 (index):1042 WAITING_8
12:34:54.745 (index):1042 WAITING_9
12:34:54.745 (index):980 UPDATE_10
12:34:54.745 (index):980 UPDATE_11
12:34:54.746 (index):1042 WAITING_12
12:34:54.746 (index):1016 NODEACCESSREQUESTED_0
12:34:54.747 (index):980 UPDATE_1
12:34:54.747 (index):1016 NODEACCESSREQUESTED_2
12:34:54.748 (index):1016 NODEACCESSREQUESTED_3
12:34:54.748 (index):955 NODEACCESSRELEASED_4
12:34:54.749 (index):1016 NODEACCESSREQUESTED_5
12:34:54.749 (index):1010 ATTRIBUTEACCESSREQUESTED_6
12:34:54.750 (index):1016 NODEACCESSREQUESTED_7
12:34:54.750 (index):1042 WAITING_8
12:34:54.750 (index):1042 WAITING_9
12:34:54.751 (index):955 NODEACCESSRELEASED_10
12:34:54.751 (index):955 NODEACCESSRELEASED_11
12:34:54.752 (index):1042 WAITING_12
12:34:54.752 (index):980 UPDATE_0
12:34:54.753 (index):955 NODEACCESSRELEASED_1
12:34:54.754 (index):1042 WAITING_2
12:34:54.754 (index):980 UPDATE_3
12:34:54.755 (index):1016 NODEACCESSREQUESTED_4
12:34:54.755 (index):980 UPDATE_5
12:34:54.756 (index):983 UPDATE_6
12:34:54.756 (index):980 UPDATE_7
12:34:54.757 (index):1042 WAITING_8
12:34:54.757 (index):1042 WAITING_9
12:34:54.758 (index):1010 ATTRIBUTEACCESSREQUESTED_10
12:34:54.758 (index):1016 NODEACCESSREQUESTED_11
12:34:54.759 (index):1042 WAITING_12
12:34:54.759 (index):955 NODEACCESSRELEASED_0
12:34:54.759 (index):1016 NODEACCESSREQUESTED_1
12:34:54.760 (index):1042 WAITING_2
12:34:54.760 (index):955 NODEACCESSRELEASED_3
12:34:54.761 (index):980 UPDATE_4
12:34:54.761 (index):955 NODEACCESSRELEASED_5
12:34:54.762 (index):959 ATTRIBUTEACCESSRELEASED_6
12:34:54.762 (index):955 NODEACCESSRELEASED_7
12:34:54.763 (index):1042 WAITING_8
12:34:54.763 (index):1042 WAITING_9
12:34:54.763 (index):983 UPDATE_10
12:34:54.764 (index):980 UPDATE_11
12:34:54.764 (index):1042 WAITING_12
12:34:54.765 (index):1016 NODEACCESSREQUESTED_0
12:34:54.765 (index):1042 WAITING_1
12:34:54.766 (index):1042 WAITING_2
12:34:54.766 (index):1010 ATTRIBUTEACCESSREQUESTED_3
12:34:54.767 (index):955 NODEACCESSRELEASED_4
12:34:54.767 (index):1010 ATTRIBUTEACCESSREQUESTED_5
12:34:54.768 (index):1016 NODEACCESSREQUESTED_6
12:34:54.768 (index):1016 NODEACCESSREQUESTED_7
12:34:54.768 (index):1042 WAITING_8
12:34:54.769 (index):1042 WAITING_9
12:34:54.770 (index):959 ATTRIBUTEACCESSRELEASED_10
12:34:54.770 (index):955 NODEACCESSRELEASED_11
12:34:54.771 (index):1042 WAITING_12
12:34:54.771 (index):980 UPDATE_0
12:34:54.772 (index):980 UPDATE_1
12:34:54.772 (index):980 UPDATE_2
12:34:54.773 (index):983 UPDATE_3
12:34:54.773 (index):1016 NODEACCESSREQUESTED_4
12:34:54.774 (index):983 UPDATE_5
12:34:54.774 (index):1042 WAITING_6
12:34:54.775 (index):1042 WAITING_7
12:34:54.775 (index):1042 WAITING_8
12:34:54.776 (index):1042 WAITING_9
12:34:54.776 (index):1010 ATTRIBUTEACCESSREQUESTED_10
12:34:54.777 (index):1016 NODEACCESSREQUESTED_11
12:34:54.777 (index):1042 WAITING_12
12:34:54.777 (index):955 NODEACCESSRELEASED_0
12:34:54.778 (index):955 NODEACCESSRELEASED_1
12:34:54.778 (index):955 NODEACCESSRELEASED_2
12:34:54.779 (index):959 ATTRIBUTEACCESSRELEASED_3
12:34:54.779 (index):980 UPDATE_4
12:34:54.780 (index):959 ATTRIBUTEACCESSRELEASED_5
12:34:54.780 (index):980 UPDATE_6
12:34:54.781 (index):980 UPDATE_7
12:34:54.781 (index):1042 WAITING_8
12:34:54.781 (index):1042 WAITING_9
12:34:54.782 (index):983 UPDATE_10
12:34:54.782 (index):1042 WAITING_11
12:34:54.783 (index):1042 WAITING_12
12:34:54.783 (index):1010 ATTRIBUTEACCESSREQUESTED_0
12:34:54.784 (index):1016 NODEACCESSREQUESTED_1
12:34:54.784 (index):1016 NODEACCESSREQUESTED_2
12:34:54.785 (index):1010 ATTRIBUTEACCESSREQUESTED_3
12:34:54.785 (index):955 NODEACCESSRELEASED_4
12:34:54.786 (index):1016 NODEACCESSREQUESTED_5
12:34:54.786 (index):955 NODEACCESSRELEASED_6
12:34:54.787 (index):955 NODEACCESSRELEASED_7
12:34:54.787 (index):1042 WAITING_8
12:34:54.788 (index):1042 WAITING_9
12:34:54.789 (index):959 ATTRIBUTEACCESSRELEASED_10
12:34:54.789 (index):980 UPDATE_11
12:34:54.789 (index):1042 WAITING_12
12:34:54.790 (index):983 UPDATE_0
12:34:54.790 (index):980 UPDATE_1
12:34:54.791 (index):980 UPDATE_2
12:34:54.791 (index):983 UPDATE_3
12:34:54.792 (index):1016 NODEACCESSREQUESTED_4
12:34:54.792 (index):980 UPDATE_5
12:34:54.793 (index):1016 NODEACCESSREQUESTED_6
12:34:54.793 (index):1016 NODEACCESSREQUESTED_7
12:34:54.793 (index):1042 WAITING_8
12:34:54.794 (index):1042 WAITING_9
12:34:54.794 (index):1016 NODEACCESSREQUESTED_10
12:34:54.795 (index):955 NODEACCESSRELEASED_11
12:34:54.795 (index):1042 WAITING_12
12:34:54.796 (index):959 ATTRIBUTEACCESSRELEASED_0
12:34:54.796 (index):955 NODEACCESSRELEASED_1
12:34:54.796 (index):955 NODEACCESSRELEASED_2
12:34:54.797 (index):959 ATTRIBUTEACCESSRELEASED_3
12:34:54.797 (index):980 UPDATE_4
12:34:54.798 (index):955 NODEACCESSRELEASED_5
12:34:54.798 (index):980 UPDATE_6
12:34:54.799 (index):1042 WAITING_7
12:34:54.799 (index):1042 WAITING_8
12:34:54.800 (index):1042 WAITING_9
12:34:54.800 (index):980 UPDATE_10
12:34:54.801 (index):1016 NODEACCESSREQUESTED_11
12:34:54.801 (index):1042 WAITING_12
12:34:54.802 (index):1016 NODEACCESSREQUESTED_0
12:34:54.802 (index):1016 NODEACCESSREQUESTED_1
12:34:54.803 (index):1010 ATTRIBUTEACCESSREQUESTED_2
12:34:54.803 (index):1010 ATTRIBUTEACCESSREQUESTED_3
12:34:54.804 (index):955 NODEACCESSRELEASED_4
12:34:54.804 (index):1016 NODEACCESSREQUESTED_5
12:34:54.805 (index):955 NODEACCESSRELEASED_6
12:34:54.805 (index):980 UPDATE_7
12:34:54.805 (index):1042 WAITING_8
12:34:54.806 (index):1042 WAITING_9
12:34:54.806 (index):955 NODEACCESSRELEASED_10
12:34:54.807 (index):980 UPDATE_11
12:34:54.807 (index):1042 WAITING_12
12:34:54.808 (index):980 UPDATE_0
12:34:54.808 (index):980 UPDATE_1
12:34:54.809 (index):983 UPDATE_2
12:34:54.809 (index):983 UPDATE_3
12:34:54.810 (index):1010 ATTRIBUTEACCESSREQUESTED_4
12:34:54.810 (index):980 UPDATE_5
12:34:54.810 (index):1010 ATTRIBUTEACCESSREQUESTED_6
12:34:54.811 (index):955 NODEACCESSRELEASED_7
12:34:54.811 (index):1042 WAITING_8
12:34:54.812 (index):1042 WAITING_9
12:34:54.812 (index):1016 NODEACCESSREQUESTED_10
12:34:54.813 (index):955 NODEACCESSRELEASED_11
12:34:54.813 (index):1042 WAITING_12
12:34:54.814 (index):1053 END_0
12:34:54.814 (index):955 NODEACCESSRELEASED_1
12:34:54.815 (index):959 ATTRIBUTEACCESSRELEASED_2
12:34:54.815 (index):1053 END_3
12:34:54.815 (index):983 UPDATE_4
12:34:54.816 (index):1053 END_5
12:34:54.816 (index):983 UPDATE_6
12:34:54.817 (index):1016 NODEACCESSREQUESTED_7
12:34:54.817 (index):1042 WAITING_8
12:34:54.818 (index):1042 WAITING_9
12:34:54.818 (index):980 UPDATE_10
12:34:54.818 (index):1016 NODEACCESSREQUESTED_11
12:34:54.819 (index):1042 WAITING_12
12:34:54.819 (index):1016 NODEACCESSREQUESTED_1
12:34:54.820 (index):1010 ATTRIBUTEACCESSREQUESTED_2
12:34:54.820 (index):1053 END_4
12:34:54.821 (index):959 ATTRIBUTEACCESSRELEASED_6
12:34:54.821 (index):980 UPDATE_7
12:34:54.822 (index):1042 WAITING_8
12:34:54.822 (index):1042 WAITING_9
12:34:54.823 (index):1053 END_10
12:34:54.823 (index):980 UPDATE_11
12:34:54.823 (index):1042 WAITING_12
12:34:54.824 (index):980 UPDATE_1
12:34:54.824 (index):983 UPDATE_2
12:34:54.825 (index):1016 NODEACCESSREQUESTED_6
12:34:54.826 (index):1053 END_7
12:34:54.826 (index):1042 WAITING_8
12:34:54.827 (index):1042 WAITING_9
12:34:54.827 (index):1053 END_11
12:34:54.828 (index):1042 WAITING_12
12:34:54.828 (index):955 NODEACCESSRELEASED_1
12:34:54.829 (index):1053 END_2
12:34:54.830 (index):980 UPDATE_6
12:34:54.831 (index):1042 WAITING_8
12:34:54.831 (index):1042 WAITING_9
12:34:54.832 (index):1042 WAITING_12
12:34:54.833 (index):1016 NODEACCESSREQUESTED_1
12:34:54.834 (index):1053 END_6
12:34:54.835 (index):1042 WAITING_8
12:34:54.836 (index):1042 WAITING_9
12:34:54.837 (index):1042 WAITING_12
12:34:54.837 (index):980 UPDATE_1
12:34:54.840 (index):1042 WAITING_8
12:34:54.840 (index):1042 WAITING_9
12:34:54.841 (index):1042 WAITING_12
12:34:54.842 (index):1053 END_1
12:34:54.844 (index):1042 WAITING_8
12:34:54.845 (index):1042 WAITING_9
12:34:54.846 (index):980 UPDATE_12
12:34:54.849 (index):1042 WAITING_8
12:34:54.849 (index):1042 WAITING_9
12:34:54.851 (index):955 NODEACCESSRELEASED_12
12:34:54.853 (index):980 UPDATE_8
12:34:54.854 (index):1042 WAITING_9
12:34:54.855 (index):1016 NODEACCESSREQUESTED_12
12:34:54.858 (index):955 NODEACCESSRELEASED_8
12:34:54.859 (index):980 UPDATE_9
12:34:54.860 (index):1042 WAITING_12
12:34:54.863 (index):1016 NODEACCESSREQUESTED_8
12:34:54.863 (index):955 NODEACCESSRELEASED_9
12:34:54.864 (index):980 UPDATE_12
12:34:54.867 (index):1042 WAITING_8
12:34:54.868 (index):1016 NODEACCESSREQUESTED_9
12:34:54.869 (index):955 NODEACCESSRELEASED_12
12:34:54.872 (index):980 UPDATE_8
12:34:54.873 (index):980 UPDATE_9
12:34:54.874 (index):1016 NODEACCESSREQUESTED_12
12:34:54.878 (index):955 NODEACCESSRELEASED_8
12:34:54.878 (index):955 NODEACCESSRELEASED_9
12:34:54.879 (index):980 UPDATE_12
12:34:54.882 (index):1010 ATTRIBUTEACCESSREQUESTED_8
12:34:54.883 (index):1010 ATTRIBUTEACCESSREQUESTED_9
12:34:54.884 (index):955 NODEACCESSRELEASED_12
12:34:54.887 (index):983 UPDATE_8
12:34:54.888 (index):983 UPDATE_9
12:34:54.888 (index):1016 NODEACCESSREQUESTED_12
12:34:54.892 (index):959 ATTRIBUTEACCESSRELEASED_8
12:34:54.893 (index):959 ATTRIBUTEACCESSRELEASED_9
12:34:54.893 (index):980 UPDATE_12
12:34:54.897 (index):1016 NODEACCESSREQUESTED_8
12:34:54.897 (index):1016 NODEACCESSREQUESTED_9
12:34:54.898 (index):955 NODEACCESSRELEASED_12
12:34:54.901 (index):980 UPDATE_8
12:34:54.902 (index):1042 WAITING_9
12:34:54.903 (index):1016 NODEACCESSREQUESTED_12
12:34:54.906 (index):955 NODEACCESSRELEASED_8
12:34:54.907 (index):980 UPDATE_9
12:34:54.907 (index):980 UPDATE_12
12:34:54.911 (index):1016 NODEACCESSREQUESTED_8
12:34:54.912 (index):955 NODEACCESSRELEASED_9
12:34:54.912 (index):955 NODEACCESSRELEASED_12
12:34:54.916 (index):980 UPDATE_8
12:34:54.916 (index):1016 NODEACCESSREQUESTED_9
12:34:54.917 (index):1010 ATTRIBUTEACCESSREQUESTED_12
12:34:54.920 (index):955 NODEACCESSRELEASED_8
12:34:54.921 (index):980 UPDATE_9
12:34:54.921 (index):983 UPDATE_12
12:34:54.925 (index):1016 NODEACCESSREQUESTED_8
12:34:54.926 (index):955 NODEACCESSRELEASED_9
12:34:54.926 (index):959 ATTRIBUTEACCESSRELEASED_12
12:34:54.930 (index):980 UPDATE_8
12:34:54.930 (index):1010 ATTRIBUTEACCESSREQUESTED_9
12:34:54.931 (index):1016 NODEACCESSREQUESTED_12
12:34:54.934 (index):955 NODEACCESSRELEASED_8
12:34:54.935 (index):983 UPDATE_9
12:34:54.935 (index):980 UPDATE_12
12:34:54.939 (index):1010 ATTRIBUTEACCESSREQUESTED_8
12:34:54.939 (index):1053 END_9
12:34:54.940 (index):955 NODEACCESSRELEASED_12
12:34:54.943 (index):983 UPDATE_8
12:34:54.944 (index):1010 ATTRIBUTEACCESSREQUESTED_12
12:34:54.948 (index):959 ATTRIBUTEACCESSRELEASED_8
12:34:54.949 (index):983 UPDATE_12
12:34:54.953 (index):1010 ATTRIBUTEACCESSREQUESTED_8
12:34:54.954 (index):959 ATTRIBUTEACCESSRELEASED_12
12:34:54.957 (index):983 UPDATE_8
12:34:54.958 (index):1010 ATTRIBUTEACCESSREQUESTED_12
12:34:54.962 (index):959 ATTRIBUTEACCESSRELEASED_8
12:34:54.963 (index):983 UPDATE_12
12:34:54.966 (index):1016 NODEACCESSREQUESTED_8
12:34:54.967 (index):959 ATTRIBUTEACCESSRELEASED_12
12:34:54.971 (index):980 UPDATE_8
12:34:54.972 (index):1016 NODEACCESSREQUESTED_12
12:34:54.976 (index):955 NODEACCESSRELEASED_8
12:34:54.976 (index):980 UPDATE_12
12:34:54.980 (index):1016 NODEACCESSREQUESTED_8
12:34:54.981 (index):955 NODEACCESSRELEASED_12
12:34:54.985 (index):980 UPDATE_8
12:34:54.985 (index):1010 ATTRIBUTEACCESSREQUESTED_12
12:34:54.989 (index):955 NODEACCESSRELEASED_8
12:34:54.990 (index):983 UPDATE_12
12:34:54.995 (index):1016 NODEACCESSREQUESTED_8
12:34:54.996 (index):959 ATTRIBUTEACCESSRELEASED_12
12:34:55.000 (index):980 UPDATE_8
12:34:55.001 (index):1016 NODEACCESSREQUESTED_12
12:34:55.005 (index):1053 END_8
12:34:55.005 (index):980 UPDATE_12
12:34:55.010 (index):955 NODEACCESSRELEASED_12
12:34:55.015 (index):1016 NODEACCESSREQUESTED_12
12:34:55.020 (index):980 UPDATE_12
12:34:55.024 (index):1053 END_12
