12:43:44.892 (index):3167 Tasks: 25; Collaborators: 10    =========================>
12:43:44.892 (index):710 NODEACCESSREQUESTED_0
12:43:44.893 (index):710 NODEACCESSREQUESTED_1
12:43:44.894 (index):710 NODEACCESSREQUESTED_2
12:43:44.894 (index):710 NODEACCESSREQUESTED_3
12:43:44.895 (index):710 NODEACCESSREQUESTED_4
12:43:44.896 (index):710 NODEACCESSREQUESTED_5
12:43:44.896 (index):710 NODEACCESSREQUESTED_6
12:43:44.897 (index):710 NODEACCESSREQUESTED_7
12:43:44.898 (index):710 NODEACCESSREQUESTED_8
12:43:44.898 (index):710 NODEACCESSREQUESTED_9
12:43:44.899 (index):680 NODEACCESSRELEASED_0
12:43:44.900 (index):680 NODEACCESSRELEASED_1
12:43:44.901 (index):680 NODEACCESSRELEASED_2
12:43:44.902 (index):680 NODEACCESSRELEASED_3
12:43:44.903 (index):680 NODEACCESSRELEASED_4
12:43:44.904 (index):680 NODEACCESSRELEASED_5
12:43:44.905 (index):729 WAITING_6
12:43:44.905 (index):680 NODEACCESSRELEASED_7
12:43:44.907 (index):680 NODEACCESSRELEASED_8
12:43:44.907 (index):680 NODEACCESSRELEASED_9
12:43:44.909 (index):710 NODEACCESSREQUESTED_0
12:43:44.909 (index):710 NODEACCESSREQUESTED_1
12:43:44.910 (index):710 NODEACCESSREQUESTED_2
12:43:44.911 (index):710 NODEACCESSREQUESTED_3
12:43:44.911 (index):710 NODEACCESSREQUESTED_4
12:43:44.912 (index):710 NODEACCESSREQUESTED_5
12:43:44.912 (index):680 NODEACCESSRELEASED_6
12:43:44.913 (index):710 NODEACCESSREQUESTED_7
12:43:44.914 (index):710 NODEACCESSREQUESTED_8
12:43:44.915 (index):710 NODEACCESSREQUESTED_9
12:43:44.917 (index):698 UPDATE_0
12:43:44.918 (index):729 WAITING_1
12:43:44.919 (index):698 UPDATE_2
12:43:44.920 (index):729 WAITING_3
12:43:44.921 (index):698 UPDATE_4
12:43:44.922 (index):729 WAITING_5
12:43:44.923 (index):710 NODEACCESSREQUESTED_6
12:43:44.925 (index):698 UPDATE_7
12:43:44.926 (index):698 UPDATE_8
12:43:44.927 (index):698 UPDATE_9
12:43:44.928 (index):680 NODEACCESSRELEASED_0
12:43:44.930 (index):698 UPDATE_1
12:43:44.931 (index):680 NODEACCESSRELEASED_2
12:43:44.932 (index):698 UPDATE_3
12:43:44.934 (index):680 NODEACCESSRELEASED_4
12:43:44.935 (index):698 UPDATE_5
12:43:44.936 (index):698 UPDATE_6
12:43:44.937 (index):680 NODEACCESSRELEASED_7
12:43:44.938 (index):680 NODEACCESSRELEASED_8
12:43:44.940 (index):680 NODEACCESSRELEASED_9
12:43:44.941 (index):710 NODEACCESSREQUESTED_0
12:43:44.943 (index):680 NODEACCESSRELEASED_1
12:43:44.944 (index):710 NODEACCESSREQUESTED_2
12:43:44.945 (index):680 NODEACCESSRELEASED_3
12:43:44.947 (index):710 NODEACCESSREQUESTED_4
12:43:44.948 (index):680 NODEACCESSRELEASED_5
12:43:44.949 (index):680 NODEACCESSRELEASED_6
12:43:44.951 (index):710 NODEACCESSREQUESTED_7
12:43:44.953 (index):710 NODEACCESSREQUESTED_8
12:43:44.954 (index):710 NODEACCESSREQUESTED_9
12:43:44.955 (index):698 UPDATE_0
12:43:44.956 (index):710 NODEACCESSREQUESTED_1
12:43:44.958 (index):729 WAITING_2
12:43:44.959 (index):710 NODEACCESSREQUESTED_3
12:43:44.960 (index):698 UPDATE_4
12:43:44.961 (index):710 NODEACCESSREQUESTED_5
12:43:44.963 (index):710 NODEACCESSREQUESTED_6
12:43:44.964 (index):698 UPDATE_7
12:43:44.965 (index):698 UPDATE_8
12:43:44.967 (index):698 UPDATE_9
12:43:44.968 (index):680 NODEACCESSRELEASED_0
12:43:44.969 (index):698 UPDATE_1
12:43:44.970 (index):698 UPDATE_2
12:43:44.971 (index):698 UPDATE_3
12:43:44.972 (index):680 NODEACCESSRELEASED_4
12:43:44.974 (index):698 UPDATE_5
12:43:44.975 (index):698 UPDATE_6
12:43:44.976 (index):680 NODEACCESSRELEASED_7
12:43:44.977 (index):680 NODEACCESSRELEASED_8
12:43:44.979 (index):680 NODEACCESSRELEASED_9
12:43:44.980 (index):710 NODEACCESSREQUESTED_0
12:43:44.981 (index):680 NODEACCESSRELEASED_1
12:43:44.982 (index):680 NODEACCESSRELEASED_2
12:43:44.984 (index):680 NODEACCESSRELEASED_3
12:43:44.986 (index):710 NODEACCESSREQUESTED_4
12:43:44.987 (index):680 NODEACCESSRELEASED_5
12:43:44.989 (index):680 NODEACCESSRELEASED_6
12:43:44.991 (index):710 NODEACCESSREQUESTED_7
12:43:44.992 (index):710 NODEACCESSREQUESTED_8
12:43:44.994 (index):710 NODEACCESSREQUESTED_9
12:43:44.995 (index):698 UPDATE_0
12:43:44.996 (index):710 NODEACCESSREQUESTED_1
12:43:44.998 (index):710 NODEACCESSREQUESTED_2
12:43:45.000 (index):710 NODEACCESSREQUESTED_3
12:43:45.001 (index):698 UPDATE_4
12:43:45.003 (index):710 NODEACCESSREQUESTED_5
12:43:45.004 (index):710 NODEACCESSREQUESTED_6
12:43:45.006 (index):698 UPDATE_7
12:43:45.007 (index):698 UPDATE_8
12:43:45.009 (index):698 UPDATE_9
12:43:45.010 (index):680 NODEACCESSRELEASED_0
12:43:45.011 (index):698 UPDATE_1
12:43:45.013 (index):698 UPDATE_2
12:43:45.014 (index):698 UPDATE_3
12:43:45.015 (index):680 NODEACCESSRELEASED_4
12:43:45.016 (index):698 UPDATE_5
12:43:45.018 (index):729 WAITING_6
12:43:45.019 (index):680 NODEACCESSRELEASED_7
12:43:45.020 (index):680 NODEACCESSRELEASED_8
12:43:45.022 (index):680 NODEACCESSRELEASED_9
12:43:45.024 (index):710 NODEACCESSREQUESTED_0
12:43:45.025 (index):680 NODEACCESSRELEASED_1
12:43:45.027 (index):680 NODEACCESSRELEASED_2
12:43:45.028 (index):680 NODEACCESSRELEASED_3
12:43:45.029 (index):710 NODEACCESSREQUESTED_4
12:43:45.031 (index):680 NODEACCESSRELEASED_5
12:43:45.032 (index):698 UPDATE_6
12:43:45.034 (index):710 NODEACCESSREQUESTED_7
12:43:45.035 (index):710 NODEACCESSREQUESTED_8
12:43:45.037 (index):710 NODEACCESSREQUESTED_9
12:43:45.038 (index):698 UPDATE_0
12:43:45.039 (index):710 NODEACCESSREQUESTED_1
12:43:45.041 (index):710 NODEACCESSREQUESTED_2
12:43:45.042 (index):710 NODEACCESSREQUESTED_3
12:43:45.044 (index):698 UPDATE_4
12:43:45.045 (index):710 NODEACCESSREQUESTED_5
12:43:45.047 (index):680 NODEACCESSRELEASED_6
12:43:45.048 (index):698 UPDATE_7
12:43:45.049 (index):698 UPDATE_8
12:43:45.050 (index):698 UPDATE_9
12:43:45.052 (index):680 NODEACCESSRELEASED_0
12:43:45.053 (index):698 UPDATE_1
12:43:45.054 (index):698 UPDATE_2
12:43:45.056 (index):698 UPDATE_3
12:43:45.057 (index):680 NODEACCESSRELEASED_4
12:43:45.058 (index):698 UPDATE_5
12:43:45.059 (index):710 NODEACCESSREQUESTED_6
12:43:45.061 (index):680 NODEACCESSRELEASED_7
12:43:45.062 (index):680 NODEACCESSRELEASED_8
12:43:45.064 (index):680 NODEACCESSRELEASED_9
12:43:45.065 (index):710 NODEACCESSREQUESTED_0
12:43:45.067 (index):680 NODEACCESSRELEASED_1
12:43:45.068 (index):680 NODEACCESSRELEASED_2
12:43:45.069 (index):680 NODEACCESSRELEASED_3
12:43:45.071 (index):710 NODEACCESSREQUESTED_4
12:43:45.072 (index):680 NODEACCESSRELEASED_5
12:43:45.074 (index):698 UPDATE_6
12:43:45.075 (index):710 NODEACCESSREQUESTED_7
12:43:45.076 (index):710 NODEACCESSREQUESTED_8
12:43:45.078 (index):710 NODEACCESSREQUESTED_9
12:43:45.080 (index):698 UPDATE_0
12:43:45.081 (index):710 NODEACCESSREQUESTED_1
12:43:45.082 (index):710 NODEACCESSREQUESTED_2
12:43:45.084 (index):710 NODEACCESSREQUESTED_3
12:43:45.086 (index):698 UPDATE_4
12:43:45.087 (index):710 NODEACCESSREQUESTED_5
12:43:45.089 (index):680 NODEACCESSRELEASED_6
12:43:45.091 (index):698 UPDATE_7
12:43:45.092 (index):698 UPDATE_8
12:43:45.093 (index):698 UPDATE_9
12:43:45.095 (index):680 NODEACCESSRELEASED_0
12:43:45.095 (index):698 UPDATE_1
12:43:45.096 (index):698 UPDATE_2
12:43:45.096 (index):698 UPDATE_3
12:43:45.097 (index):680 NODEACCESSRELEASED_4
12:43:45.097 (index):698 UPDATE_5
12:43:45.097 (index):710 NODEACCESSREQUESTED_6
12:43:45.098 (index):680 NODEACCESSRELEASED_7
12:43:45.099 (index):680 NODEACCESSRELEASED_8
12:43:45.099 (index):680 NODEACCESSRELEASED_9
12:43:45.100 (index):710 NODEACCESSREQUESTED_0
12:43:45.100 (index):680 NODEACCESSRELEASED_1
12:43:45.101 (index):680 NODEACCESSRELEASED_2
12:43:45.101 (index):680 NODEACCESSRELEASED_3
12:43:45.102 (index):710 NODEACCESSREQUESTED_4
12:43:45.102 (index):680 NODEACCESSRELEASED_5
12:43:45.103 (index):698 UPDATE_6
12:43:45.103 (index):710 NODEACCESSREQUESTED_7
12:43:45.104 (index):710 NODEACCESSREQUESTED_8
12:43:45.105 (index):710 NODEACCESSREQUESTED_9
12:43:45.105 (index):698 UPDATE_0
12:43:45.106 (index):710 NODEACCESSREQUESTED_1
12:43:45.106 (index):710 NODEACCESSREQUESTED_2
12:43:45.107 (index):710 NODEACCESSREQUESTED_3
12:43:45.107 (index):698 UPDATE_4
12:43:45.108 (index):710 NODEACCESSREQUESTED_5
12:43:45.108 (index):680 NODEACCESSRELEASED_6
12:43:45.109 (index):698 UPDATE_7
12:43:45.109 (index):698 UPDATE_8
12:43:45.110 (index):698 UPDATE_9
12:43:45.110 (index):680 NODEACCESSRELEASED_0
12:43:45.111 (index):698 UPDATE_1
12:43:45.111 (index):698 UPDATE_2
12:43:45.112 (index):698 UPDATE_3
12:43:45.112 (index):680 NODEACCESSRELEASED_4
12:43:45.113 (index):698 UPDATE_5
12:43:45.113 (index):710 NODEACCESSREQUESTED_6
12:43:45.114 (index):680 NODEACCESSRELEASED_7
12:43:45.114 (index):680 NODEACCESSRELEASED_8
12:43:45.115 (index):680 NODEACCESSRELEASED_9
12:43:45.115 (index):710 NODEACCESSREQUESTED_0
12:43:45.116 (index):680 NODEACCESSRELEASED_1
12:43:45.116 (index):680 NODEACCESSRELEASED_2
12:43:45.117 (index):680 NODEACCESSRELEASED_3
12:43:45.117 (index):710 NODEACCESSREQUESTED_4
12:43:45.118 (index):680 NODEACCESSRELEASED_5
12:43:45.119 (index):698 UPDATE_6
12:43:45.119 (index):710 NODEACCESSREQUESTED_7
12:43:45.120 (index):710 NODEACCESSREQUESTED_8
12:43:45.120 (index):710 NODEACCESSREQUESTED_9
12:43:45.121 (index):698 UPDATE_0
12:43:45.121 (index):710 NODEACCESSREQUESTED_1
12:43:45.122 (index):710 NODEACCESSREQUESTED_2
12:43:45.122 (index):710 NODEACCESSREQUESTED_3
12:43:45.123 (index):698 UPDATE_4
12:43:45.123 (index):710 NODEACCESSREQUESTED_5
12:43:45.124 (index):680 NODEACCESSRELEASED_6
12:43:45.124 (index):698 UPDATE_7
12:43:45.125 (index):698 UPDATE_8
12:43:45.125 (index):698 UPDATE_9
12:43:45.126 (index):680 NODEACCESSRELEASED_0
12:43:45.126 (index):698 UPDATE_1
12:43:45.127 (index):698 UPDATE_2
12:43:45.127 (index):698 UPDATE_3
12:43:45.127 (index):680 NODEACCESSRELEASED_4
12:43:45.128 (index):698 UPDATE_5
12:43:45.128 (index):710 NODEACCESSREQUESTED_6
12:43:45.129 (index):680 NODEACCESSRELEASED_7
12:43:45.129 (index):680 NODEACCESSRELEASED_8
12:43:45.130 (index):680 NODEACCESSRELEASED_9
12:43:45.130 (index):710 NODEACCESSREQUESTED_0
12:43:45.131 (index):680 NODEACCESSRELEASED_1
12:43:45.132 (index):680 NODEACCESSRELEASED_2
12:43:45.132 (index):680 NODEACCESSRELEASED_3
12:43:45.133 (index):710 NODEACCESSREQUESTED_4
12:43:45.133 (index):680 NODEACCESSRELEASED_5
12:43:45.134 (index):698 UPDATE_6
12:43:45.134 (index):710 NODEACCESSREQUESTED_7
12:43:45.135 (index):710 NODEACCESSREQUESTED_8
12:43:45.135 (index):710 NODEACCESSREQUESTED_9
12:43:45.136 (index):698 UPDATE_0
12:43:45.136 (index):710 NODEACCESSREQUESTED_1
12:43:45.137 (index):710 NODEACCESSREQUESTED_2
12:43:45.137 (index):710 NODEACCESSREQUESTED_3
12:43:45.138 (index):698 UPDATE_4
12:43:45.138 (index):710 NODEACCESSREQUESTED_5
12:43:45.139 (index):680 NODEACCESSRELEASED_6
12:43:45.139 (index):698 UPDATE_7
12:43:45.140 (index):698 UPDATE_8
12:43:45.140 (index):698 UPDATE_9
12:43:45.140 (index):680 NODEACCESSRELEASED_0
12:43:45.141 (index):698 UPDATE_1
12:43:45.141 (index):698 UPDATE_2
12:43:45.142 (index):729 WAITING_3
12:43:45.142 (index):680 NODEACCESSRELEASED_4
12:43:45.143 (index):698 UPDATE_5
12:43:45.143 (index):710 NODEACCESSREQUESTED_6
12:43:45.144 (index):680 NODEACCESSRELEASED_7
12:43:45.144 (index):680 NODEACCESSRELEASED_8
12:43:45.145 (index):680 NODEACCESSRELEASED_9
12:43:45.145 (index):710 NODEACCESSREQUESTED_0
12:43:45.146 (index):680 NODEACCESSRELEASED_1
12:43:45.147 (index):680 NODEACCESSRELEASED_2
12:43:45.147 (index):698 UPDATE_3
12:43:45.148 (index):710 NODEACCESSREQUESTED_4
12:43:45.148 (index):680 NODEACCESSRELEASED_5
12:43:45.149 (index):698 UPDATE_6
12:43:45.149 (index):710 NODEACCESSREQUESTED_7
12:43:45.150 (index):710 NODEACCESSREQUESTED_8
12:43:45.150 (index):710 NODEACCESSREQUESTED_9
12:43:45.151 (index):698 UPDATE_0
12:43:45.151 (index):710 NODEACCESSREQUESTED_1
12:43:45.152 (index):710 NODEACCESSREQUESTED_2
12:43:45.152 (index):680 NODEACCESSRELEASED_3
12:43:45.153 (index):698 UPDATE_4
12:43:45.153 (index):710 NODEACCESSREQUESTED_5
12:43:45.154 (index):680 NODEACCESSRELEASED_6
12:43:45.154 (index):698 UPDATE_7
12:43:45.155 (index):729 WAITING_8
12:43:45.155 (index):698 UPDATE_9
12:43:45.156 (index):680 NODEACCESSRELEASED_0
12:43:45.156 (index):698 UPDATE_1
12:43:45.157 (index):698 UPDATE_2
12:43:45.157 (index):710 NODEACCESSREQUESTED_3
12:43:45.158 (index):680 NODEACCESSRELEASED_4
12:43:45.158 (index):698 UPDATE_5
12:43:45.159 (index):710 NODEACCESSREQUESTED_6
12:43:45.159 (index):680 NODEACCESSRELEASED_7
12:43:45.160 (index):729 WAITING_8
12:43:45.160 (index):680 NODEACCESSRELEASED_9
12:43:45.161 (index):710 NODEACCESSREQUESTED_0
12:43:45.161 (index):680 NODEACCESSRELEASED_1
12:43:45.162 (index):680 NODEACCESSRELEASED_2
12:43:45.163 (index):698 UPDATE_3
12:43:45.163 (index):710 NODEACCESSREQUESTED_4
12:43:45.163 (index):680 NODEACCESSRELEASED_5
12:43:45.164 (index):698 UPDATE_6
12:43:45.164 (index):710 NODEACCESSREQUESTED_7
12:43:45.165 (index):729 WAITING_8
12:43:45.165 (index):710 NODEACCESSREQUESTED_9
12:43:45.166 (index):698 UPDATE_0
12:43:45.166 (index):710 NODEACCESSREQUESTED_1
12:43:45.167 (index):710 NODEACCESSREQUESTED_2
12:43:45.167 (index):680 NODEACCESSRELEASED_3
12:43:45.168 (index):698 UPDATE_4
12:43:45.169 (index):710 NODEACCESSREQUESTED_5
12:43:45.169 (index):680 NODEACCESSRELEASED_6
12:43:45.170 (index):729 WAITING_7
12:43:45.170 (index):729 WAITING_8
12:43:45.171 (index):698 UPDATE_9
12:43:45.171 (index):680 NODEACCESSRELEASED_0
12:43:45.172 (index):698 UPDATE_1
12:43:45.172 (index):698 UPDATE_2
12:43:45.173 (index):710 NODEACCESSREQUESTED_3
12:43:45.173 (index):680 NODEACCESSRELEASED_4
12:43:45.174 (index):698 UPDATE_5
12:43:45.174 (index):710 NODEACCESSREQUESTED_6
12:43:45.175 (index):698 UPDATE_7
12:43:45.175 (index):729 WAITING_8
12:43:45.176 (index):680 NODEACCESSRELEASED_9
12:43:45.176 (index):710 NODEACCESSREQUESTED_0
12:43:45.177 (index):680 NODEACCESSRELEASED_1
12:43:45.177 (index):680 NODEACCESSRELEASED_2
12:43:45.178 (index):698 UPDATE_3
12:43:45.178 (index):710 NODEACCESSREQUESTED_4
12:43:45.179 (index):680 NODEACCESSRELEASED_5
12:43:45.179 (index):698 UPDATE_6
12:43:45.180 (index):680 NODEACCESSRELEASED_7
12:43:45.180 (index):729 WAITING_8
12:43:45.181 (index):710 NODEACCESSREQUESTED_9
12:43:45.181 (index):698 UPDATE_0
12:43:45.182 (index):710 NODEACCESSREQUESTED_1
12:43:45.182 (index):710 NODEACCESSREQUESTED_2
12:43:45.183 (index):680 NODEACCESSRELEASED_3
12:43:45.183 (index):698 UPDATE_4
12:43:45.184 (index):710 NODEACCESSREQUESTED_5
12:43:45.184 (index):680 NODEACCESSRELEASED_6
12:43:45.185 (index):710 NODEACCESSREQUESTED_7
12:43:45.185 (index):729 WAITING_8
12:43:45.186 (index):698 UPDATE_9
12:43:45.186 (index):680 NODEACCESSRELEASED_0
12:43:45.187 (index):698 UPDATE_1
12:43:45.187 (index):698 UPDATE_2
12:43:45.188 (index):710 NODEACCESSREQUESTED_3
12:43:45.188 (index):680 NODEACCESSRELEASED_4
12:43:45.189 (index):698 UPDATE_5
12:43:45.189 (index):710 NODEACCESSREQUESTED_6
12:43:45.190 (index):698 UPDATE_7
12:43:45.190 (index):729 WAITING_8
12:43:45.191 (index):680 NODEACCESSRELEASED_9
12:43:45.191 (index):710 NODEACCESSREQUESTED_0
12:43:45.192 (index):680 NODEACCESSRELEASED_1
12:43:45.192 (index):680 NODEACCESSRELEASED_2
12:43:45.193 (index):698 UPDATE_3
12:43:45.193 (index):710 NODEACCESSREQUESTED_4
12:43:45.194 (index):680 NODEACCESSRELEASED_5
12:43:45.194 (index):698 UPDATE_6
12:43:45.195 (index):680 NODEACCESSRELEASED_7
12:43:45.195 (index):729 WAITING_8
12:43:45.196 (index):710 NODEACCESSREQUESTED_9
12:43:45.196 (index):698 UPDATE_0
12:43:45.197 (index):710 NODEACCESSREQUESTED_1
12:43:45.197 (index):710 NODEACCESSREQUESTED_2
12:43:45.198 (index):680 NODEACCESSRELEASED_3
12:43:45.198 (index):698 UPDATE_4
12:43:45.199 (index):710 NODEACCESSREQUESTED_5
12:43:45.199 (index):680 NODEACCESSRELEASED_6
12:43:45.200 (index):710 NODEACCESSREQUESTED_7
12:43:45.200 (index):729 WAITING_8
12:43:45.201 (index):698 UPDATE_9
12:43:45.201 (index):680 NODEACCESSRELEASED_0
12:43:45.202 (index):698 UPDATE_1
12:43:45.202 (index):698 UPDATE_2
12:43:45.203 (index):710 NODEACCESSREQUESTED_3
12:43:45.203 (index):680 NODEACCESSRELEASED_4
12:43:45.204 (index):698 UPDATE_5
12:43:45.204 (index):710 NODEACCESSREQUESTED_6
12:43:45.205 (index):729 WAITING_7
12:43:45.205 (index):729 WAITING_8
12:43:45.205 (index):680 NODEACCESSRELEASED_9
12:43:45.206 (index):710 NODEACCESSREQUESTED_0
12:43:45.207 (index):680 NODEACCESSRELEASED_1
12:43:45.207 (index):680 NODEACCESSRELEASED_2
12:43:45.208 (index):698 UPDATE_3
12:43:45.208 (index):710 NODEACCESSREQUESTED_4
12:43:45.209 (index):680 NODEACCESSRELEASED_5
12:43:45.209 (index):698 UPDATE_6
12:43:45.210 (index):698 UPDATE_7
12:43:45.210 (index):729 WAITING_8
12:43:45.211 (index):710 NODEACCESSREQUESTED_9
12:43:45.211 (index):698 UPDATE_0
12:43:45.212 (index):710 NODEACCESSREQUESTED_1
12:43:45.212 (index):710 NODEACCESSREQUESTED_2
12:43:45.213 (index):680 NODEACCESSRELEASED_3
12:43:45.213 (index):698 UPDATE_4
12:43:45.214 (index):710 NODEACCESSREQUESTED_5
12:43:45.214 (index):680 NODEACCESSRELEASED_6
12:43:45.215 (index):680 NODEACCESSRELEASED_7
12:43:45.215 (index):729 WAITING_8
12:43:45.216 (index):698 UPDATE_9
12:43:45.216 (index):740 END_0
12:43:45.217 (index):698 UPDATE_1
12:43:45.217 (index):698 UPDATE_2
12:43:45.218 (index):710 NODEACCESSREQUESTED_3
12:43:45.218 (index):740 END_4
12:43:45.219 (index):698 UPDATE_5
12:43:45.219 (index):710 NODEACCESSREQUESTED_6
12:43:45.220 (index):710 NODEACCESSREQUESTED_7
12:43:45.220 (index):729 WAITING_8
12:43:45.221 (index):740 END_9
12:43:45.221 (index):740 END_1
12:43:45.222 (index):740 END_2
12:43:45.222 (index):698 UPDATE_3
12:43:45.223 (index):740 END_5
12:43:45.224 (index):698 UPDATE_6
12:43:45.224 (index):698 UPDATE_7
12:43:45.225 (index):729 WAITING_8
12:43:45.227 (index):740 END_3
12:43:45.228 (index):740 END_6
12:43:45.229 (index):740 END_7
12:43:45.230 (index):698 UPDATE_8
12:43:45.235 (index):680 NODEACCESSRELEASED_8
12:43:45.240 (index):710 NODEACCESSREQUESTED_8
12:43:45.246 (index):698 UPDATE_8
12:43:45.250 (index):680 NODEACCESSRELEASED_8
12:43:45.255 (index):710 NODEACCESSREQUESTED_8
12:43:45.260 (index):698 UPDATE_8
12:43:45.265 (index):680 NODEACCESSRELEASED_8
12:43:45.270 (index):710 NODEACCESSREQUESTED_8
12:43:45.275 (index):698 UPDATE_8
12:43:45.280 (index):680 NODEACCESSRELEASED_8
12:43:45.285 (index):710 NODEACCESSREQUESTED_8
12:43:45.290 (index):698 UPDATE_8
12:43:45.295 (index):740 END_8
