12:43:45.297 (index):3167 Tasks: 25; Collaborators: 10    =========================>
12:43:45.297 (index):710 NODEACCESSREQUESTED_0
12:43:45.298 (index):710 NODEACCESSREQUESTED_1
12:43:45.299 (index):710 NODEACCESSREQUESTED_2
12:43:45.300 (index):710 NODEACCESSREQUESTED_3
12:43:45.300 (index):710 NODEACCESSREQUESTED_4
12:43:45.301 (index):710 NODEACCESSREQUESTED_5
12:43:45.302 (index):710 NODEACCESSREQUESTED_6
12:43:45.302 (index):710 NODEACCESSREQUESTED_7
12:43:45.303 (index):710 NODEACCESSREQUESTED_8
12:43:45.304 (index):710 NODEACCESSREQUESTED_9
12:43:45.305 (index):680 NODEACCESSRELEASED_0
12:43:45.306 (index):680 NODEACCESSRELEASED_1
12:43:45.307 (index):680 NODEACCESSRELEASED_2
12:43:45.308 (index):680 NODEACCESSRELEASED_3
12:43:45.309 (index):680 NODEACCESSRELEASED_4
12:43:45.310 (index):680 NODEACCESSRELEASED_5
12:43:45.310 (index):680 NODEACCESSRELEASED_6
12:43:45.311 (index):680 NODEACCESSRELEASED_7
12:43:45.312 (index):680 NODEACCESSRELEASED_8
12:43:45.312 (index):680 NODEACCESSRELEASED_9
12:43:45.313 (index):710 NODEACCESSREQUESTED_0
12:43:45.314 (index):710 NODEACCESSREQUESTED_1
12:43:45.314 (index):710 NODEACCESSREQUESTED_2
12:43:45.315 (index):710 NODEACCESSREQUESTED_3
12:43:45.316 (index):710 NODEACCESSREQUESTED_4
12:43:45.317 (index):710 NODEACCESSREQUESTED_5
12:43:45.317 (index):710 NODEACCESSREQUESTED_6
12:43:45.318 (index):710 NODEACCESSREQUESTED_7
12:43:45.319 (index):710 NODEACCESSREQUESTED_8
12:43:45.319 (index):710 NODEACCESSREQUESTED_9
12:43:45.320 (index):698 UPDATE_0
12:43:45.321 (index):698 UPDATE_1
12:43:45.321 (index):698 UPDATE_2
12:43:45.322 (index):698 UPDATE_3
12:43:45.323 (index):698 UPDATE_4
12:43:45.323 (index):698 UPDATE_5
12:43:45.324 (index):698 UPDATE_6
12:43:45.324 (index):698 UPDATE_7
12:43:45.324 (index):698 UPDATE_8
12:43:45.325 (index):698 UPDATE_9
12:43:45.325 (index):680 NODEACCESSRELEASED_0
12:43:45.326 (index):680 NODEACCESSRELEASED_1
12:43:45.326 (index):680 NODEACCESSRELEASED_2
12:43:45.327 (index):680 NODEACCESSRELEASED_3
12:43:45.327 (index):680 NODEACCESSRELEASED_4
12:43:45.328 (index):680 NODEACCESSRELEASED_5
12:43:45.328 (index):680 NODEACCESSRELEASED_6
12:43:45.329 (index):680 NODEACCESSRELEASED_7
12:43:45.329 (index):680 NODEACCESSRELEASED_8
12:43:45.330 (index):680 NODEACCESSRELEASED_9
12:43:45.330 (index):710 NODEACCESSREQUESTED_0
12:43:45.331 (index):710 NODEACCESSREQUESTED_1
12:43:45.332 (index):710 NODEACCESSREQUESTED_2
12:43:45.332 (index):710 NODEACCESSREQUESTED_3
12:43:45.333 (index):710 NODEACCESSREQUESTED_4
12:43:45.333 (index):710 NODEACCESSREQUESTED_5
12:43:45.334 (index):710 NODEACCESSREQUESTED_6
12:43:45.334 (index):710 NODEACCESSREQUESTED_7
12:43:45.335 (index):710 NODEACCESSREQUESTED_8
12:43:45.336 (index):710 NODEACCESSREQUESTED_9
12:43:45.336 (index):698 UPDATE_0
12:43:45.337 (index):698 UPDATE_1
12:43:45.337 (index):698 UPDATE_2
12:43:45.337 (index):698 UPDATE_3
12:43:45.338 (index):698 UPDATE_4
12:43:45.338 (index):698 UPDATE_5
12:43:45.339 (index):698 UPDATE_6
12:43:45.339 (index):698 UPDATE_7
12:43:45.340 (index):698 UPDATE_8
12:43:45.340 (index):698 UPDATE_9
12:43:45.341 (index):680 NODEACCESSRELEASED_0
12:43:45.341 (index):680 NODEACCESSRELEASED_1
12:43:45.342 (index):680 NODEACCESSRELEASED_2
12:43:45.342 (index):680 NODEACCESSRELEASED_3
12:43:45.343 (index):680 NODEACCESSRELEASED_4
12:43:45.343 (index):680 NODEACCESSRELEASED_5
12:43:45.344 (index):680 NODEACCESSRELEASED_6
12:43:45.344 (index):680 NODEACCESSRELEASED_7
12:43:45.345 (index):680 NODEACCESSRELEASED_8
12:43:45.345 (index):680 NODEACCESSRELEASED_9
12:43:45.346 (index):710 NODEACCESSREQUESTED_0
12:43:45.346 (index):710 NODEACCESSREQUESTED_1
12:43:45.347 (index):710 NODEACCESSREQUESTED_2
12:43:45.347 (index):710 NODEACCESSREQUESTED_3
12:43:45.348 (index):710 NODEACCESSREQUESTED_4
12:43:45.349 (index):710 NODEACCESSREQUESTED_5
12:43:45.350 (index):710 NODEACCESSREQUESTED_6
12:43:45.350 (index):710 NODEACCESSREQUESTED_7
12:43:45.351 (index):710 NODEACCESSREQUESTED_8
12:43:45.352 (index):710 NODEACCESSREQUESTED_9
12:43:45.353 (index):698 UPDATE_0
12:43:45.354 (index):698 UPDATE_1
12:43:45.354 (index):698 UPDATE_2
12:43:45.355 (index):698 UPDATE_3
12:43:45.356 (index):698 UPDATE_4
12:43:45.356 (index):698 UPDATE_5
12:43:45.357 (index):698 UPDATE_6
12:43:45.358 (index):698 UPDATE_7
12:43:45.358 (index):698 UPDATE_8
12:43:45.359 (index):698 UPDATE_9
12:43:45.360 (index):680 NODEACCESSRELEASED_0
12:43:45.360 (index):680 NODEACCESSRELEASED_1
12:43:45.361 (index):680 NODEACCESSRELEASED_2
12:43:45.361 (index):680 NODEACCESSRELEASED_3
12:43:45.362 (index):680 NODEACCESSRELEASED_4
12:43:45.362 (index):680 NODEACCESSRELEASED_5
12:43:45.363 (index):680 NODEACCESSRELEASED_6
12:43:45.363 (index):680 NODEACCESSRELEASED_7
12:43:45.364 (index):680 NODEACCESSRELEASED_8
12:43:45.364 (index):680 NODEACCESSRELEASED_9
12:43:45.365 (index):710 NODEACCESSREQUESTED_0
12:43:45.365 (index):710 NODEACCESSREQUESTED_1
12:43:45.366 (index):710 NODEACCESSREQUESTED_2
12:43:45.367 (index):710 NODEACCESSREQUESTED_3
12:43:45.367 (index):710 NODEACCESSREQUESTED_4
12:43:45.368 (index):710 NODEACCESSREQUESTED_5
12:43:45.368 (index):710 NODEACCESSREQUESTED_6
12:43:45.369 (index):710 NODEACCESSREQUESTED_7
12:43:45.369 (index):710 NODEACCESSREQUESTED_8
12:43:45.370 (index):710 NODEACCESSREQUESTED_9
12:43:45.371 (index):698 UPDATE_0
12:43:45.371 (index):698 UPDATE_1
12:43:45.371 (index):698 UPDATE_2
12:43:45.372 (index):698 UPDATE_3
12:43:45.372 (index):698 UPDATE_4
12:43:45.373 (index):729 WAITING_5
12:43:45.373 (index):698 UPDATE_6
12:43:45.374 (index):698 UPDATE_7
12:43:45.374 (index):698 UPDATE_8
12:43:45.375 (index):698 UPDATE_9
12:43:45.375 (index):680 NODEACCESSRELEASED_0
12:43:45.376 (index):680 NODEACCESSRELEASED_1
12:43:45.376 (index):680 NODEACCESSRELEASED_2
12:43:45.377 (index):680 NODEACCESSRELEASED_3
12:43:45.377 (index):680 NODEACCESSRELEASED_4
12:43:45.378 (index):698 UPDATE_5
12:43:45.379 (index):680 NODEACCESSRELEASED_6
12:43:45.379 (index):680 NODEACCESSRELEASED_7
12:43:45.380 (index):680 NODEACCESSRELEASED_8
12:43:45.380 (index):680 NODEACCESSRELEASED_9
12:43:45.381 (index):710 NODEACCESSREQUESTED_0
12:43:45.381 (index):710 NODEACCESSREQUESTED_1
12:43:45.382 (index):710 NODEACCESSREQUESTED_2
12:43:45.382 (index):710 NODEACCESSREQUESTED_3
12:43:45.383 (index):710 NODEACCESSREQUESTED_4
12:43:45.383 (index):680 NODEACCESSRELEASED_5
12:43:45.384 (index):710 NODEACCESSREQUESTED_6
12:43:45.384 (index):710 NODEACCESSREQUESTED_7
12:43:45.385 (index):710 NODEACCESSREQUESTED_8
12:43:45.386 (index):710 NODEACCESSREQUESTED_9
12:43:45.386 (index):698 UPDATE_0
12:43:45.387 (index):729 WAITING_1
12:43:45.387 (index):698 UPDATE_2
12:43:45.387 (index):698 UPDATE_3
12:43:45.388 (index):698 UPDATE_4
12:43:45.388 (index):710 NODEACCESSREQUESTED_5
12:43:45.389 (index):698 UPDATE_6
12:43:45.389 (index):698 UPDATE_7
12:43:45.390 (index):698 UPDATE_8
12:43:45.390 (index):698 UPDATE_9
12:43:45.391 (index):680 NODEACCESSRELEASED_0
12:43:45.391 (index):729 WAITING_1
12:43:45.392 (index):680 NODEACCESSRELEASED_2
12:43:45.392 (index):680 NODEACCESSRELEASED_3
12:43:45.393 (index):680 NODEACCESSRELEASED_4
12:43:45.394 (index):729 WAITING_5
12:43:45.394 (index):680 NODEACCESSRELEASED_6
12:43:45.395 (index):680 NODEACCESSRELEASED_7
12:43:45.395 (index):680 NODEACCESSRELEASED_8
12:43:45.396 (index):680 NODEACCESSRELEASED_9
12:43:45.397 (index):710 NODEACCESSREQUESTED_0
12:43:45.397 (index):698 UPDATE_1
12:43:45.398 (index):710 NODEACCESSREQUESTED_2
12:43:45.398 (index):710 NODEACCESSREQUESTED_3
12:43:45.399 (index):710 NODEACCESSREQUESTED_4
12:43:45.399 (index):729 WAITING_5
12:43:45.400 (index):710 NODEACCESSREQUESTED_6
12:43:45.400 (index):710 NODEACCESSREQUESTED_7
12:43:45.401 (index):710 NODEACCESSREQUESTED_8
12:43:45.401 (index):710 NODEACCESSREQUESTED_9
12:43:45.402 (index):729 WAITING_0
12:43:45.402 (index):680 NODEACCESSRELEASED_1
12:43:45.403 (index):729 WAITING_2
12:43:45.404 (index):729 WAITING_3
12:43:45.404 (index):729 WAITING_4
12:43:45.404 (index):698 UPDATE_5
12:43:45.405 (index):729 WAITING_6
12:43:45.405 (index):729 WAITING_7
12:43:45.406 (index):729 WAITING_8
12:43:45.406 (index):729 WAITING_9
12:43:45.407 (index):729 WAITING_0
12:43:45.407 (index):710 NODEACCESSREQUESTED_1
12:43:45.408 (index):729 WAITING_2
12:43:45.408 (index):729 WAITING_3
12:43:45.409 (index):729 WAITING_4
12:43:45.409 (index):680 NODEACCESSRELEASED_5
12:43:45.410 (index):698 UPDATE_6
12:43:45.411 (index):729 WAITING_7
12:43:45.411 (index):698 UPDATE_8
12:43:45.412 (index):729 WAITING_9
12:43:45.412 (index):698 UPDATE_0
12:43:45.412 (index):698 UPDATE_1
12:43:45.413 (index):729 WAITING_2
12:43:45.413 (index):698 UPDATE_3
12:43:45.414 (index):729 WAITING_4
12:43:45.414 (index):710 NODEACCESSREQUESTED_5
12:43:45.415 (index):680 NODEACCESSRELEASED_6
12:43:45.416 (index):698 UPDATE_7
12:43:45.416 (index):680 NODEACCESSRELEASED_8
12:43:45.417 (index):729 WAITING_9
12:43:45.417 (index):680 NODEACCESSRELEASED_0
12:43:45.418 (index):680 NODEACCESSRELEASED_1
12:43:45.418 (index):698 UPDATE_2
12:43:45.419 (index):680 NODEACCESSRELEASED_3
12:43:45.419 (index):698 UPDATE_4
12:43:45.420 (index):698 UPDATE_5
12:43:45.420 (index):710 NODEACCESSREQUESTED_6
12:43:45.421 (index):680 NODEACCESSRELEASED_7
12:43:45.421 (index):710 NODEACCESSREQUESTED_8
12:43:45.422 (index):698 UPDATE_9
12:43:45.422 (index):710 NODEACCESSREQUESTED_0
12:43:45.423 (index):710 NODEACCESSREQUESTED_1
12:43:45.423 (index):680 NODEACCESSRELEASED_2
12:43:45.424 (index):710 NODEACCESSREQUESTED_3
12:43:45.424 (index):680 NODEACCESSRELEASED_4
12:43:45.425 (index):680 NODEACCESSRELEASED_5
12:43:45.425 (index):698 UPDATE_6
12:43:45.426 (index):710 NODEACCESSREQUESTED_7
12:43:45.426 (index):698 UPDATE_8
12:43:45.427 (index):680 NODEACCESSRELEASED_9
12:43:45.427 (index):698 UPDATE_0
12:43:45.428 (index):698 UPDATE_1
12:43:45.428 (index):710 NODEACCESSREQUESTED_2
12:43:45.429 (index):698 UPDATE_3
12:43:45.429 (index):710 NODEACCESSREQUESTED_4
12:43:45.430 (index):710 NODEACCESSREQUESTED_5
12:43:45.430 (index):680 NODEACCESSRELEASED_6
12:43:45.431 (index):698 UPDATE_7
12:43:45.431 (index):680 NODEACCESSRELEASED_8
12:43:45.432 (index):710 NODEACCESSREQUESTED_9
12:43:45.432 (index):680 NODEACCESSRELEASED_0
12:43:45.433 (index):680 NODEACCESSRELEASED_1
12:43:45.433 (index):698 UPDATE_2
12:43:45.434 (index):680 NODEACCESSRELEASED_3
12:43:45.434 (index):698 UPDATE_4
12:43:45.435 (index):698 UPDATE_5
12:43:45.435 (index):710 NODEACCESSREQUESTED_6
12:43:45.436 (index):680 NODEACCESSRELEASED_7
12:43:45.436 (index):710 NODEACCESSREQUESTED_8
12:43:45.437 (index):698 UPDATE_9
12:43:45.437 (index):710 NODEACCESSREQUESTED_0
12:43:45.438 (index):710 NODEACCESSREQUESTED_1
12:43:45.438 (index):680 NODEACCESSRELEASED_2
12:43:45.439 (index):710 NODEACCESSREQUESTED_3
12:43:45.439 (index):680 NODEACCESSRELEASED_4
12:43:45.440 (index):680 NODEACCESSRELEASED_5
12:43:45.440 (index):698 UPDATE_6
12:43:45.441 (index):710 NODEACCESSREQUESTED_7
12:43:45.441 (index):698 UPDATE_8
12:43:45.442 (index):680 NODEACCESSRELEASED_9
12:43:45.442 (index):698 UPDATE_0
12:43:45.443 (index):698 UPDATE_1
12:43:45.443 (index):710 NODEACCESSREQUESTED_2
12:43:45.444 (index):698 UPDATE_3
12:43:45.444 (index):710 NODEACCESSREQUESTED_4
12:43:45.445 (index):710 NODEACCESSREQUESTED_5
12:43:45.445 (index):680 NODEACCESSRELEASED_6
12:43:45.446 (index):698 UPDATE_7
12:43:45.446 (index):680 NODEACCESSRELEASED_8
12:43:45.447 (index):710 NODEACCESSREQUESTED_9
12:43:45.447 (index):680 NODEACCESSRELEASED_0
12:43:45.448 (index):680 NODEACCESSRELEASED_1
12:43:45.448 (index):698 UPDATE_2
12:43:45.449 (index):680 NODEACCESSRELEASED_3
12:43:45.449 (index):698 UPDATE_4
12:43:45.450 (index):698 UPDATE_5
12:43:45.450 (index):710 NODEACCESSREQUESTED_6
12:43:45.451 (index):680 NODEACCESSRELEASED_7
12:43:45.451 (index):710 NODEACCESSREQUESTED_8
12:43:45.452 (index):698 UPDATE_9
12:43:45.452 (index):710 NODEACCESSREQUESTED_0
12:43:45.453 (index):710 NODEACCESSREQUESTED_1
12:43:45.453 (index):680 NODEACCESSRELEASED_2
12:43:45.454 (index):710 NODEACCESSREQUESTED_3
12:43:45.454 (index):680 NODEACCESSRELEASED_4
12:43:45.455 (index):680 NODEACCESSRELEASED_5
12:43:45.456 (index):698 UPDATE_6
12:43:45.456 (index):710 NODEACCESSREQUESTED_7
12:43:45.457 (index):698 UPDATE_8
12:43:45.457 (index):680 NODEACCESSRELEASED_9
12:43:45.458 (index):698 UPDATE_0
12:43:45.458 (index):729 WAITING_1
12:43:45.459 (index):710 NODEACCESSREQUESTED_2
12:43:45.459 (index):698 UPDATE_3
12:43:45.460 (index):710 NODEACCESSREQUESTED_4
12:43:45.460 (index):710 NODEACCESSREQUESTED_5
12:43:45.461 (index):680 NODEACCESSRELEASED_6
12:43:45.462 (index):698 UPDATE_7
12:43:45.462 (index):680 NODEACCESSRELEASED_8
12:43:45.463 (index):710 NODEACCESSREQUESTED_9
12:43:45.463 (index):680 NODEACCESSRELEASED_0
12:43:45.464 (index):698 UPDATE_1
12:43:45.464 (index):698 UPDATE_2
12:43:45.465 (index):680 NODEACCESSRELEASED_3
12:43:45.465 (index):698 UPDATE_4
12:43:45.466 (index):698 UPDATE_5
12:43:45.466 (index):710 NODEACCESSREQUESTED_6
12:43:45.467 (index):680 NODEACCESSRELEASED_7
12:43:45.467 (index):710 NODEACCESSREQUESTED_8
12:43:45.468 (index):698 UPDATE_9
12:43:45.468 (index):710 NODEACCESSREQUESTED_0
12:43:45.469 (index):680 NODEACCESSRELEASED_1
12:43:45.470 (index):680 NODEACCESSRELEASED_2
12:43:45.470 (index):710 NODEACCESSREQUESTED_3
12:43:45.471 (index):680 NODEACCESSRELEASED_4
12:43:45.471 (index):680 NODEACCESSRELEASED_5
12:43:45.472 (index):698 UPDATE_6
12:43:45.472 (index):710 NODEACCESSREQUESTED_7
12:43:45.473 (index):698 UPDATE_8
12:43:45.473 (index):680 NODEACCESSRELEASED_9
12:43:45.474 (index):698 UPDATE_0
12:43:45.474 (index):710 NODEACCESSREQUESTED_1
12:43:45.475 (index):710 NODEACCESSREQUESTED_2
12:43:45.475 (index):698 UPDATE_3
12:43:45.476 (index):710 NODEACCESSREQUESTED_4
12:43:45.476 (index):710 NODEACCESSREQUESTED_5
12:43:45.477 (index):680 NODEACCESSRELEASED_6
12:43:45.478 (index):698 UPDATE_7
12:43:45.478 (index):680 NODEACCESSRELEASED_8
12:43:45.479 (index):710 NODEACCESSREQUESTED_9
12:43:45.479 (index):680 NODEACCESSRELEASED_0
12:43:45.480 (index):698 UPDATE_1
12:43:45.480 (index):698 UPDATE_2
12:43:45.481 (index):680 NODEACCESSRELEASED_3
12:43:45.481 (index):698 UPDATE_4
12:43:45.482 (index):698 UPDATE_5
12:43:45.482 (index):710 NODEACCESSREQUESTED_6
12:43:45.483 (index):680 NODEACCESSRELEASED_7
12:43:45.483 (index):710 NODEACCESSREQUESTED_8
12:43:45.484 (index):698 UPDATE_9
12:43:45.484 (index):710 NODEACCESSREQUESTED_0
12:43:45.485 (index):680 NODEACCESSRELEASED_1
12:43:45.485 (index):680 NODEACCESSRELEASED_2
12:43:45.486 (index):710 NODEACCESSREQUESTED_3
12:43:45.486 (index):680 NODEACCESSRELEASED_4
12:43:45.487 (index):680 NODEACCESSRELEASED_5
12:43:45.488 (index):698 UPDATE_6
12:43:45.488 (index):710 NODEACCESSREQUESTED_7
12:43:45.489 (index):698 UPDATE_8
12:43:45.489 (index):680 NODEACCESSRELEASED_9
12:43:45.490 (index):729 WAITING_0
12:43:45.490 (index):710 NODEACCESSREQUESTED_1
12:43:45.491 (index):710 NODEACCESSREQUESTED_2
12:43:45.491 (index):698 UPDATE_3
12:43:45.492 (index):710 NODEACCESSREQUESTED_4
12:43:45.492 (index):710 NODEACCESSREQUESTED_5
12:43:45.493 (index):680 NODEACCESSRELEASED_6
12:43:45.493 (index):698 UPDATE_7
12:43:45.494 (index):680 NODEACCESSRELEASED_8
12:43:45.494 (index):710 NODEACCESSREQUESTED_9
12:43:45.495 (index):698 UPDATE_0
12:43:45.495 (index):698 UPDATE_1
12:43:45.496 (index):729 WAITING_2
12:43:45.496 (index):680 NODEACCESSRELEASED_3
12:43:45.497 (index):698 UPDATE_4
12:43:45.497 (index):698 UPDATE_5
12:43:45.498 (index):710 NODEACCESSREQUESTED_6
12:43:45.498 (index):680 NODEACCESSRELEASED_7
12:43:45.499 (index):710 NODEACCESSREQUESTED_8
12:43:45.499 (index):729 WAITING_9
12:43:45.500 (index):680 NODEACCESSRELEASED_0
12:43:45.501 (index):680 NODEACCESSRELEASED_1
12:43:45.501 (index):729 WAITING_2
12:43:45.502 (index):710 NODEACCESSREQUESTED_3
12:43:45.502 (index):680 NODEACCESSRELEASED_4
12:43:45.503 (index):680 NODEACCESSRELEASED_5
12:43:45.503 (index):698 UPDATE_6
12:43:45.504 (index):710 NODEACCESSREQUESTED_7
12:43:45.505 (index):698 UPDATE_8
12:43:45.505 (index):729 WAITING_9
12:43:45.505 (index):710 NODEACCESSREQUESTED_0
12:43:45.506 (index):710 NODEACCESSREQUESTED_1
12:43:45.507 (index):729 WAITING_2
12:43:45.507 (index):698 UPDATE_3
12:43:45.508 (index):710 NODEACCESSREQUESTED_4
12:43:45.509 (index):710 NODEACCESSREQUESTED_5
12:43:45.510 (index):680 NODEACCESSRELEASED_6
12:43:45.511 (index):698 UPDATE_7
12:43:45.511 (index):680 NODEACCESSRELEASED_8
12:43:45.512 (index):729 WAITING_9
12:43:45.513 (index):698 UPDATE_0
12:43:45.514 (index):729 WAITING_1
12:43:45.514 (index):729 WAITING_2
12:43:45.515 (index):680 NODEACCESSRELEASED_3
12:43:45.516 (index):698 UPDATE_4
12:43:45.517 (index):698 UPDATE_5
12:43:45.517 (index):710 NODEACCESSREQUESTED_6
12:43:45.518 (index):680 NODEACCESSRELEASED_7
12:43:45.519 (index):710 NODEACCESSREQUESTED_8
12:43:45.520 (index):729 WAITING_9
12:43:45.521 (index):680 NODEACCESSRELEASED_0
12:43:45.522 (index):698 UPDATE_1
12:43:45.522 (index):729 WAITING_2
12:43:45.523 (index):710 NODEACCESSREQUESTED_3
12:43:45.523 (index):680 NODEACCESSRELEASED_4
12:43:45.524 (index):680 NODEACCESSRELEASED_5
12:43:45.524 (index):698 UPDATE_6
12:43:45.525 (index):710 NODEACCESSREQUESTED_7
12:43:45.525 (index):698 UPDATE_8
12:43:45.526 (index):729 WAITING_9
12:43:45.526 (index):710 NODEACCESSREQUESTED_0
12:43:45.527 (index):680 NODEACCESSRELEASED_1
12:43:45.527 (index):729 WAITING_2
12:43:45.528 (index):698 UPDATE_3
12:43:45.528 (index):710 NODEACCESSREQUESTED_4
12:43:45.529 (index):710 NODEACCESSREQUESTED_5
12:43:45.529 (index):740 END_6
12:43:45.530 (index):698 UPDATE_7
12:43:45.530 (index):740 END_8
12:43:45.531 (index):729 WAITING_9
12:43:45.531 (index):698 UPDATE_0
12:43:45.532 (index):710 NODEACCESSREQUESTED_1
12:43:45.532 (index):729 WAITING_2
12:43:45.533 (index):740 END_3
12:43:45.533 (index):698 UPDATE_4
12:43:45.534 (index):729 WAITING_5
12:43:45.534 (index):740 END_7
12:43:45.536 (index):729 WAITING_9
12:43:45.537 (index):740 END_0
12:43:45.538 (index):698 UPDATE_1
12:43:45.539 (index):729 WAITING_2
12:43:45.539 (index):740 END_4
12:43:45.540 (index):729 WAITING_5
12:43:45.541 (index):729 WAITING_9
12:43:45.543 (index):740 END_1
12:43:45.544 (index):698 UPDATE_2
12:43:45.545 (index):729 WAITING_5
12:43:45.546 (index):729 WAITING_9
12:43:45.549 (index):680 NODEACCESSRELEASED_2
12:43:45.550 (index):729 WAITING_5
12:43:45.551 (index):698 UPDATE_9
12:43:45.555 (index):710 NODEACCESSREQUESTED_2
12:43:45.556 (index):729 WAITING_5
12:43:45.556 (index):680 NODEACCESSRELEASED_9
12:43:45.560 (index):729 WAITING_2
12:43:45.561 (index):698 UPDATE_5
12:43:45.562 (index):710 NODEACCESSREQUESTED_9
12:43:45.565 (index):729 WAITING_2
12:43:45.565 (index):740 END_5
12:43:45.567 (index):729 WAITING_9
12:43:45.570 (index):698 UPDATE_2
12:43:45.571 (index):729 WAITING_9
12:43:45.574 (index):680 NODEACCESSRELEASED_2
12:43:45.576 (index):698 UPDATE_9
12:43:45.579 (index):710 NODEACCESSREQUESTED_2
12:43:45.580 (index):680 NODEACCESSRELEASED_9
12:43:45.584 (index):698 UPDATE_2
12:43:45.585 (index):710 NODEACCESSREQUESTED_9
12:43:45.589 (index):740 END_2
12:43:45.590 (index):698 UPDATE_9
12:43:45.594 (index):740 END_9
