12:43:45.596 (index):3167 Tasks: 25; Collaborators: 10    =========================>
12:43:45.596 (index):710 NODEACCESSREQUESTED_0
12:43:45.597 (index):710 NODEACCESSREQUESTED_1
12:43:45.597 (index):710 NODEACCESSREQUESTED_2
12:43:45.598 (index):710 NODEACCESSREQUESTED_3
12:43:45.598 (index):710 NODEACCESSREQUESTED_4
12:43:45.599 (index):710 NODEACCESSREQUESTED_5
12:43:45.600 (index):710 NODEACCESSREQUESTED_6
12:43:45.600 (index):710 NODEACCESSREQUESTED_7
12:43:45.601 (index):710 NODEACCESSREQUESTED_8
12:43:45.601 (index):710 NODEACCESSREQUESTED_9
12:43:45.602 (index):680 NODEACCESSRELEASED_0
12:43:45.602 (index):680 NODEACCESSRELEASED_1
12:43:45.603 (index):680 NODEACCESSRELEASED_2
12:43:45.604 (index):680 NODEACCESSRELEASED_3
12:43:45.604 (index):680 NODEACCESSRELEASED_4
12:43:45.605 (index):680 NODEACCESSRELEASED_5
12:43:45.605 (index):680 NODEACCESSRELEASED_6
12:43:45.606 (index):680 NODEACCESSRELEASED_7
12:43:45.607 (index):680 NODEACCESSRELEASED_8
12:43:45.607 (index):680 NODEACCESSRELEASED_9
12:43:45.608 (index):710 NODEACCESSREQUESTED_0
12:43:45.608 (index):710 NODEACCESSREQUESTED_1
12:43:45.609 (index):710 NODEACCESSREQUESTED_2
12:43:45.610 (index):710 NODEACCESSREQUESTED_3
12:43:45.610 (index):710 NODEACCESSREQUESTED_4
12:43:45.611 (index):710 NODEACCESSREQUESTED_5
12:43:45.611 (index):710 NODEACCESSREQUESTED_6
12:43:45.612 (index):710 NODEACCESSREQUESTED_7
12:43:45.613 (index):710 NODEACCESSREQUESTED_8
12:43:45.613 (index):710 NODEACCESSREQUESTED_9
12:43:45.614 (index):698 UPDATE_0
12:43:45.614 (index):698 UPDATE_1
12:43:45.615 (index):698 UPDATE_2
12:43:45.615 (index):698 UPDATE_3
12:43:45.616 (index):698 UPDATE_4
12:43:45.616 (index):698 UPDATE_5
12:43:45.617 (index):729 WAITING_6
12:43:45.617 (index):698 UPDATE_7
12:43:45.618 (index):698 UPDATE_8
12:43:45.618 (index):698 UPDATE_9
12:43:45.619 (index):680 NODEACCESSRELEASED_0
12:43:45.619 (index):680 NODEACCESSRELEASED_1
12:43:45.620 (index):680 NODEACCESSRELEASED_2
12:43:45.621 (index):680 NODEACCESSRELEASED_3
12:43:45.621 (index):680 NODEACCESSRELEASED_4
12:43:45.622 (index):680 NODEACCESSRELEASED_5
12:43:45.622 (index):698 UPDATE_6
12:43:45.623 (index):680 NODEACCESSRELEASED_7
12:43:45.623 (index):680 NODEACCESSRELEASED_8
12:43:45.624 (index):680 NODEACCESSRELEASED_9
12:43:45.625 (index):710 NODEACCESSREQUESTED_0
12:43:45.625 (index):710 NODEACCESSREQUESTED_1
12:43:45.626 (index):710 NODEACCESSREQUESTED_2
12:43:45.626 (index):710 NODEACCESSREQUESTED_3
12:43:45.627 (index):710 NODEACCESSREQUESTED_4
12:43:45.628 (index):710 NODEACCESSREQUESTED_5
12:43:45.628 (index):680 NODEACCESSRELEASED_6
12:43:45.629 (index):710 NODEACCESSREQUESTED_7
12:43:45.629 (index):710 NODEACCESSREQUESTED_8
12:43:45.630 (index):710 NODEACCESSREQUESTED_9
12:43:45.631 (index):698 UPDATE_0
12:43:45.631 (index):698 UPDATE_1
12:43:45.632 (index):698 UPDATE_2
12:43:45.632 (index):698 UPDATE_3
12:43:45.632 (index):698 UPDATE_4
12:43:45.633 (index):698 UPDATE_5
12:43:45.633 (index):710 NODEACCESSREQUESTED_6
12:43:45.634 (index):698 UPDATE_7
12:43:45.635 (index):698 UPDATE_8
12:43:45.635 (index):729 WAITING_9
12:43:45.636 (index):680 NODEACCESSRELEASED_0
12:43:45.636 (index):680 NODEACCESSRELEASED_1
12:43:45.637 (index):680 NODEACCESSRELEASED_2
12:43:45.637 (index):680 NODEACCESSRELEASED_3
12:43:45.638 (index):680 NODEACCESSRELEASED_4
12:43:45.639 (index):680 NODEACCESSRELEASED_5
12:43:45.640 (index):698 UPDATE_6
12:43:45.641 (index):680 NODEACCESSRELEASED_7
12:43:45.642 (index):680 NODEACCESSRELEASED_8
12:43:45.642 (index):698 UPDATE_9
12:43:45.643 (index):710 NODEACCESSREQUESTED_0
12:43:45.644 (index):710 NODEACCESSREQUESTED_1
12:43:45.645 (index):710 NODEACCESSREQUESTED_2
12:43:45.646 (index):710 NODEACCESSREQUESTED_3
12:43:45.647 (index):710 NODEACCESSREQUESTED_4
12:43:45.647 (index):710 NODEACCESSREQUESTED_5
12:43:45.648 (index):680 NODEACCESSRELEASED_6
12:43:45.649 (index):710 NODEACCESSREQUESTED_7
12:43:45.650 (index):710 NODEACCESSREQUESTED_8
12:43:45.651 (index):680 NODEACCESSRELEASED_9
12:43:45.651 (index):729 WAITING_0
12:43:45.652 (index):698 UPDATE_1
12:43:45.652 (index):698 UPDATE_2
12:43:45.653 (index):698 UPDATE_3
12:43:45.653 (index):698 UPDATE_4
12:43:45.654 (index):698 UPDATE_5
12:43:45.654 (index):710 NODEACCESSREQUESTED_6
12:43:45.655 (index):698 UPDATE_7
12:43:45.655 (index):698 UPDATE_8
12:43:45.656 (index):710 NODEACCESSREQUESTED_9
12:43:45.657 (index):729 WAITING_0
12:43:45.657 (index):680 NODEACCESSRELEASED_1
12:43:45.658 (index):680 NODEACCESSRELEASED_2
12:43:45.658 (index):680 NODEACCESSRELEASED_3
12:43:45.659 (index):680 NODEACCESSRELEASED_4
12:43:45.659 (index):680 NODEACCESSRELEASED_5
12:43:45.660 (index):698 UPDATE_6
12:43:45.660 (index):680 NODEACCESSRELEASED_7
12:43:45.661 (index):680 NODEACCESSRELEASED_8
12:43:45.661 (index):698 UPDATE_9
12:43:45.662 (index):729 WAITING_0
12:43:45.662 (index):710 NODEACCESSREQUESTED_1
12:43:45.663 (index):710 NODEACCESSREQUESTED_2
12:43:45.663 (index):710 NODEACCESSREQUESTED_3
12:43:45.664 (index):710 NODEACCESSREQUESTED_4
12:43:45.664 (index):710 NODEACCESSREQUESTED_5
12:43:45.665 (index):680 NODEACCESSRELEASED_6
12:43:45.665 (index):710 NODEACCESSREQUESTED_7
12:43:45.666 (index):710 NODEACCESSREQUESTED_8
12:43:45.667 (index):680 NODEACCESSRELEASED_9
12:43:45.667 (index):729 WAITING_0
12:43:45.668 (index):698 UPDATE_1
12:43:45.668 (index):698 UPDATE_2
12:43:45.668 (index):698 UPDATE_3
12:43:45.669 (index):698 UPDATE_4
12:43:45.669 (index):698 UPDATE_5
12:43:45.670 (index):710 NODEACCESSREQUESTED_6
12:43:45.670 (index):698 UPDATE_7
12:43:45.671 (index):698 UPDATE_8
12:43:45.671 (index):710 NODEACCESSREQUESTED_9
12:43:45.672 (index):729 WAITING_0
12:43:45.672 (index):680 NODEACCESSRELEASED_1
12:43:45.673 (index):680 NODEACCESSRELEASED_2
12:43:45.673 (index):680 NODEACCESSRELEASED_3
12:43:45.674 (index):680 NODEACCESSRELEASED_4
12:43:45.675 (index):680 NODEACCESSRELEASED_5
12:43:45.675 (index):698 UPDATE_6
12:43:45.676 (index):680 NODEACCESSRELEASED_7
12:43:45.676 (index):680 NODEACCESSRELEASED_8
12:43:45.677 (index):698 UPDATE_9
12:43:45.677 (index):729 WAITING_0
12:43:45.678 (index):710 NODEACCESSREQUESTED_1
12:43:45.678 (index):710 NODEACCESSREQUESTED_2
12:43:45.679 (index):710 NODEACCESSREQUESTED_3
12:43:45.679 (index):710 NODEACCESSREQUESTED_4
12:43:45.680 (index):710 NODEACCESSREQUESTED_5
12:43:45.680 (index):680 NODEACCESSRELEASED_6
12:43:45.681 (index):710 NODEACCESSREQUESTED_7
12:43:45.681 (index):710 NODEACCESSREQUESTED_8
12:43:45.682 (index):680 NODEACCESSRELEASED_9
12:43:45.683 (index):729 WAITING_0
12:43:45.683 (index):698 UPDATE_1
12:43:45.683 (index):698 UPDATE_2
12:43:45.684 (index):698 UPDATE_3
12:43:45.684 (index):698 UPDATE_4
12:43:45.685 (index):698 UPDATE_5
12:43:45.685 (index):710 NODEACCESSREQUESTED_6
12:43:45.686 (index):698 UPDATE_7
12:43:45.686 (index):698 UPDATE_8
12:43:45.687 (index):710 NODEACCESSREQUESTED_9
12:43:45.687 (index):729 WAITING_0
12:43:45.688 (index):680 NODEACCESSRELEASED_1
12:43:45.688 (index):680 NODEACCESSRELEASED_2
12:43:45.689 (index):680 NODEACCESSRELEASED_3
12:43:45.689 (index):680 NODEACCESSRELEASED_4
12:43:45.690 (index):680 NODEACCESSRELEASED_5
12:43:45.691 (index):698 UPDATE_6
12:43:45.691 (index):680 NODEACCESSRELEASED_7
12:43:45.692 (index):680 NODEACCESSRELEASED_8
12:43:45.692 (index):698 UPDATE_9
12:43:45.693 (index):729 WAITING_0
12:43:45.693 (index):710 NODEACCESSREQUESTED_1
12:43:45.694 (index):710 NODEACCESSREQUESTED_2
12:43:45.694 (index):710 NODEACCESSREQUESTED_3
12:43:45.695 (index):710 NODEACCESSREQUESTED_4
12:43:45.696 (index):710 NODEACCESSREQUESTED_5
12:43:45.696 (index):680 NODEACCESSRELEASED_6
12:43:45.697 (index):710 NODEACCESSREQUESTED_7
12:43:45.697 (index):710 NODEACCESSREQUESTED_8
12:43:45.698 (index):680 NODEACCESSRELEASED_9
12:43:45.699 (index):729 WAITING_0
12:43:45.699 (index):698 UPDATE_1
12:43:45.700 (index):698 UPDATE_2
12:43:45.700 (index):698 UPDATE_3
12:43:45.700 (index):698 UPDATE_4
12:43:45.701 (index):698 UPDATE_5
12:43:45.701 (index):710 NODEACCESSREQUESTED_6
12:43:45.702 (index):729 WAITING_7
12:43:45.702 (index):698 UPDATE_8
12:43:45.703 (index):710 NODEACCESSREQUESTED_9
12:43:45.704 (index):729 WAITING_0
12:43:45.704 (index):680 NODEACCESSRELEASED_1
12:43:45.705 (index):680 NODEACCESSRELEASED_2
12:43:45.705 (index):680 NODEACCESSRELEASED_3
12:43:45.706 (index):680 NODEACCESSRELEASED_4
12:43:45.707 (index):680 NODEACCESSRELEASED_5
12:43:45.707 (index):698 UPDATE_6
12:43:45.708 (index):698 UPDATE_7
12:43:45.708 (index):680 NODEACCESSRELEASED_8
12:43:45.709 (index):698 UPDATE_9
12:43:45.709 (index):729 WAITING_0
12:43:45.710 (index):710 NODEACCESSREQUESTED_1
12:43:45.710 (index):710 NODEACCESSREQUESTED_2
12:43:45.711 (index):710 NODEACCESSREQUESTED_3
12:43:45.711 (index):710 NODEACCESSREQUESTED_4
12:43:45.712 (index):710 NODEACCESSREQUESTED_5
12:43:45.712 (index):680 NODEACCESSRELEASED_6
12:43:45.713 (index):680 NODEACCESSRELEASED_7
12:43:45.714 (index):710 NODEACCESSREQUESTED_8
12:43:45.714 (index):680 NODEACCESSRELEASED_9
12:43:45.715 (index):729 WAITING_0
12:43:45.716 (index):698 UPDATE_1
12:43:45.716 (index):698 UPDATE_2
12:43:45.717 (index):698 UPDATE_3
12:43:45.717 (index):698 UPDATE_4
12:43:45.718 (index):698 UPDATE_5
12:43:45.718 (index):710 NODEACCESSREQUESTED_6
12:43:45.719 (index):710 NODEACCESSREQUESTED_7
12:43:45.719 (index):698 UPDATE_8
12:43:45.720 (index):710 NODEACCESSREQUESTED_9
12:43:45.720 (index):729 WAITING_0
12:43:45.721 (index):680 NODEACCESSRELEASED_1
12:43:45.721 (index):680 NODEACCESSRELEASED_2
12:43:45.722 (index):680 NODEACCESSRELEASED_3
12:43:45.723 (index):680 NODEACCESSRELEASED_4
12:43:45.723 (index):680 NODEACCESSRELEASED_5
12:43:45.724 (index):698 UPDATE_6
12:43:45.724 (index):698 UPDATE_7
12:43:45.725 (index):680 NODEACCESSRELEASED_8
12:43:45.725 (index):698 UPDATE_9
12:43:45.726 (index):729 WAITING_0
12:43:45.726 (index):710 NODEACCESSREQUESTED_1
12:43:45.727 (index):710 NODEACCESSREQUESTED_2
12:43:45.727 (index):710 NODEACCESSREQUESTED_3
12:43:45.728 (index):710 NODEACCESSREQUESTED_4
12:43:45.729 (index):710 NODEACCESSREQUESTED_5
12:43:45.729 (index):680 NODEACCESSRELEASED_6
12:43:45.730 (index):680 NODEACCESSRELEASED_7
12:43:45.730 (index):710 NODEACCESSREQUESTED_8
12:43:45.731 (index):680 NODEACCESSRELEASED_9
12:43:45.732 (index):729 WAITING_0
12:43:45.732 (index):698 UPDATE_1
12:43:45.733 (index):698 UPDATE_2
12:43:45.733 (index):698 UPDATE_3
12:43:45.734 (index):698 UPDATE_4
12:43:45.734 (index):698 UPDATE_5
12:43:45.734 (index):710 NODEACCESSREQUESTED_6
12:43:45.735 (index):710 NODEACCESSREQUESTED_7
12:43:45.736 (index):698 UPDATE_8
12:43:45.736 (index):710 NODEACCESSREQUESTED_9
12:43:45.737 (index):729 WAITING_0
12:43:45.737 (index):680 NODEACCESSRELEASED_1
12:43:45.738 (index):680 NODEACCESSRELEASED_2
12:43:45.738 (index):680 NODEACCESSRELEASED_3
12:43:45.739 (index):680 NODEACCESSRELEASED_4
12:43:45.740 (index):680 NODEACCESSRELEASED_5
12:43:45.741 (index):698 UPDATE_6
12:43:45.741 (index):698 UPDATE_7
12:43:45.741 (index):680 NODEACCESSRELEASED_8
12:43:45.742 (index):729 WAITING_9
12:43:45.743 (index):729 WAITING_0
12:43:45.743 (index):710 NODEACCESSREQUESTED_1
12:43:45.744 (index):710 NODEACCESSREQUESTED_2
12:43:45.744 (index):710 NODEACCESSREQUESTED_3
12:43:45.745 (index):710 NODEACCESSREQUESTED_4
12:43:45.745 (index):710 NODEACCESSREQUESTED_5
12:43:45.746 (index):680 NODEACCESSRELEASED_6
12:43:45.747 (index):680 NODEACCESSRELEASED_7
12:43:45.747 (index):710 NODEACCESSREQUESTED_8
12:43:45.748 (index):729 WAITING_9
12:43:45.748 (index):729 WAITING_0
12:43:45.749 (index):698 UPDATE_1
12:43:45.749 (index):698 UPDATE_2
12:43:45.750 (index):698 UPDATE_3
12:43:45.750 (index):698 UPDATE_4
12:43:45.751 (index):698 UPDATE_5
12:43:45.751 (index):710 NODEACCESSREQUESTED_6
12:43:45.752 (index):710 NODEACCESSREQUESTED_7
12:43:45.753 (index):698 UPDATE_8
12:43:45.753 (index):729 WAITING_9
12:43:45.754 (index):729 WAITING_0
12:43:45.755 (index):680 NODEACCESSRELEASED_1
12:43:45.756 (index):680 NODEACCESSRELEASED_2
12:43:45.757 (index):680 NODEACCESSRELEASED_3
12:43:45.758 (index):680 NODEACCESSRELEASED_4
12:43:45.759 (index):680 NODEACCESSRELEASED_5
12:43:45.760 (index):698 UPDATE_6
12:43:45.760 (index):698 UPDATE_7
12:43:45.761 (index):680 NODEACCESSRELEASED_8
12:43:45.762 (index):729 WAITING_9
12:43:45.763 (index):729 WAITING_0
12:43:45.763 (index):710 NODEACCESSREQUESTED_1
12:43:45.764 (index):710 NODEACCESSREQUESTED_2
12:43:45.764 (index):710 NODEACCESSREQUESTED_3
12:43:45.765 (index):710 NODEACCESSREQUESTED_4
12:43:45.766 (index):710 NODEACCESSREQUESTED_5
12:43:45.766 (index):680 NODEACCESSRELEASED_6
12:43:45.767 (index):680 NODEACCESSRELEASED_7
12:43:45.767 (index):710 NODEACCESSREQUESTED_8
12:43:45.768 (index):729 WAITING_9
12:43:45.768 (index):729 WAITING_0
12:43:45.769 (index):698 UPDATE_1
12:43:45.769 (index):698 UPDATE_2
12:43:45.770 (index):698 UPDATE_3
12:43:45.770 (index):698 UPDATE_4
12:43:45.770 (index):698 UPDATE_5
12:43:45.771 (index):710 NODEACCESSREQUESTED_6
12:43:45.771 (index):710 NODEACCESSREQUESTED_7
12:43:45.772 (index):698 UPDATE_8
12:43:45.772 (index):729 WAITING_9
12:43:45.773 (index):729 WAITING_0
12:43:45.773 (index):680 NODEACCESSRELEASED_1
12:43:45.774 (index):680 NODEACCESSRELEASED_2
12:43:45.775 (index):680 NODEACCESSRELEASED_3
12:43:45.775 (index):680 NODEACCESSRELEASED_4
12:43:45.776 (index):680 NODEACCESSRELEASED_5
12:43:45.777 (index):698 UPDATE_6
12:43:45.777 (index):698 UPDATE_7
12:43:45.777 (index):680 NODEACCESSRELEASED_8
12:43:45.778 (index):729 WAITING_9
12:43:45.778 (index):729 WAITING_0
12:43:45.779 (index):710 NODEACCESSREQUESTED_1
12:43:45.779 (index):710 NODEACCESSREQUESTED_2
12:43:45.780 (index):710 NODEACCESSREQUESTED_3
12:43:45.781 (index):710 NODEACCESSREQUESTED_4
12:43:45.781 (index):710 NODEACCESSREQUESTED_5
12:43:45.782 (index):680 NODEACCESSRELEASED_6
12:43:45.782 (index):680 NODEACCESSRELEASED_7
12:43:45.783 (index):710 NODEACCESSREQUESTED_8
12:43:45.784 (index):729 WAITING_9
12:43:45.784 (index):729 WAITING_0
12:43:45.785 (index):729 WAITING_1
12:43:45.785 (index):698 UPDATE_2
12:43:45.786 (index):698 UPDATE_3
12:43:45.786 (index):698 UPDATE_4
12:43:45.786 (index):698 UPDATE_5
12:43:45.787 (index):710 NODEACCESSREQUESTED_6
12:43:45.787 (index):710 NODEACCESSREQUESTED_7
12:43:45.788 (index):698 UPDATE_8
12:43:45.788 (index):729 WAITING_9
12:43:45.789 (index):729 WAITING_0
12:43:45.789 (index):729 WAITING_1
12:43:45.790 (index):680 NODEACCESSRELEASED_2
12:43:45.791 (index):680 NODEACCESSRELEASED_3
12:43:45.791 (index):680 NODEACCESSRELEASED_4
12:43:45.792 (index):680 NODEACCESSRELEASED_5
12:43:45.793 (index):698 UPDATE_6
12:43:45.793 (index):698 UPDATE_7
12:43:45.793 (index):680 NODEACCESSRELEASED_8
12:43:45.794 (index):729 WAITING_9
12:43:45.795 (index):729 WAITING_0
12:43:45.795 (index):729 WAITING_1
12:43:45.795 (index):710 NODEACCESSREQUESTED_2
12:43:45.796 (index):710 NODEACCESSREQUESTED_3
12:43:45.797 (index):710 NODEACCESSREQUESTED_4
12:43:45.797 (index):710 NODEACCESSREQUESTED_5
12:43:45.798 (index):680 NODEACCESSRELEASED_6
12:43:45.799 (index):680 NODEACCESSRELEASED_7
12:43:45.799 (index):710 NODEACCESSREQUESTED_8
12:43:45.800 (index):729 WAITING_9
12:43:45.800 (index):729 WAITING_0
12:43:45.801 (index):729 WAITING_1
12:43:45.801 (index):698 UPDATE_2
12:43:45.801 (index):698 UPDATE_3
12:43:45.802 (index):698 UPDATE_4
12:43:45.802 (index):698 UPDATE_5
12:43:45.803 (index):710 NODEACCESSREQUESTED_6
12:43:45.803 (index):710 NODEACCESSREQUESTED_7
12:43:45.804 (index):698 UPDATE_8
12:43:45.804 (index):729 WAITING_9
12:43:45.805 (index):729 WAITING_0
12:43:45.805 (index):729 WAITING_1
12:43:45.806 (index):680 NODEACCESSRELEASED_2
12:43:45.806 (index):680 NODEACCESSRELEASED_3
12:43:45.807 (index):680 NODEACCESSRELEASED_4
12:43:45.808 (index):680 NODEACCESSRELEASED_5
12:43:45.809 (index):698 UPDATE_6
12:43:45.809 (index):698 UPDATE_7
12:43:45.809 (index):680 NODEACCESSRELEASED_8
12:43:45.810 (index):729 WAITING_9
12:43:45.811 (index):729 WAITING_0
12:43:45.811 (index):729 WAITING_1
12:43:45.811 (index):710 NODEACCESSREQUESTED_2
12:43:45.812 (index):710 NODEACCESSREQUESTED_3
12:43:45.813 (index):710 NODEACCESSREQUESTED_4
12:43:45.813 (index):710 NODEACCESSREQUESTED_5
12:43:45.814 (index):680 NODEACCESSRELEASED_6
12:43:45.814 (index):680 NODEACCESSRELEASED_7
12:43:45.815 (index):710 NODEACCESSREQUESTED_8
12:43:45.816 (index):729 WAITING_9
12:43:45.816 (index):729 WAITING_0
12:43:45.816 (index):729 WAITING_1
12:43:45.817 (index):698 UPDATE_2
12:43:45.817 (index):698 UPDATE_3
12:43:45.818 (index):698 UPDATE_4
12:43:45.818 (index):729 WAITING_5
12:43:45.819 (index):710 NODEACCESSREQUESTED_6
12:43:45.819 (index):710 NODEACCESSREQUESTED_7
12:43:45.820 (index):698 UPDATE_8
12:43:45.820 (index):729 WAITING_9
12:43:45.821 (index):729 WAITING_0
12:43:45.821 (index):729 WAITING_1
12:43:45.821 (index):740 END_2
12:43:45.822 (index):740 END_3
12:43:45.823 (index):740 END_4
12:43:45.824 (index):698 UPDATE_5
12:43:45.824 (index):698 UPDATE_6
12:43:45.825 (index):698 UPDATE_7
12:43:45.825 (index):740 END_8
12:43:45.826 (index):729 WAITING_9
12:43:45.826 (index):729 WAITING_0
12:43:45.827 (index):729 WAITING_1
12:43:45.828 (index):740 END_5
12:43:45.830 (index):740 END_6
12:43:45.830 (index):740 END_7
12:43:45.831 (index):729 WAITING_9
12:43:45.832 (index):698 UPDATE_0
12:43:45.832 (index):729 WAITING_1
12:43:45.836 (index):729 WAITING_9
12:43:45.837 (index):680 NODEACCESSRELEASED_0
12:43:45.837 (index):729 WAITING_1
12:43:45.841 (index):698 UPDATE_9
12:43:45.842 (index):710 NODEACCESSREQUESTED_0
12:43:45.843 (index):729 WAITING_1
12:43:45.846 (index):680 NODEACCESSRELEASED_9
12:43:45.847 (index):729 WAITING_0
12:43:45.848 (index):698 UPDATE_1
12:43:45.851 (index):710 NODEACCESSREQUESTED_9
12:43:45.852 (index):729 WAITING_0
12:43:45.853 (index):680 NODEACCESSRELEASED_1
12:43:45.856 (index):729 WAITING_9
12:43:45.857 (index):698 UPDATE_0
12:43:45.858 (index):710 NODEACCESSREQUESTED_1
12:43:45.861 (index):729 WAITING_9
12:43:45.862 (index):680 NODEACCESSRELEASED_0
12:43:45.863 (index):698 UPDATE_1
12:43:45.866 (index):698 UPDATE_9
12:43:45.867 (index):710 NODEACCESSREQUESTED_0
12:43:45.868 (index):680 NODEACCESSRELEASED_1
12:43:45.871 (index):680 NODEACCESSRELEASED_9
12:43:45.872 (index):698 UPDATE_0
12:43:45.873 (index):710 NODEACCESSREQUESTED_1
12:43:45.876 (index):710 NODEACCESSREQUESTED_9
12:43:45.877 (index):680 NODEACCESSRELEASED_0
12:43:45.878 (index):698 UPDATE_1
12:43:45.881 (index):698 UPDATE_9
12:43:45.882 (index):710 NODEACCESSREQUESTED_0
12:43:45.883 (index):740 END_1
12:43:45.886 (index):680 NODEACCESSRELEASED_9
12:43:45.887 (index):698 UPDATE_0
12:43:45.891 (index):710 NODEACCESSREQUESTED_9
12:43:45.892 (index):680 NODEACCESSRELEASED_0
12:43:45.897 (index):698 UPDATE_9
12:43:45.897 (index):710 NODEACCESSREQUESTED_0
12:43:45.902 (index):680 NODEACCESSRELEASED_9
12:43:45.903 (index):698 UPDATE_0
12:43:45.907 (index):710 NODEACCESSREQUESTED_9
12:43:45.908 (index):680 NODEACCESSRELEASED_0
12:43:45.912 (index):698 UPDATE_9
12:43:45.913 (index):710 NODEACCESSREQUESTED_0
12:43:45.917 (index):680 NODEACCESSRELEASED_9
12:43:45.918 (index):698 UPDATE_0
12:43:45.922 (index):710 NODEACCESSREQUESTED_9
12:43:45.923 (index):680 NODEACCESSRELEASED_0
12:43:45.927 (index):698 UPDATE_9
12:43:45.928 (index):710 NODEACCESSREQUESTED_0
12:43:45.932 (index):740 END_9
12:43:45.933 (index):698 UPDATE_0
12:43:45.938 (index):680 NODEACCESSRELEASED_0
12:43:45.944 (index):710 NODEACCESSREQUESTED_0
12:43:45.949 (index):698 UPDATE_0
12:43:45.954 (index):680 NODEACCESSRELEASED_0
12:43:45.959 (index):710 NODEACCESSREQUESTED_0
12:43:45.964 (index):698 UPDATE_0
12:43:45.969 (index):680 NODEACCESSRELEASED_0
12:43:45.974 (index):710 NODEACCESSREQUESTED_0
12:43:45.980 (index):698 UPDATE_0
12:43:45.985 (index):680 NODEACCESSRELEASED_0
12:43:45.990 (index):710 NODEACCESSREQUESTED_0
12:43:45.995 (index):698 UPDATE_0
12:43:46.000 (index):740 END_0
