12:43:44.021 (index):3167 Tasks: 25; Collaborators: 10    =========================>
12:43:44.021 (index):710 NODEACCESSREQUESTED_0
12:43:44.022 (index):710 NODEACCESSREQUESTED_1
12:43:44.022 (index):710 NODEACCESSREQUESTED_2
12:43:44.023 (index):710 NODEACCESSREQUESTED_3
12:43:44.024 (index):710 NODEACCESSREQUESTED_4
12:43:44.024 (index):710 NODEACCESSREQUESTED_5
12:43:44.025 (index):710 NODEACCESSREQUESTED_6
12:43:44.025 (index):710 NODEACCESSREQUESTED_7
12:43:44.026 (index):710 NODEACCESSREQUESTED_8
12:43:44.026 (index):710 NODEACCESSREQUESTED_9
12:43:44.027 (index):680 NODEACCESSRELEASED_0
12:43:44.027 (index):680 NODEACCESSRELEASED_1
12:43:44.028 (index):680 NODEACCESSRELEASED_2
12:43:44.029 (index):680 NODEACCESSRELEASED_3
12:43:44.029 (index):680 NODEACCESSRELEASED_4
12:43:44.030 (index):729 WAITING_5
12:43:44.030 (index):680 NODEACCESSRELEASED_6
12:43:44.031 (index):729 WAITING_7
12:43:44.031 (index):680 NODEACCESSRELEASED_8
12:43:44.032 (index):680 NODEACCESSRELEASED_9
12:43:44.033 (index):710 NODEACCESSREQUESTED_0
12:43:44.033 (index):710 NODEACCESSREQUESTED_1
12:43:44.034 (index):710 NODEACCESSREQUESTED_2
12:43:44.034 (index):710 NODEACCESSREQUESTED_3
12:43:44.035 (index):710 NODEACCESSREQUESTED_4
12:43:44.035 (index):680 NODEACCESSRELEASED_5
12:43:44.036 (index):710 NODEACCESSREQUESTED_6
12:43:44.036 (index):680 NODEACCESSRELEASED_7
12:43:44.037 (index):710 NODEACCESSREQUESTED_8
12:43:44.038 (index):710 NODEACCESSREQUESTED_9
12:43:44.038 (index):698 UPDATE_0
12:43:44.039 (index):698 UPDATE_1
12:43:44.039 (index):729 WAITING_2
12:43:44.040 (index):698 UPDATE_3
12:43:44.040 (index):698 UPDATE_4
12:43:44.041 (index):710 NODEACCESSREQUESTED_5
12:43:44.041 (index):698 UPDATE_6
12:43:44.042 (index):710 NODEACCESSREQUESTED_7
12:43:44.042 (index):698 UPDATE_8
12:43:44.043 (index):729 WAITING_9
12:43:44.043 (index):680 NODEACCESSRELEASED_0
12:43:44.044 (index):680 NODEACCESSRELEASED_1
12:43:44.044 (index):698 UPDATE_2
12:43:44.045 (index):680 NODEACCESSRELEASED_3
12:43:44.045 (index):680 NODEACCESSRELEASED_4
12:43:44.046 (index):698 UPDATE_5
12:43:44.046 (index):680 NODEACCESSRELEASED_6
12:43:44.047 (index):698 UPDATE_7
12:43:44.047 (index):680 NODEACCESSRELEASED_8
12:43:44.048 (index):729 WAITING_9
12:43:44.048 (index):710 NODEACCESSREQUESTED_0
12:43:44.049 (index):710 NODEACCESSREQUESTED_1
12:43:44.049 (index):680 NODEACCESSRELEASED_2
12:43:44.050 (index):710 NODEACCESSREQUESTED_3
12:43:44.050 (index):710 NODEACCESSREQUESTED_4
12:43:44.051 (index):680 NODEACCESSRELEASED_5
12:43:44.051 (index):710 NODEACCESSREQUESTED_6
12:43:44.052 (index):680 NODEACCESSRELEASED_7
12:43:44.053 (index):710 NODEACCESSREQUESTED_8
12:43:44.053 (index):729 WAITING_9
12:43:44.054 (index):698 UPDATE_0
12:43:44.054 (index):698 UPDATE_1
12:43:44.054 (index):710 NODEACCESSREQUESTED_2
12:43:44.055 (index):698 UPDATE_3
12:43:44.055 (index):698 UPDATE_4
12:43:44.056 (index):710 NODEACCESSREQUESTED_5
12:43:44.056 (index):698 UPDATE_6
12:43:44.057 (index):710 NODEACCESSREQUESTED_7
12:43:44.058 (index):698 UPDATE_8
12:43:44.058 (index):729 WAITING_9
12:43:44.058 (index):680 NODEACCESSRELEASED_0
12:43:44.059 (index):680 NODEACCESSRELEASED_1
12:43:44.060 (index):698 UPDATE_2
12:43:44.060 (index):680 NODEACCESSRELEASED_3
12:43:44.061 (index):680 NODEACCESSRELEASED_4
12:43:44.061 (index):729 WAITING_5
12:43:44.062 (index):680 NODEACCESSRELEASED_6
12:43:44.062 (index):698 UPDATE_7
12:43:44.063 (index):680 NODEACCESSRELEASED_8
12:43:44.063 (index):729 WAITING_9
12:43:44.064 (index):710 NODEACCESSREQUESTED_0
12:43:44.064 (index):710 NODEACCESSREQUESTED_1
12:43:44.065 (index):680 NODEACCESSRELEASED_2
12:43:44.065 (index):710 NODEACCESSREQUESTED_3
12:43:44.066 (index):710 NODEACCESSREQUESTED_4
12:43:44.067 (index):729 WAITING_5
12:43:44.067 (index):710 NODEACCESSREQUESTED_6
12:43:44.067 (index):680 NODEACCESSRELEASED_7
12:43:44.068 (index):710 NODEACCESSREQUESTED_8
12:43:44.069 (index):729 WAITING_9
12:43:44.069 (index):698 UPDATE_0
12:43:44.069 (index):698 UPDATE_1
12:43:44.070 (index):710 NODEACCESSREQUESTED_2
12:43:44.070 (index):698 UPDATE_3
12:43:44.071 (index):698 UPDATE_4
12:43:44.071 (index):729 WAITING_5
12:43:44.072 (index):698 UPDATE_6
12:43:44.072 (index):710 NODEACCESSREQUESTED_7
12:43:44.073 (index):729 WAITING_8
12:43:44.073 (index):729 WAITING_9
12:43:44.074 (index):680 NODEACCESSRELEASED_0
12:43:44.074 (index):680 NODEACCESSRELEASED_1
12:43:44.075 (index):698 UPDATE_2
12:43:44.075 (index):680 NODEACCESSRELEASED_3
12:43:44.076 (index):680 NODEACCESSRELEASED_4
12:43:44.077 (index):729 WAITING_5
12:43:44.077 (index):680 NODEACCESSRELEASED_6
12:43:44.078 (index):698 UPDATE_7
12:43:44.078 (index):698 UPDATE_8
12:43:44.079 (index):729 WAITING_9
12:43:44.079 (index):710 NODEACCESSREQUESTED_0
12:43:44.080 (index):710 NODEACCESSREQUESTED_1
12:43:44.080 (index):680 NODEACCESSRELEASED_2
12:43:44.081 (index):710 NODEACCESSREQUESTED_3
12:43:44.081 (index):710 NODEACCESSREQUESTED_4
12:43:44.082 (index):729 WAITING_5
12:43:44.082 (index):710 NODEACCESSREQUESTED_6
12:43:44.083 (index):680 NODEACCESSRELEASED_7
12:43:44.083 (index):680 NODEACCESSRELEASED_8
12:43:44.084 (index):729 WAITING_9
12:43:44.085 (index):698 UPDATE_0
12:43:44.085 (index):698 UPDATE_1
12:43:44.085 (index):710 NODEACCESSREQUESTED_2
12:43:44.086 (index):698 UPDATE_3
12:43:44.086 (index):698 UPDATE_4
12:43:44.087 (index):729 WAITING_5
12:43:44.087 (index):698 UPDATE_6
12:43:44.088 (index):710 NODEACCESSREQUESTED_7
12:43:44.088 (index):710 NODEACCESSREQUESTED_8
12:43:44.089 (index):729 WAITING_9
12:43:44.089 (index):680 NODEACCESSRELEASED_0
12:43:44.090 (index):680 NODEACCESSRELEASED_1
12:43:44.091 (index):698 UPDATE_2
12:43:44.091 (index):680 NODEACCESSRELEASED_3
12:43:44.092 (index):680 NODEACCESSRELEASED_4
12:43:44.092 (index):729 WAITING_5
12:43:44.093 (index):680 NODEACCESSRELEASED_6
12:43:44.094 (index):698 UPDATE_7
12:43:44.094 (index):729 WAITING_8
12:43:44.094 (index):729 WAITING_9
12:43:44.095 (index):710 NODEACCESSREQUESTED_0
12:43:44.095 (index):710 NODEACCESSREQUESTED_1
12:43:44.096 (index):680 NODEACCESSRELEASED_2
12:43:44.097 (index):710 NODEACCESSREQUESTED_3
12:43:44.097 (index):710 NODEACCESSREQUESTED_4
12:43:44.098 (index):729 WAITING_5
12:43:44.098 (index):710 NODEACCESSREQUESTED_6
12:43:44.099 (index):680 NODEACCESSRELEASED_7
12:43:44.099 (index):729 WAITING_8
12:43:44.100 (index):729 WAITING_9
12:43:44.100 (index):698 UPDATE_0
12:43:44.101 (index):698 UPDATE_1
12:43:44.101 (index):710 NODEACCESSREQUESTED_2
12:43:44.102 (index):698 UPDATE_3
12:43:44.102 (index):698 UPDATE_4
12:43:44.102 (index):729 WAITING_5
12:43:44.103 (index):698 UPDATE_6
12:43:44.103 (index):710 NODEACCESSREQUESTED_7
12:43:44.104 (index):729 WAITING_8
12:43:44.104 (index):729 WAITING_9
12:43:44.105 (index):680 NODEACCESSRELEASED_0
12:43:44.105 (index):680 NODEACCESSRELEASED_1
12:43:44.106 (index):698 UPDATE_2
12:43:44.107 (index):680 NODEACCESSRELEASED_3
12:43:44.107 (index):680 NODEACCESSRELEASED_4
12:43:44.108 (index):729 WAITING_5
12:43:44.108 (index):680 NODEACCESSRELEASED_6
12:43:44.109 (index):698 UPDATE_7
12:43:44.110 (index):729 WAITING_8
12:43:44.110 (index):729 WAITING_9
12:43:44.110 (index):710 NODEACCESSREQUESTED_0
12:43:44.111 (index):710 NODEACCESSREQUESTED_1
12:43:44.111 (index):680 NODEACCESSRELEASED_2
12:43:44.112 (index):710 NODEACCESSREQUESTED_3
12:43:44.113 (index):710 NODEACCESSREQUESTED_4
12:43:44.113 (index):729 WAITING_5
12:43:44.114 (index):710 NODEACCESSREQUESTED_6
12:43:44.114 (index):680 NODEACCESSRELEASED_7
12:43:44.115 (index):729 WAITING_8
12:43:44.115 (index):729 WAITING_9
12:43:44.116 (index):698 UPDATE_0
12:43:44.116 (index):698 UPDATE_1
12:43:44.117 (index):710 NODEACCESSREQUESTED_2
12:43:44.117 (index):698 UPDATE_3
12:43:44.118 (index):698 UPDATE_4
12:43:44.118 (index):729 WAITING_5
12:43:44.118 (index):698 UPDATE_6
12:43:44.119 (index):710 NODEACCESSREQUESTED_7
12:43:44.119 (index):729 WAITING_8
12:43:44.120 (index):729 WAITING_9
12:43:44.120 (index):680 NODEACCESSRELEASED_0
12:43:44.121 (index):680 NODEACCESSRELEASED_1
12:43:44.122 (index):698 UPDATE_2
12:43:44.122 (index):680 NODEACCESSRELEASED_3
12:43:44.123 (index):680 NODEACCESSRELEASED_4
12:43:44.124 (index):729 WAITING_5
12:43:44.124 (index):680 NODEACCESSRELEASED_6
12:43:44.125 (index):698 UPDATE_7
12:43:44.125 (index):729 WAITING_8
12:43:44.126 (index):729 WAITING_9
12:43:44.126 (index):710 NODEACCESSREQUESTED_0
12:43:44.127 (index):710 NODEACCESSREQUESTED_1
12:43:44.127 (index):680 NODEACCESSRELEASED_2
12:43:44.128 (index):710 NODEACCESSREQUESTED_3
12:43:44.129 (index):710 NODEACCESSREQUESTED_4
12:43:44.130 (index):729 WAITING_5
12:43:44.131 (index):710 NODEACCESSREQUESTED_6
12:43:44.132 (index):680 NODEACCESSRELEASED_7
12:43:44.134 (index):729 WAITING_8
12:43:44.134 (index):729 WAITING_9
12:43:44.135 (index):698 UPDATE_0
12:43:44.135 (index):729 WAITING_1
12:43:44.135 (index):710 NODEACCESSREQUESTED_2
12:43:44.136 (index):698 UPDATE_3
12:43:44.136 (index):698 UPDATE_4
12:43:44.137 (index):729 WAITING_5
12:43:44.137 (index):698 UPDATE_6
12:43:44.138 (index):710 NODEACCESSREQUESTED_7
12:43:44.138 (index):729 WAITING_8
12:43:44.139 (index):729 WAITING_9
12:43:44.139 (index):680 NODEACCESSRELEASED_0
12:43:44.140 (index):729 WAITING_1
12:43:44.141 (index):729 WAITING_2
12:43:44.141 (index):680 NODEACCESSRELEASED_3
12:43:44.142 (index):680 NODEACCESSRELEASED_4
12:43:44.143 (index):729 WAITING_5
12:43:44.143 (index):680 NODEACCESSRELEASED_6
12:43:44.144 (index):698 UPDATE_7
12:43:44.144 (index):729 WAITING_8
12:43:44.145 (index):729 WAITING_9
12:43:44.145 (index):710 NODEACCESSREQUESTED_0
12:43:44.146 (index):729 WAITING_1
12:43:44.146 (index):698 UPDATE_2
12:43:44.147 (index):710 NODEACCESSREQUESTED_3
12:43:44.147 (index):710 NODEACCESSREQUESTED_4
12:43:44.148 (index):729 WAITING_5
12:43:44.148 (index):710 NODEACCESSREQUESTED_6
12:43:44.149 (index):680 NODEACCESSRELEASED_7
12:43:44.149 (index):729 WAITING_8
12:43:44.150 (index):729 WAITING_9
12:43:44.150 (index):698 UPDATE_0
12:43:44.151 (index):729 WAITING_1
12:43:44.151 (index):680 NODEACCESSRELEASED_2
12:43:44.152 (index):698 UPDATE_3
12:43:44.152 (index):729 WAITING_4
12:43:44.153 (index):729 WAITING_5
12:43:44.153 (index):698 UPDATE_6
12:43:44.153 (index):710 NODEACCESSREQUESTED_7
12:43:44.154 (index):729 WAITING_8
12:43:44.154 (index):729 WAITING_9
12:43:44.155 (index):680 NODEACCESSRELEASED_0
12:43:44.156 (index):729 WAITING_1
12:43:44.156 (index):710 NODEACCESSREQUESTED_2
12:43:44.157 (index):680 NODEACCESSRELEASED_3
12:43:44.158 (index):698 UPDATE_4
12:43:44.158 (index):729 WAITING_5
12:43:44.159 (index):680 NODEACCESSRELEASED_6
12:43:44.159 (index):698 UPDATE_7
12:43:44.160 (index):729 WAITING_8
12:43:44.160 (index):729 WAITING_9
12:43:44.161 (index):710 NODEACCESSREQUESTED_0
12:43:44.161 (index):729 WAITING_1
12:43:44.162 (index):698 UPDATE_2
12:43:44.162 (index):710 NODEACCESSREQUESTED_3
12:43:44.163 (index):680 NODEACCESSRELEASED_4
12:43:44.163 (index):729 WAITING_5
12:43:44.164 (index):710 NODEACCESSREQUESTED_6
12:43:44.164 (index):680 NODEACCESSRELEASED_7
12:43:44.165 (index):729 WAITING_8
12:43:44.165 (index):729 WAITING_9
12:43:44.166 (index):698 UPDATE_0
12:43:44.166 (index):729 WAITING_1
12:43:44.167 (index):680 NODEACCESSRELEASED_2
12:43:44.168 (index):698 UPDATE_3
12:43:44.168 (index):710 NODEACCESSREQUESTED_4
12:43:44.169 (index):698 UPDATE_5
12:43:44.169 (index):729 WAITING_6
12:43:44.169 (index):710 NODEACCESSREQUESTED_7
12:43:44.170 (index):729 WAITING_8
12:43:44.170 (index):729 WAITING_9
12:43:44.171 (index):680 NODEACCESSRELEASED_0
12:43:44.172 (index):729 WAITING_1
12:43:44.172 (index):710 NODEACCESSREQUESTED_2
12:43:44.172 (index):680 NODEACCESSRELEASED_3
12:43:44.173 (index):698 UPDATE_4
12:43:44.174 (index):680 NODEACCESSRELEASED_5
12:43:44.175 (index):729 WAITING_6
12:43:44.175 (index):698 UPDATE_7
12:43:44.176 (index):729 WAITING_8
12:43:44.176 (index):729 WAITING_9
12:43:44.177 (index):710 NODEACCESSREQUESTED_0
12:43:44.177 (index):729 WAITING_1
12:43:44.178 (index):729 WAITING_2
12:43:44.178 (index):710 NODEACCESSREQUESTED_3
12:43:44.178 (index):680 NODEACCESSRELEASED_4
12:43:44.180 (index):710 NODEACCESSREQUESTED_5
12:43:44.180 (index):729 WAITING_6
12:43:44.180 (index):680 NODEACCESSRELEASED_7
12:43:44.182 (index):729 WAITING_8
12:43:44.182 (index):729 WAITING_9
12:43:44.182 (index):698 UPDATE_0
12:43:44.183 (index):729 WAITING_1
12:43:44.183 (index):698 UPDATE_2
12:43:44.184 (index):698 UPDATE_3
12:43:44.184 (index):710 NODEACCESSREQUESTED_4
12:43:44.185 (index):729 WAITING_5
12:43:44.185 (index):729 WAITING_6
12:43:44.186 (index):710 NODEACCESSREQUESTED_7
12:43:44.186 (index):729 WAITING_8
12:43:44.187 (index):729 WAITING_9
12:43:44.187 (index):680 NODEACCESSRELEASED_0
12:43:44.188 (index):729 WAITING_1
12:43:44.188 (index):680 NODEACCESSRELEASED_2
12:43:44.189 (index):680 NODEACCESSRELEASED_3
12:43:44.190 (index):698 UPDATE_4
12:43:44.191 (index):698 UPDATE_5
12:43:44.191 (index):729 WAITING_6
12:43:44.191 (index):698 UPDATE_7
12:43:44.192 (index):729 WAITING_8
12:43:44.192 (index):729 WAITING_9
12:43:44.193 (index):710 NODEACCESSREQUESTED_0
12:43:44.193 (index):729 WAITING_1
12:43:44.194 (index):710 NODEACCESSREQUESTED_2
12:43:44.194 (index):710 NODEACCESSREQUESTED_3
12:43:44.195 (index):680 NODEACCESSRELEASED_4
12:43:44.196 (index):680 NODEACCESSRELEASED_5
12:43:44.196 (index):729 WAITING_6
12:43:44.197 (index):680 NODEACCESSRELEASED_7
12:43:44.198 (index):729 WAITING_8
12:43:44.198 (index):729 WAITING_9
12:43:44.199 (index):698 UPDATE_0
12:43:44.199 (index):729 WAITING_1
12:43:44.199 (index):729 WAITING_2
12:43:44.200 (index):698 UPDATE_3
12:43:44.200 (index):710 NODEACCESSREQUESTED_4
12:43:44.201 (index):710 NODEACCESSREQUESTED_5
12:43:44.201 (index):729 WAITING_6
12:43:44.202 (index):710 NODEACCESSREQUESTED_7
12:43:44.202 (index):729 WAITING_8
12:43:44.203 (index):729 WAITING_9
12:43:44.203 (index):680 NODEACCESSRELEASED_0
12:43:44.204 (index):729 WAITING_1
12:43:44.204 (index):729 WAITING_2
12:43:44.205 (index):680 NODEACCESSRELEASED_3
12:43:44.206 (index):698 UPDATE_4
12:43:44.206 (index):698 UPDATE_5
12:43:44.206 (index):729 WAITING_6
12:43:44.207 (index):698 UPDATE_7
12:43:44.207 (index):729 WAITING_8
12:43:44.208 (index):729 WAITING_9
12:43:44.208 (index):710 NODEACCESSREQUESTED_0
12:43:44.209 (index):729 WAITING_1
12:43:44.209 (index):729 WAITING_2
12:43:44.210 (index):710 NODEACCESSREQUESTED_3
12:43:44.210 (index):680 NODEACCESSRELEASED_4
12:43:44.211 (index):680 NODEACCESSRELEASED_5
12:43:44.212 (index):729 WAITING_6
12:43:44.212 (index):680 NODEACCESSRELEASED_7
12:43:44.213 (index):729 WAITING_8
12:43:44.213 (index):729 WAITING_9
12:43:44.214 (index):698 UPDATE_0
12:43:44.214 (index):729 WAITING_1
12:43:44.215 (index):729 WAITING_2
12:43:44.215 (index):698 UPDATE_3
12:43:44.216 (index):710 NODEACCESSREQUESTED_4
12:43:44.216 (index):710 NODEACCESSREQUESTED_5
12:43:44.217 (index):729 WAITING_6
12:43:44.217 (index):710 NODEACCESSREQUESTED_7
12:43:44.218 (index):729 WAITING_8
12:43:44.218 (index):729 WAITING_9
12:43:44.218 (index):680 NODEACCESSRELEASED_0
12:43:44.219 (index):729 WAITING_1
12:43:44.220 (index):729 WAITING_2
12:43:44.220 (index):680 NODEACCESSRELEASED_3
12:43:44.221 (index):698 UPDATE_4
12:43:44.221 (index):698 UPDATE_5
12:43:44.222 (index):729 WAITING_6
12:43:44.222 (index):698 UPDATE_7
12:43:44.223 (index):729 WAITING_8
12:43:44.223 (index):729 WAITING_9
12:43:44.224 (index):710 NODEACCESSREQUESTED_0
12:43:44.224 (index):729 WAITING_1
12:43:44.225 (index):729 WAITING_2
12:43:44.225 (index):710 NODEACCESSREQUESTED_3
12:43:44.226 (index):680 NODEACCESSRELEASED_4
12:43:44.227 (index):680 NODEACCESSRELEASED_5
12:43:44.228 (index):729 WAITING_6
12:43:44.228 (index):680 NODEACCESSRELEASED_7
12:43:44.229 (index):729 WAITING_8
12:43:44.230 (index):729 WAITING_9
12:43:44.230 (index):698 UPDATE_0
12:43:44.230 (index):729 WAITING_1
12:43:44.231 (index):729 WAITING_2
12:43:44.231 (index):698 UPDATE_3
12:43:44.232 (index):710 NODEACCESSREQUESTED_4
12:43:44.232 (index):710 NODEACCESSREQUESTED_5
12:43:44.233 (index):729 WAITING_6
12:43:44.233 (index):710 NODEACCESSREQUESTED_7
12:43:44.234 (index):729 WAITING_8
12:43:44.234 (index):729 WAITING_9
12:43:44.235 (index):740 END_0
12:43:44.235 (index):729 WAITING_1
12:43:44.236 (index):729 WAITING_2
12:43:44.236 (index):740 END_3
12:43:44.237 (index):698 UPDATE_4
12:43:44.237 (index):698 UPDATE_5
12:43:44.238 (index):729 WAITING_6
12:43:44.238 (index):698 UPDATE_7
12:43:44.239 (index):729 WAITING_8
12:43:44.239 (index):729 WAITING_9
12:43:44.240 (index):729 WAITING_1
12:43:44.240 (index):729 WAITING_2
12:43:44.241 (index):740 END_4
12:43:44.242 (index):680 NODEACCESSRELEASED_5
12:43:44.243 (index):698 UPDATE_6
12:43:44.244 (index):740 END_7
12:43:44.245 (index):729 WAITING_8
12:43:44.246 (index):729 WAITING_9
12:43:44.247 (index):729 WAITING_1
12:43:44.248 (index):729 WAITING_2
12:43:44.249 (index):710 NODEACCESSREQUESTED_5
12:43:44.249 (index):680 NODEACCESSRELEASED_6
12:43:44.250 (index):729 WAITING_8
12:43:44.251 (index):698 UPDATE_9
12:43:44.252 (index):729 WAITING_1
12:43:44.253 (index):729 WAITING_2
12:43:44.253 (index):729 WAITING_5
12:43:44.254 (index):710 NODEACCESSREQUESTED_6
12:43:44.255 (index):729 WAITING_8
12:43:44.256 (index):680 NODEACCESSRELEASED_9
12:43:44.257 (index):729 WAITING_1
12:43:44.257 (index):729 WAITING_2
12:43:44.258 (index):729 WAITING_5
12:43:44.259 (index):729 WAITING_6
12:43:44.259 (index):698 UPDATE_8
12:43:44.261 (index):710 NODEACCESSREQUESTED_9
12:43:44.261 (index):729 WAITING_1
12:43:44.262 (index):729 WAITING_2
12:43:44.262 (index):729 WAITING_5
12:43:44.263 (index):729 WAITING_6
12:43:44.264 (index):680 NODEACCESSRELEASED_8
12:43:44.266 (index):729 WAITING_9
12:43:44.266 (index):698 UPDATE_1
12:43:44.266 (index):729 WAITING_2
12:43:44.267 (index):729 WAITING_5
12:43:44.268 (index):729 WAITING_6
12:43:44.269 (index):710 NODEACCESSREQUESTED_8
12:43:44.270 (index):729 WAITING_9
12:43:44.271 (index):680 NODEACCESSRELEASED_1
12:43:44.271 (index):698 UPDATE_2
12:43:44.272 (index):729 WAITING_5
12:43:44.272 (index):729 WAITING_6
12:43:44.273 (index):729 WAITING_8
12:43:44.275 (index):729 WAITING_9
12:43:44.275 (index):710 NODEACCESSREQUESTED_1
12:43:44.276 (index):680 NODEACCESSRELEASED_2
12:43:44.277 (index):698 UPDATE_5
12:43:44.277 (index):729 WAITING_6
12:43:44.278 (index):729 WAITING_8
12:43:44.279 (index):698 UPDATE_9
12:43:44.280 (index):698 UPDATE_1
12:43:44.281 (index):710 NODEACCESSREQUESTED_2
12:43:44.282 (index):680 NODEACCESSRELEASED_5
12:43:44.282 (index):698 UPDATE_6
12:43:44.283 (index):729 WAITING_8
12:43:44.284 (index):680 NODEACCESSRELEASED_9
12:43:44.285 (index):680 NODEACCESSRELEASED_1
12:43:44.286 (index):698 UPDATE_2
12:43:44.286 (index):710 NODEACCESSREQUESTED_5
12:43:44.287 (index):680 NODEACCESSRELEASED_6
12:43:44.287 (index):698 UPDATE_8
12:43:44.288 (index):710 NODEACCESSREQUESTED_9
12:43:44.289 (index):710 NODEACCESSREQUESTED_1
12:43:44.290 (index):680 NODEACCESSRELEASED_2
12:43:44.291 (index):698 UPDATE_5
12:43:44.291 (index):710 NODEACCESSREQUESTED_6
12:43:44.292 (index):680 NODEACCESSRELEASED_8
12:43:44.293 (index):698 UPDATE_9
12:43:44.294 (index):698 UPDATE_1
12:43:44.295 (index):710 NODEACCESSREQUESTED_2
12:43:44.295 (index):680 NODEACCESSRELEASED_5
12:43:44.296 (index):698 UPDATE_6
12:43:44.297 (index):710 NODEACCESSREQUESTED_8
12:43:44.297 (index):680 NODEACCESSRELEASED_9
12:43:44.298 (index):680 NODEACCESSRELEASED_1
12:43:44.299 (index):698 UPDATE_2
12:43:44.300 (index):710 NODEACCESSREQUESTED_5
12:43:44.301 (index):680 NODEACCESSRELEASED_6
12:43:44.301 (index):698 UPDATE_8
12:43:44.302 (index):710 NODEACCESSREQUESTED_9
12:43:44.303 (index):710 NODEACCESSREQUESTED_1
12:43:44.304 (index):680 NODEACCESSRELEASED_2
12:43:44.305 (index):698 UPDATE_5
12:43:44.305 (index):710 NODEACCESSREQUESTED_6
12:43:44.306 (index):680 NODEACCESSRELEASED_8
12:43:44.307 (index):698 UPDATE_9
12:43:44.308 (index):698 UPDATE_1
12:43:44.309 (index):710 NODEACCESSREQUESTED_2
12:43:44.309 (index):680 NODEACCESSRELEASED_5
12:43:44.310 (index):698 UPDATE_6
12:43:44.310 (index):710 NODEACCESSREQUESTED_8
12:43:44.311 (index):680 NODEACCESSRELEASED_9
12:43:44.312 (index):680 NODEACCESSRELEASED_1
12:43:44.313 (index):698 UPDATE_2
12:43:44.314 (index):710 NODEACCESSREQUESTED_5
12:43:44.314 (index):680 NODEACCESSRELEASED_6
12:43:44.315 (index):698 UPDATE_8
12:43:44.316 (index):710 NODEACCESSREQUESTED_9
12:43:44.317 (index):710 NODEACCESSREQUESTED_1
12:43:44.318 (index):740 END_2
12:43:44.318 (index):698 UPDATE_5
12:43:44.319 (index):710 NODEACCESSREQUESTED_6
12:43:44.320 (index):680 NODEACCESSRELEASED_8
12:43:44.320 (index):729 WAITING_9
12:43:44.321 (index):729 WAITING_1
12:43:44.323 (index):680 NODEACCESSRELEASED_5
12:43:44.324 (index):698 UPDATE_6
12:43:44.324 (index):710 NODEACCESSREQUESTED_8
12:43:44.325 (index):729 WAITING_9
12:43:44.326 (index):698 UPDATE_1
12:43:44.328 (index):710 NODEACCESSREQUESTED_5
12:43:44.328 (index):740 END_6
12:43:44.329 (index):698 UPDATE_8
12:43:44.329 (index):729 WAITING_9
12:43:44.330 (index):680 NODEACCESSRELEASED_1
12:43:44.332 (index):698 UPDATE_5
12:43:44.333 (index):680 NODEACCESSRELEASED_8
12:43:44.334 (index):729 WAITING_9
12:43:44.335 (index):710 NODEACCESSREQUESTED_1
12:43:44.337 (index):680 NODEACCESSRELEASED_5
12:43:44.338 (index):710 NODEACCESSREQUESTED_8
12:43:44.339 (index):698 UPDATE_9
12:43:44.340 (index):729 WAITING_1
12:43:44.342 (index):710 NODEACCESSREQUESTED_5
12:43:44.343 (index):729 WAITING_8
12:43:44.343 (index):680 NODEACCESSRELEASED_9
12:43:44.344 (index):698 UPDATE_1
12:43:44.346 (index):729 WAITING_5
12:43:44.347 (index):729 WAITING_8
12:43:44.348 (index):710 NODEACCESSREQUESTED_9
12:43:44.349 (index):680 NODEACCESSRELEASED_1
12:43:44.351 (index):729 WAITING_5
12:43:44.352 (index):698 UPDATE_8
12:43:44.353 (index):698 UPDATE_9
12:43:44.353 (index):710 NODEACCESSREQUESTED_1
12:43:44.355 (index):729 WAITING_5
12:43:44.356 (index):680 NODEACCESSRELEASED_8
12:43:44.358 (index):680 NODEACCESSRELEASED_9
12:43:44.359 (index):698 UPDATE_1
12:43:44.360 (index):698 UPDATE_5
12:43:44.362 (index):710 NODEACCESSREQUESTED_8
12:43:44.363 (index):710 NODEACCESSREQUESTED_9
12:43:44.364 (index):740 END_1
12:43:44.365 (index):680 NODEACCESSRELEASED_5
12:43:44.366 (index):698 UPDATE_8
12:43:44.368 (index):698 UPDATE_9
12:43:44.370 (index):710 NODEACCESSREQUESTED_5
12:43:44.371 (index):680 NODEACCESSRELEASED_8
12:43:44.372 (index):680 NODEACCESSRELEASED_9
12:43:44.374 (index):698 UPDATE_5
12:43:44.376 (index):710 NODEACCESSREQUESTED_8
12:43:44.377 (index):710 NODEACCESSREQUESTED_9
12:43:44.379 (index):740 END_5
12:43:44.381 (index):698 UPDATE_8
12:43:44.382 (index):729 WAITING_9
12:43:44.385 (index):680 NODEACCESSRELEASED_8
12:43:44.387 (index):698 UPDATE_9
12:43:44.390 (index):710 NODEACCESSREQUESTED_8
12:43:44.391 (index):680 NODEACCESSRELEASED_9
12:43:44.395 (index):698 UPDATE_8
12:43:44.396 (index):710 NODEACCESSREQUESTED_9
12:43:44.400 (index):680 NODEACCESSRELEASED_8
12:43:44.401 (index):698 UPDATE_9
12:43:44.405 (index):710 NODEACCESSREQUESTED_8
12:43:44.406 (index):680 NODEACCESSRELEASED_9
12:43:44.410 (index):698 UPDATE_8
12:43:44.411 (index):710 NODEACCESSREQUESTED_9
12:43:44.415 (index):740 END_8
12:43:44.416 (index):698 UPDATE_9
12:43:44.421 (index):680 NODEACCESSRELEASED_9
12:43:44.426 (index):710 NODEACCESSREQUESTED_9
12:43:44.431 (index):698 UPDATE_9
12:43:44.435 (index):680 NODEACCESSRELEASED_9
12:43:44.440 (index):710 NODEACCESSREQUESTED_9
12:43:44.445 (index):698 UPDATE_9
12:43:44.450 (index):680 NODEACCESSRELEASED_9
12:43:44.455 (index):710 NODEACCESSREQUESTED_9
12:43:44.460 (index):698 UPDATE_9
12:43:44.464 (index):740 END_9
