12:43:44.466 (index):3167 Tasks: 25; Collaborators: 10    =========================>
12:43:44.466 (index):710 NODEACCESSREQUESTED_0
12:43:44.467 (index):710 NODEACCESSREQUESTED_1
12:43:44.468 (index):710 NODEACCESSREQUESTED_2
12:43:44.468 (index):710 NODEACCESSREQUESTED_3
12:43:44.469 (index):710 NODEACCESSREQUESTED_4
12:43:44.470 (index):710 NODEACCESSREQUESTED_5
12:43:44.471 (index):710 NODEACCESSREQUESTED_6
12:43:44.472 (index):710 NODEACCESSREQUESTED_7
12:43:44.473 (index):710 NODEACCESSREQUESTED_8
12:43:44.474 (index):710 NODEACCESSREQUESTED_9
12:43:44.475 (index):680 NODEACCESSRELEASED_0
12:43:44.476 (index):680 NODEACCESSRELEASED_1
12:43:44.477 (index):680 NODEACCESSRELEASED_2
12:43:44.478 (index):680 NODEACCESSRELEASED_3
12:43:44.479 (index):680 NODEACCESSRELEASED_4
12:43:44.479 (index):680 NODEACCESSRELEASED_5
12:43:44.480 (index):680 NODEACCESSRELEASED_6
12:43:44.481 (index):680 NODEACCESSRELEASED_7
12:43:44.482 (index):680 NODEACCESSRELEASED_8
12:43:44.483 (index):680 NODEACCESSRELEASED_9
12:43:44.484 (index):710 NODEACCESSREQUESTED_0
12:43:44.484 (index):710 NODEACCESSREQUESTED_1
12:43:44.485 (index):710 NODEACCESSREQUESTED_2
12:43:44.486 (index):710 NODEACCESSREQUESTED_3
12:43:44.487 (index):710 NODEACCESSREQUESTED_4
12:43:44.488 (index):710 NODEACCESSREQUESTED_5
12:43:44.489 (index):710 NODEACCESSREQUESTED_6
12:43:44.490 (index):710 NODEACCESSREQUESTED_7
12:43:44.491 (index):710 NODEACCESSREQUESTED_8
12:43:44.491 (index):710 NODEACCESSREQUESTED_9
12:43:44.492 (index):698 UPDATE_0
12:43:44.493 (index):698 UPDATE_1
12:43:44.494 (index):698 UPDATE_2
12:43:44.494 (index):698 UPDATE_3
12:43:44.495 (index):698 UPDATE_4
12:43:44.496 (index):698 UPDATE_5
12:43:44.496 (index):698 UPDATE_6
12:43:44.497 (index):698 UPDATE_7
12:43:44.498 (index):698 UPDATE_8
12:43:44.499 (index):698 UPDATE_9
12:43:44.499 (index):680 NODEACCESSRELEASED_0
12:43:44.500 (index):680 NODEACCESSRELEASED_1
12:43:44.501 (index):680 NODEACCESSRELEASED_2
12:43:44.502 (index):680 NODEACCESSRELEASED_3
12:43:44.503 (index):680 NODEACCESSRELEASED_4
12:43:44.504 (index):680 NODEACCESSRELEASED_5
12:43:44.505 (index):680 NODEACCESSRELEASED_6
12:43:44.506 (index):680 NODEACCESSRELEASED_7
12:43:44.507 (index):680 NODEACCESSRELEASED_8
12:43:44.507 (index):680 NODEACCESSRELEASED_9
12:43:44.508 (index):710 NODEACCESSREQUESTED_0
12:43:44.509 (index):710 NODEACCESSREQUESTED_1
12:43:44.510 (index):710 NODEACCESSREQUESTED_2
12:43:44.511 (index):710 NODEACCESSREQUESTED_3
12:43:44.512 (index):710 NODEACCESSREQUESTED_4
12:43:44.513 (index):710 NODEACCESSREQUESTED_5
12:43:44.514 (index):710 NODEACCESSREQUESTED_6
12:43:44.514 (index):710 NODEACCESSREQUESTED_7
12:43:44.515 (index):710 NODEACCESSREQUESTED_8
12:43:44.516 (index):710 NODEACCESSREQUESTED_9
12:43:44.517 (index):698 UPDATE_0
12:43:44.518 (index):698 UPDATE_1
12:43:44.519 (index):698 UPDATE_2
12:43:44.519 (index):698 UPDATE_3
12:43:44.520 (index):698 UPDATE_4
12:43:44.521 (index):698 UPDATE_5
12:43:44.521 (index):698 UPDATE_6
12:43:44.522 (index):698 UPDATE_7
12:43:44.523 (index):698 UPDATE_8
12:43:44.523 (index):698 UPDATE_9
12:43:44.524 (index):680 NODEACCESSRELEASED_0
12:43:44.525 (index):680 NODEACCESSRELEASED_1
12:43:44.526 (index):680 NODEACCESSRELEASED_2
12:43:44.527 (index):680 NODEACCESSRELEASED_3
12:43:44.527 (index):680 NODEACCESSRELEASED_4
12:43:44.528 (index):680 NODEACCESSRELEASED_5
12:43:44.529 (index):680 NODEACCESSRELEASED_6
12:43:44.530 (index):680 NODEACCESSRELEASED_7
12:43:44.531 (index):680 NODEACCESSRELEASED_8
12:43:44.532 (index):680 NODEACCESSRELEASED_9
12:43:44.532 (index):710 NODEACCESSREQUESTED_0
12:43:44.533 (index):710 NODEACCESSREQUESTED_1
12:43:44.534 (index):710 NODEACCESSREQUESTED_2
12:43:44.535 (index):710 NODEACCESSREQUESTED_3
12:43:44.536 (index):710 NODEACCESSREQUESTED_4
12:43:44.537 (index):710 NODEACCESSREQUESTED_5
12:43:44.538 (index):710 NODEACCESSREQUESTED_6
12:43:44.539 (index):710 NODEACCESSREQUESTED_7
12:43:44.539 (index):710 NODEACCESSREQUESTED_8
12:43:44.540 (index):710 NODEACCESSREQUESTED_9
12:43:44.541 (index):698 UPDATE_0
12:43:44.542 (index):698 UPDATE_1
12:43:44.543 (index):698 UPDATE_2
12:43:44.543 (index):698 UPDATE_3
12:43:44.544 (index):698 UPDATE_4
12:43:44.545 (index):729 WAITING_5
12:43:44.545 (index):698 UPDATE_6
12:43:44.546 (index):698 UPDATE_7
12:43:44.547 (index):729 WAITING_8
12:43:44.547 (index):698 UPDATE_9
12:43:44.548 (index):680 NODEACCESSRELEASED_0
12:43:44.549 (index):680 NODEACCESSRELEASED_1
12:43:44.550 (index):680 NODEACCESSRELEASED_2
12:43:44.551 (index):680 NODEACCESSRELEASED_3
12:43:44.552 (index):680 NODEACCESSRELEASED_4
12:43:44.553 (index):698 UPDATE_5
12:43:44.554 (index):680 NODEACCESSRELEASED_6
12:43:44.554 (index):680 NODEACCESSRELEASED_7
12:43:44.555 (index):729 WAITING_8
12:43:44.556 (index):680 NODEACCESSRELEASED_9
12:43:44.556 (index):710 NODEACCESSREQUESTED_0
12:43:44.557 (index):710 NODEACCESSREQUESTED_1
12:43:44.557 (index):710 NODEACCESSREQUESTED_2
12:43:44.558 (index):710 NODEACCESSREQUESTED_3
12:43:44.559 (index):710 NODEACCESSREQUESTED_4
12:43:44.560 (index):680 NODEACCESSRELEASED_5
12:43:44.561 (index):710 NODEACCESSREQUESTED_6
12:43:44.561 (index):710 NODEACCESSREQUESTED_7
12:43:44.562 (index):729 WAITING_8
12:43:44.562 (index):710 NODEACCESSREQUESTED_9
12:43:44.563 (index):698 UPDATE_0
12:43:44.563 (index):729 WAITING_1
12:43:44.564 (index):698 UPDATE_2
12:43:44.564 (index):698 UPDATE_3
12:43:44.565 (index):698 UPDATE_4
12:43:44.565 (index):710 NODEACCESSREQUESTED_5
12:43:44.566 (index):698 UPDATE_6
12:43:44.566 (index):698 UPDATE_7
12:43:44.567 (index):729 WAITING_8
12:43:44.567 (index):698 UPDATE_9
12:43:44.567 (index):680 NODEACCESSRELEASED_0
12:43:44.568 (index):729 WAITING_1
12:43:44.568 (index):680 NODEACCESSRELEASED_2
12:43:44.569 (index):680 NODEACCESSRELEASED_3
12:43:44.570 (index):680 NODEACCESSRELEASED_4
12:43:44.570 (index):698 UPDATE_5
12:43:44.571 (index):680 NODEACCESSRELEASED_6
12:43:44.571 (index):680 NODEACCESSRELEASED_7
12:43:44.572 (index):729 WAITING_8
12:43:44.572 (index):680 NODEACCESSRELEASED_9
12:43:44.573 (index):710 NODEACCESSREQUESTED_0
12:43:44.574 (index):729 WAITING_1
12:43:44.574 (index):710 NODEACCESSREQUESTED_2
12:43:44.575 (index):710 NODEACCESSREQUESTED_3
12:43:44.575 (index):710 NODEACCESSREQUESTED_4
12:43:44.576 (index):680 NODEACCESSRELEASED_5
12:43:44.576 (index):710 NODEACCESSREQUESTED_6
12:43:44.577 (index):710 NODEACCESSREQUESTED_7
12:43:44.577 (index):729 WAITING_8
12:43:44.578 (index):710 NODEACCESSREQUESTED_9
12:43:44.578 (index):698 UPDATE_0
12:43:44.579 (index):729 WAITING_1
12:43:44.579 (index):698 UPDATE_2
12:43:44.580 (index):698 UPDATE_3
12:43:44.580 (index):698 UPDATE_4
12:43:44.581 (index):710 NODEACCESSREQUESTED_5
12:43:44.581 (index):698 UPDATE_6
12:43:44.582 (index):698 UPDATE_7
12:43:44.582 (index):729 WAITING_8
12:43:44.582 (index):698 UPDATE_9
12:43:44.583 (index):680 NODEACCESSRELEASED_0
12:43:44.583 (index):729 WAITING_1
12:43:44.584 (index):680 NODEACCESSRELEASED_2
12:43:44.585 (index):680 NODEACCESSRELEASED_3
12:43:44.585 (index):680 NODEACCESSRELEASED_4
12:43:44.586 (index):698 UPDATE_5
12:43:44.586 (index):680 NODEACCESSRELEASED_6
12:43:44.587 (index):680 NODEACCESSRELEASED_7
12:43:44.587 (index):729 WAITING_8
12:43:44.588 (index):680 NODEACCESSRELEASED_9
12:43:44.589 (index):710 NODEACCESSREQUESTED_0
12:43:44.589 (index):729 WAITING_1
12:43:44.590 (index):710 NODEACCESSREQUESTED_2
12:43:44.590 (index):710 NODEACCESSREQUESTED_3
12:43:44.591 (index):710 NODEACCESSREQUESTED_4
12:43:44.591 (index):680 NODEACCESSRELEASED_5
12:43:44.592 (index):710 NODEACCESSREQUESTED_6
12:43:44.592 (index):710 NODEACCESSREQUESTED_7
12:43:44.593 (index):729 WAITING_8
12:43:44.593 (index):710 NODEACCESSREQUESTED_9
12:43:44.594 (index):698 UPDATE_0
12:43:44.594 (index):729 WAITING_1
12:43:44.595 (index):698 UPDATE_2
12:43:44.595 (index):698 UPDATE_3
12:43:44.596 (index):698 UPDATE_4
12:43:44.596 (index):710 NODEACCESSREQUESTED_5
12:43:44.597 (index):698 UPDATE_6
12:43:44.597 (index):698 UPDATE_7
12:43:44.597 (index):729 WAITING_8
12:43:44.598 (index):698 UPDATE_9
12:43:44.598 (index):680 NODEACCESSRELEASED_0
12:43:44.599 (index):729 WAITING_1
12:43:44.599 (index):680 NODEACCESSRELEASED_2
12:43:44.600 (index):680 NODEACCESSRELEASED_3
12:43:44.601 (index):680 NODEACCESSRELEASED_4
12:43:44.601 (index):698 UPDATE_5
12:43:44.602 (index):680 NODEACCESSRELEASED_6
12:43:44.602 (index):680 NODEACCESSRELEASED_7
12:43:44.603 (index):729 WAITING_8
12:43:44.603 (index):680 NODEACCESSRELEASED_9
12:43:44.604 (index):710 NODEACCESSREQUESTED_0
12:43:44.605 (index):729 WAITING_1
12:43:44.605 (index):710 NODEACCESSREQUESTED_2
12:43:44.605 (index):710 NODEACCESSREQUESTED_3
12:43:44.606 (index):710 NODEACCESSREQUESTED_4
12:43:44.607 (index):680 NODEACCESSRELEASED_5
12:43:44.607 (index):710 NODEACCESSREQUESTED_6
12:43:44.608 (index):710 NODEACCESSREQUESTED_7
12:43:44.608 (index):729 WAITING_8
12:43:44.609 (index):710 NODEACCESSREQUESTED_9
12:43:44.609 (index):698 UPDATE_0
12:43:44.610 (index):729 WAITING_1
12:43:44.610 (index):698 UPDATE_2
12:43:44.611 (index):698 UPDATE_3
12:43:44.611 (index):698 UPDATE_4
12:43:44.611 (index):710 NODEACCESSREQUESTED_5
12:43:44.612 (index):729 WAITING_6
12:43:44.613 (index):698 UPDATE_7
12:43:44.613 (index):729 WAITING_8
12:43:44.613 (index):729 WAITING_9
12:43:44.614 (index):680 NODEACCESSRELEASED_0
12:43:44.615 (index):729 WAITING_1
12:43:44.615 (index):680 NODEACCESSRELEASED_2
12:43:44.616 (index):680 NODEACCESSRELEASED_3
12:43:44.617 (index):680 NODEACCESSRELEASED_4
12:43:44.617 (index):698 UPDATE_5
12:43:44.618 (index):698 UPDATE_6
12:43:44.618 (index):680 NODEACCESSRELEASED_7
12:43:44.619 (index):729 WAITING_8
12:43:44.619 (index):698 UPDATE_9
12:43:44.620 (index):710 NODEACCESSREQUESTED_0
12:43:44.620 (index):729 WAITING_1
12:43:44.621 (index):710 NODEACCESSREQUESTED_2
12:43:44.621 (index):710 NODEACCESSREQUESTED_3
12:43:44.622 (index):710 NODEACCESSREQUESTED_4
12:43:44.623 (index):680 NODEACCESSRELEASED_5
12:43:44.623 (index):680 NODEACCESSRELEASED_6
12:43:44.624 (index):710 NODEACCESSREQUESTED_7
12:43:44.624 (index):729 WAITING_8
12:43:44.625 (index):680 NODEACCESSRELEASED_9
12:43:44.625 (index):698 UPDATE_0
12:43:44.626 (index):729 WAITING_1
12:43:44.626 (index):698 UPDATE_2
12:43:44.627 (index):698 UPDATE_3
12:43:44.627 (index):698 UPDATE_4
12:43:44.628 (index):710 NODEACCESSREQUESTED_5
12:43:44.628 (index):710 NODEACCESSREQUESTED_6
12:43:44.629 (index):698 UPDATE_7
12:43:44.629 (index):729 WAITING_8
12:43:44.629 (index):710 NODEACCESSREQUESTED_9
12:43:44.630 (index):680 NODEACCESSRELEASED_0
12:43:44.631 (index):729 WAITING_1
12:43:44.631 (index):680 NODEACCESSRELEASED_2
12:43:44.632 (index):680 NODEACCESSRELEASED_3
12:43:44.632 (index):680 NODEACCESSRELEASED_4
12:43:44.633 (index):698 UPDATE_5
12:43:44.634 (index):698 UPDATE_6
12:43:44.634 (index):680 NODEACCESSRELEASED_7
12:43:44.635 (index):729 WAITING_8
12:43:44.635 (index):698 UPDATE_9
12:43:44.636 (index):710 NODEACCESSREQUESTED_0
12:43:44.636 (index):729 WAITING_1
12:43:44.637 (index):710 NODEACCESSREQUESTED_2
12:43:44.637 (index):710 NODEACCESSREQUESTED_3
12:43:44.638 (index):710 NODEACCESSREQUESTED_4
12:43:44.638 (index):680 NODEACCESSRELEASED_5
12:43:44.639 (index):680 NODEACCESSRELEASED_6
12:43:44.639 (index):710 NODEACCESSREQUESTED_7
12:43:44.640 (index):729 WAITING_8
12:43:44.640 (index):680 NODEACCESSRELEASED_9
12:43:44.641 (index):698 UPDATE_0
12:43:44.641 (index):729 WAITING_1
12:43:44.642 (index):698 UPDATE_2
12:43:44.642 (index):698 UPDATE_3
12:43:44.643 (index):698 UPDATE_4
12:43:44.643 (index):710 NODEACCESSREQUESTED_5
12:43:44.644 (index):710 NODEACCESSREQUESTED_6
12:43:44.644 (index):698 UPDATE_7
12:43:44.645 (index):729 WAITING_8
12:43:44.645 (index):710 NODEACCESSREQUESTED_9
12:43:44.646 (index):680 NODEACCESSRELEASED_0
12:43:44.646 (index):729 WAITING_1
12:43:44.647 (index):680 NODEACCESSRELEASED_2
12:43:44.647 (index):680 NODEACCESSRELEASED_3
12:43:44.648 (index):680 NODEACCESSRELEASED_4
12:43:44.649 (index):729 WAITING_5
12:43:44.649 (index):698 UPDATE_6
12:43:44.650 (index):680 NODEACCESSRELEASED_7
12:43:44.650 (index):729 WAITING_8
12:43:44.651 (index):698 UPDATE_9
12:43:44.651 (index):710 NODEACCESSREQUESTED_0
12:43:44.652 (index):729 WAITING_1
12:43:44.652 (index):710 NODEACCESSREQUESTED_2
12:43:44.653 (index):710 NODEACCESSREQUESTED_3
12:43:44.653 (index):710 NODEACCESSREQUESTED_4
12:43:44.654 (index):729 WAITING_5
12:43:44.654 (index):680 NODEACCESSRELEASED_6
12:43:44.655 (index):710 NODEACCESSREQUESTED_7
12:43:44.656 (index):729 WAITING_8
12:43:44.656 (index):680 NODEACCESSRELEASED_9
12:43:44.657 (index):698 UPDATE_0
12:43:44.657 (index):729 WAITING_1
12:43:44.658 (index):698 UPDATE_2
12:43:44.658 (index):698 UPDATE_3
12:43:44.658 (index):698 UPDATE_4
12:43:44.659 (index):729 WAITING_5
12:43:44.659 (index):710 NODEACCESSREQUESTED_6
12:43:44.660 (index):698 UPDATE_7
12:43:44.660 (index):729 WAITING_8
12:43:44.661 (index):710 NODEACCESSREQUESTED_9
12:43:44.661 (index):680 NODEACCESSRELEASED_0
12:43:44.662 (index):729 WAITING_1
12:43:44.662 (index):680 NODEACCESSRELEASED_2
12:43:44.663 (index):680 NODEACCESSRELEASED_3
12:43:44.664 (index):680 NODEACCESSRELEASED_4
12:43:44.665 (index):729 WAITING_5
12:43:44.665 (index):698 UPDATE_6
12:43:44.665 (index):680 NODEACCESSRELEASED_7
12:43:44.666 (index):729 WAITING_8
12:43:44.667 (index):698 UPDATE_9
12:43:44.667 (index):710 NODEACCESSREQUESTED_0
12:43:44.668 (index):729 WAITING_1
12:43:44.668 (index):710 NODEACCESSREQUESTED_2
12:43:44.669 (index):710 NODEACCESSREQUESTED_3
12:43:44.669 (index):710 NODEACCESSREQUESTED_4
12:43:44.670 (index):729 WAITING_5
12:43:44.670 (index):680 NODEACCESSRELEASED_6
12:43:44.671 (index):710 NODEACCESSREQUESTED_7
12:43:44.671 (index):729 WAITING_8
12:43:44.672 (index):680 NODEACCESSRELEASED_9
12:43:44.672 (index):698 UPDATE_0
12:43:44.673 (index):729 WAITING_1
12:43:44.673 (index):698 UPDATE_2
12:43:44.674 (index):698 UPDATE_3
12:43:44.674 (index):698 UPDATE_4
12:43:44.675 (index):729 WAITING_5
12:43:44.675 (index):710 NODEACCESSREQUESTED_6
12:43:44.676 (index):698 UPDATE_7
12:43:44.676 (index):729 WAITING_8
12:43:44.676 (index):710 NODEACCESSREQUESTED_9
12:43:44.677 (index):680 NODEACCESSRELEASED_0
12:43:44.678 (index):729 WAITING_1
12:43:44.678 (index):680 NODEACCESSRELEASED_2
12:43:44.679 (index):680 NODEACCESSRELEASED_3
12:43:44.680 (index):680 NODEACCESSRELEASED_4
12:43:44.680 (index):729 WAITING_5
12:43:44.681 (index):698 UPDATE_6
12:43:44.681 (index):680 NODEACCESSRELEASED_7
12:43:44.682 (index):729 WAITING_8
12:43:44.682 (index):698 UPDATE_9
12:43:44.683 (index):710 NODEACCESSREQUESTED_0
12:43:44.683 (index):729 WAITING_1
12:43:44.684 (index):710 NODEACCESSREQUESTED_2
12:43:44.684 (index):710 NODEACCESSREQUESTED_3
12:43:44.685 (index):710 NODEACCESSREQUESTED_4
12:43:44.685 (index):729 WAITING_5
12:43:44.686 (index):680 NODEACCESSRELEASED_6
12:43:44.686 (index):710 NODEACCESSREQUESTED_7
12:43:44.687 (index):729 WAITING_8
12:43:44.687 (index):680 NODEACCESSRELEASED_9
12:43:44.688 (index):698 UPDATE_0
12:43:44.689 (index):729 WAITING_1
12:43:44.689 (index):698 UPDATE_2
12:43:44.689 (index):729 WAITING_3
12:43:44.690 (index):698 UPDATE_4
12:43:44.690 (index):729 WAITING_5
12:43:44.691 (index):710 NODEACCESSREQUESTED_6
12:43:44.691 (index):698 UPDATE_7
12:43:44.692 (index):729 WAITING_8
12:43:44.692 (index):710 NODEACCESSREQUESTED_9
12:43:44.693 (index):680 NODEACCESSRELEASED_0
12:43:44.693 (index):729 WAITING_1
12:43:44.694 (index):680 NODEACCESSRELEASED_2
12:43:44.695 (index):729 WAITING_3
12:43:44.695 (index):680 NODEACCESSRELEASED_4
12:43:44.696 (index):729 WAITING_5
12:43:44.696 (index):698 UPDATE_6
12:43:44.697 (index):680 NODEACCESSRELEASED_7
12:43:44.697 (index):729 WAITING_8
12:43:44.698 (index):698 UPDATE_9
12:43:44.698 (index):710 NODEACCESSREQUESTED_0
12:43:44.699 (index):729 WAITING_1
12:43:44.699 (index):710 NODEACCESSREQUESTED_2
12:43:44.700 (index):729 WAITING_3
12:43:44.700 (index):710 NODEACCESSREQUESTED_4
12:43:44.701 (index):729 WAITING_5
12:43:44.701 (index):680 NODEACCESSRELEASED_6
12:43:44.702 (index):710 NODEACCESSREQUESTED_7
12:43:44.702 (index):729 WAITING_8
12:43:44.703 (index):680 NODEACCESSRELEASED_9
12:43:44.704 (index):698 UPDATE_0
12:43:44.704 (index):729 WAITING_1
12:43:44.704 (index):698 UPDATE_2
12:43:44.705 (index):729 WAITING_3
12:43:44.705 (index):698 UPDATE_4
12:43:44.706 (index):729 WAITING_5
12:43:44.706 (index):710 NODEACCESSREQUESTED_6
12:43:44.707 (index):698 UPDATE_7
12:43:44.707 (index):729 WAITING_8
12:43:44.708 (index):710 NODEACCESSREQUESTED_9
12:43:44.708 (index):740 END_0
12:43:44.709 (index):729 WAITING_1
12:43:44.709 (index):740 END_2
12:43:44.710 (index):729 WAITING_3
12:43:44.711 (index):740 END_4
12:43:44.711 (index):729 WAITING_5
12:43:44.712 (index):698 UPDATE_6
12:43:44.712 (index):740 END_7
12:43:44.713 (index):729 WAITING_8
12:43:44.713 (index):698 UPDATE_9
12:43:44.714 (index):729 WAITING_1
12:43:44.715 (index):729 WAITING_3
12:43:44.716 (index):729 WAITING_5
12:43:44.716 (index):740 END_6
12:43:44.717 (index):729 WAITING_8
12:43:44.718 (index):740 END_9
12:43:44.719 (index):729 WAITING_1
12:43:44.719 (index):729 WAITING_3
12:43:44.720 (index):729 WAITING_5
12:43:44.722 (index):698 UPDATE_8
12:43:44.723 (index):729 WAITING_1
12:43:44.724 (index):729 WAITING_3
12:43:44.725 (index):729 WAITING_5
12:43:44.727 (index):680 NODEACCESSRELEASED_8
12:43:44.728 (index):698 UPDATE_1
12:43:44.728 (index):729 WAITING_3
12:43:44.729 (index):729 WAITING_5
12:43:44.732 (index):710 NODEACCESSREQUESTED_8
12:43:44.732 (index):680 NODEACCESSRELEASED_1
12:43:44.733 (index):729 WAITING_3
12:43:44.734 (index):698 UPDATE_5
12:43:44.737 (index):729 WAITING_8
12:43:44.738 (index):710 NODEACCESSREQUESTED_1
12:43:44.739 (index):729 WAITING_3
12:43:44.740 (index):680 NODEACCESSRELEASED_5
12:43:44.743 (index):729 WAITING_8
12:43:44.744 (index):729 WAITING_1
12:43:44.744 (index):698 UPDATE_3
12:43:44.745 (index):710 NODEACCESSREQUESTED_5
12:43:44.748 (index):729 WAITING_8
12:43:44.749 (index):729 WAITING_1
12:43:44.749 (index):680 NODEACCESSRELEASED_3
12:43:44.750 (index):698 UPDATE_5
12:43:44.753 (index):698 UPDATE_8
12:43:44.754 (index):729 WAITING_1
12:43:44.754 (index):710 NODEACCESSREQUESTED_3
12:43:44.755 (index):680 NODEACCESSRELEASED_5
12:43:44.758 (index):680 NODEACCESSRELEASED_8
12:43:44.758 (index):698 UPDATE_1
12:43:44.759 (index):698 UPDATE_3
12:43:44.760 (index):710 NODEACCESSREQUESTED_5
12:43:44.763 (index):710 NODEACCESSREQUESTED_8
12:43:44.763 (index):680 NODEACCESSRELEASED_1
12:43:44.764 (index):740 END_3
12:43:44.764 (index):698 UPDATE_5
12:43:44.767 (index):698 UPDATE_8
12:43:44.768 (index):710 NODEACCESSREQUESTED_1
12:43:44.769 (index):680 NODEACCESSRELEASED_5
12:43:44.772 (index):680 NODEACCESSRELEASED_8
12:43:44.773 (index):698 UPDATE_1
12:43:44.774 (index):710 NODEACCESSREQUESTED_5
12:43:44.777 (index):710 NODEACCESSREQUESTED_8
12:43:44.778 (index):680 NODEACCESSRELEASED_1
12:43:44.779 (index):698 UPDATE_5
12:43:44.782 (index):698 UPDATE_8
12:43:44.783 (index):710 NODEACCESSREQUESTED_1
12:43:44.784 (index):680 NODEACCESSRELEASED_5
12:43:44.787 (index):680 NODEACCESSRELEASED_8
12:43:44.788 (index):698 UPDATE_1
12:43:44.788 (index):710 NODEACCESSREQUESTED_5
12:43:44.792 (index):710 NODEACCESSREQUESTED_8
12:43:44.793 (index):680 NODEACCESSRELEASED_1
12:43:44.793 (index):698 UPDATE_5
12:43:44.797 (index):698 UPDATE_8
12:43:44.797 (index):710 NODEACCESSREQUESTED_1
12:43:44.798 (index):740 END_5
12:43:44.802 (index):680 NODEACCESSRELEASED_8
12:43:44.802 (index):698 UPDATE_1
12:43:44.807 (index):710 NODEACCESSREQUESTED_8
12:43:44.808 (index):680 NODEACCESSRELEASED_1
12:43:44.812 (index):698 UPDATE_8
12:43:44.812 (index):710 NODEACCESSREQUESTED_1
12:43:44.817 (index):680 NODEACCESSRELEASED_8
12:43:44.817 (index):698 UPDATE_1
12:43:44.821 (index):710 NODEACCESSREQUESTED_8
12:43:44.822 (index):680 NODEACCESSRELEASED_1
12:43:44.826 (index):698 UPDATE_8
12:43:44.827 (index):710 NODEACCESSREQUESTED_1
12:43:44.831 (index):680 NODEACCESSRELEASED_8
12:43:44.832 (index):698 UPDATE_1
12:43:44.836 (index):710 NODEACCESSREQUESTED_8
12:43:44.837 (index):680 NODEACCESSRELEASED_1
12:43:44.841 (index):698 UPDATE_8
12:43:44.842 (index):710 NODEACCESSREQUESTED_1
12:43:44.846 (index):680 NODEACCESSRELEASED_8
12:43:44.847 (index):698 UPDATE_1
12:43:44.851 (index):710 NODEACCESSREQUESTED_8
12:43:44.852 (index):680 NODEACCESSRELEASED_1
12:43:44.856 (index):698 UPDATE_8
12:43:44.857 (index):710 NODEACCESSREQUESTED_1
12:43:44.861 (index):680 NODEACCESSRELEASED_8
12:43:44.862 (index):698 UPDATE_1
12:43:44.866 (index):710 NODEACCESSREQUESTED_8
12:43:44.867 (index):680 NODEACCESSRELEASED_1
12:43:44.871 (index):698 UPDATE_8
12:43:44.872 (index):710 NODEACCESSREQUESTED_1
12:43:44.876 (index):680 NODEACCESSRELEASED_8
12:43:44.877 (index):698 UPDATE_1
12:43:44.881 (index):710 NODEACCESSREQUESTED_8
12:43:44.881 (index):740 END_1
12:43:44.886 (index):698 UPDATE_8
12:43:44.890 (index):740 END_8
