16:41:43.639 (index):3492 Tasks: 25; Collaborators: 10    =========================>
16:41:43.639 (index):941 NODEACCESSREQUESTED_0
16:41:43.640 (index):941 NODEACCESSREQUESTED_1
16:41:43.640 (index):935 ATTRIBUTEACCESSREQUESTED_2
16:41:43.641 (index):935 ATTRIBUTEACCESSREQUESTED_3
16:41:43.642 (index):935 ATTRIBUTEACCESSREQUESTED_4
16:41:43.643 (index):935 ATTRIBUTEACCESSREQUESTED_5
16:41:43.644 (index):941 NODEACCESSREQUESTED_6
16:41:43.644 (index):941 NODEACCESSREQUESTED_7
16:41:43.645 (index):935 ATTRIBUTEACCESSREQUESTED_8
16:41:43.646 (index):935 ATTRIBUTEACCESSREQUESTED_9
16:41:43.646 (index):880 NODEACCESSRELEASED_0
16:41:43.647 (index):880 NODEACCESSRELEASED_1
16:41:43.647 (index):884 ATTRIBUTEACCESSRELEASED_2
16:41:43.648 (index):884 ATTRIBUTEACCESSRELEASED_3
16:41:43.649 (index):884 ATTRIBUTEACCESSRELEASED_4
16:41:43.649 (index):884 ATTRIBUTEACCESSRELEASED_5
16:41:43.650 (index):880 NODEACCESSRELEASED_6
16:41:43.651 (index):880 NODEACCESSRELEASED_7
16:41:43.651 (index):884 ATTRIBUTEACCESSRELEASED_8
16:41:43.652 (index):884 ATTRIBUTEACCESSRELEASED_9
16:41:43.652 (index):941 NODEACCESSREQUESTED_0
16:41:43.653 (index):941 NODEACCESSREQUESTED_1
16:41:43.653 (index):935 ATTRIBUTEACCESSREQUESTED_2
16:41:43.654 (index):935 ATTRIBUTEACCESSREQUESTED_3
16:41:43.655 (index):935 ATTRIBUTEACCESSREQUESTED_4
16:41:43.655 (index):935 ATTRIBUTEACCESSREQUESTED_5
16:41:43.656 (index):941 NODEACCESSREQUESTED_6
16:41:43.656 (index):941 NODEACCESSREQUESTED_7
16:41:43.657 (index):935 ATTRIBUTEACCESSREQUESTED_8
16:41:43.657 (index):935 ATTRIBUTEACCESSREQUESTED_9
16:41:43.658 (index):905 UPDATE_0
16:41:43.658 (index):905 UPDATE_1
16:41:43.659 (index):908 UPDATE_2
16:41:43.659 (index):908 UPDATE_3
16:41:43.660 (index):908 UPDATE_4
16:41:43.660 (index):908 UPDATE_5
16:41:43.661 (index):905 UPDATE_6
16:41:43.661 (index):905 UPDATE_7
16:41:43.662 (index):908 UPDATE_8
16:41:43.662 (index):908 UPDATE_9
16:41:43.663 (index):880 NODEACCESSRELEASED_0
16:41:43.663 (index):880 NODEACCESSRELEASED_1
16:41:43.664 (index):884 ATTRIBUTEACCESSRELEASED_2
16:41:43.664 (index):884 ATTRIBUTEACCESSRELEASED_3
16:41:43.665 (index):884 ATTRIBUTEACCESSRELEASED_4
16:41:43.665 (index):884 ATTRIBUTEACCESSRELEASED_5
16:41:43.666 (index):880 NODEACCESSRELEASED_6
16:41:43.667 (index):880 NODEACCESSRELEASED_7
16:41:43.667 (index):884 ATTRIBUTEACCESSRELEASED_8
16:41:43.668 (index):884 ATTRIBUTEACCESSRELEASED_9
16:41:43.668 (index):941 NODEACCESSREQUESTED_0
16:41:43.669 (index):941 NODEACCESSREQUESTED_1
16:41:43.669 (index):941 NODEACCESSREQUESTED_2
16:41:43.670 (index):941 NODEACCESSREQUESTED_3
16:41:43.670 (index):935 ATTRIBUTEACCESSREQUESTED_4
16:41:43.671 (index):941 NODEACCESSREQUESTED_5
16:41:43.671 (index):941 NODEACCESSREQUESTED_6
16:41:43.672 (index):935 ATTRIBUTEACCESSREQUESTED_7
16:41:43.673 (index):941 NODEACCESSREQUESTED_8
16:41:43.673 (index):941 NODEACCESSREQUESTED_9
16:41:43.674 (index):905 UPDATE_0
16:41:43.674 (index):905 UPDATE_1
16:41:43.675 (index):905 UPDATE_2
16:41:43.675 (index):905 UPDATE_3
16:41:43.676 (index):908 UPDATE_4
16:41:43.676 (index):905 UPDATE_5
16:41:43.677 (index):967 WAITING_6
16:41:43.677 (index):908 UPDATE_7
16:41:43.678 (index):905 UPDATE_8
16:41:43.678 (index):905 UPDATE_9
16:41:43.679 (index):880 NODEACCESSRELEASED_0
16:41:43.679 (index):880 NODEACCESSRELEASED_1
16:41:43.680 (index):880 NODEACCESSRELEASED_2
16:41:43.681 (index):880 NODEACCESSRELEASED_3
16:41:43.681 (index):884 ATTRIBUTEACCESSRELEASED_4
16:41:43.682 (index):880 NODEACCESSRELEASED_5
16:41:43.682 (index):905 UPDATE_6
16:41:43.683 (index):884 ATTRIBUTEACCESSRELEASED_7
16:41:43.683 (index):880 NODEACCESSRELEASED_8
16:41:43.684 (index):880 NODEACCESSRELEASED_9
16:41:43.684 (index):935 ATTRIBUTEACCESSREQUESTED_0
16:41:43.685 (index):941 NODEACCESSREQUESTED_1
16:41:43.685 (index):941 NODEACCESSREQUESTED_2
16:41:43.686 (index):941 NODEACCESSREQUESTED_3
16:41:43.687 (index):941 NODEACCESSREQUESTED_4
16:41:43.687 (index):941 NODEACCESSREQUESTED_5
16:41:43.688 (index):880 NODEACCESSRELEASED_6
16:41:43.688 (index):941 NODEACCESSREQUESTED_7
16:41:43.689 (index):941 NODEACCESSREQUESTED_8
16:41:43.689 (index):941 NODEACCESSREQUESTED_9
16:41:43.690 (index):908 UPDATE_0
16:41:43.691 (index):967 WAITING_1
16:41:43.691 (index):905 UPDATE_2
16:41:43.691 (index):905 UPDATE_3
16:41:43.692 (index):905 UPDATE_4
16:41:43.692 (index):905 UPDATE_5
16:41:43.693 (index):941 NODEACCESSREQUESTED_6
16:41:43.694 (index):905 UPDATE_7
16:41:43.694 (index):905 UPDATE_8
16:41:43.694 (index):905 UPDATE_9
16:41:43.695 (index):884 ATTRIBUTEACCESSRELEASED_0
16:41:43.696 (index):967 WAITING_1
16:41:43.696 (index):880 NODEACCESSRELEASED_2
16:41:43.697 (index):880 NODEACCESSRELEASED_3
16:41:43.697 (index):880 NODEACCESSRELEASED_4
16:41:43.698 (index):880 NODEACCESSRELEASED_5
16:41:43.698 (index):905 UPDATE_6
16:41:43.699 (index):880 NODEACCESSRELEASED_7
16:41:43.699 (index):880 NODEACCESSRELEASED_8
16:41:43.700 (index):880 NODEACCESSRELEASED_9
16:41:43.701 (index):941 NODEACCESSREQUESTED_0
16:41:43.701 (index):967 WAITING_1
16:41:43.702 (index):941 NODEACCESSREQUESTED_2
16:41:43.702 (index):935 ATTRIBUTEACCESSREQUESTED_3
16:41:43.703 (index):935 ATTRIBUTEACCESSREQUESTED_4
16:41:43.703 (index):935 ATTRIBUTEACCESSREQUESTED_5
16:41:43.704 (index):880 NODEACCESSRELEASED_6
16:41:43.704 (index):941 NODEACCESSREQUESTED_7
16:41:43.705 (index):935 ATTRIBUTEACCESSREQUESTED_8
16:41:43.706 (index):941 NODEACCESSREQUESTED_9
16:41:43.706 (index):905 UPDATE_0
16:41:43.707 (index):967 WAITING_1
16:41:43.707 (index):905 UPDATE_2
16:41:43.708 (index):908 UPDATE_3
16:41:43.708 (index):908 UPDATE_4
16:41:43.709 (index):908 UPDATE_5
16:41:43.709 (index):941 NODEACCESSREQUESTED_6
16:41:43.710 (index):905 UPDATE_7
16:41:43.710 (index):908 UPDATE_8
16:41:43.711 (index):905 UPDATE_9
16:41:43.711 (index):880 NODEACCESSRELEASED_0
16:41:43.712 (index):967 WAITING_1
16:41:43.712 (index):880 NODEACCESSRELEASED_2
16:41:43.713 (index):884 ATTRIBUTEACCESSRELEASED_3
16:41:43.713 (index):884 ATTRIBUTEACCESSRELEASED_4
16:41:43.714 (index):884 ATTRIBUTEACCESSRELEASED_5
16:41:43.714 (index):905 UPDATE_6
16:41:43.715 (index):880 NODEACCESSRELEASED_7
16:41:43.716 (index):884 ATTRIBUTEACCESSRELEASED_8
16:41:43.716 (index):880 NODEACCESSRELEASED_9
16:41:43.717 (index):941 NODEACCESSREQUESTED_0
16:41:43.717 (index):905 UPDATE_1
16:41:43.718 (index):935 ATTRIBUTEACCESSREQUESTED_2
16:41:43.718 (index):935 ATTRIBUTEACCESSREQUESTED_3
16:41:43.719 (index):941 NODEACCESSREQUESTED_4
16:41:43.719 (index):941 NODEACCESSREQUESTED_5
16:41:43.720 (index):880 NODEACCESSRELEASED_6
16:41:43.721 (index):935 ATTRIBUTEACCESSREQUESTED_7
16:41:43.721 (index):941 NODEACCESSREQUESTED_8
16:41:43.722 (index):935 ATTRIBUTEACCESSREQUESTED_9
16:41:43.722 (index):905 UPDATE_0
16:41:43.723 (index):880 NODEACCESSRELEASED_1
16:41:43.723 (index):908 UPDATE_2
16:41:43.724 (index):908 UPDATE_3
16:41:43.724 (index):905 UPDATE_4
16:41:43.725 (index):905 UPDATE_5
16:41:43.725 (index):941 NODEACCESSREQUESTED_6
16:41:43.726 (index):908 UPDATE_7
16:41:43.726 (index):905 UPDATE_8
16:41:43.727 (index):967 WAITING_9
16:41:43.727 (index):880 NODEACCESSRELEASED_0
16:41:43.728 (index):941 NODEACCESSREQUESTED_1
16:41:43.728 (index):884 ATTRIBUTEACCESSRELEASED_2
16:41:43.729 (index):884 ATTRIBUTEACCESSRELEASED_3
16:41:43.729 (index):880 NODEACCESSRELEASED_4
16:41:43.730 (index):880 NODEACCESSRELEASED_5
16:41:43.730 (index):905 UPDATE_6
16:41:43.731 (index):884 ATTRIBUTEACCESSRELEASED_7
16:41:43.731 (index):880 NODEACCESSRELEASED_8
16:41:43.732 (index):908 UPDATE_9
16:41:43.732 (index):935 ATTRIBUTEACCESSREQUESTED_0
16:41:43.733 (index):905 UPDATE_1
16:41:43.733 (index):935 ATTRIBUTEACCESSREQUESTED_2
16:41:43.734 (index):941 NODEACCESSREQUESTED_3
16:41:43.734 (index):941 NODEACCESSREQUESTED_4
16:41:43.735 (index):941 NODEACCESSREQUESTED_5
16:41:43.735 (index):880 NODEACCESSRELEASED_6
16:41:43.736 (index):941 NODEACCESSREQUESTED_7
16:41:43.736 (index):941 NODEACCESSREQUESTED_8
16:41:43.737 (index):884 ATTRIBUTEACCESSRELEASED_9
16:41:43.737 (index):908 UPDATE_0
16:41:43.738 (index):880 NODEACCESSRELEASED_1
16:41:43.738 (index):908 UPDATE_2
16:41:43.739 (index):905 UPDATE_3
16:41:43.739 (index):905 UPDATE_4
16:41:43.740 (index):905 UPDATE_5
16:41:43.740 (index):941 NODEACCESSREQUESTED_6
16:41:43.741 (index):905 UPDATE_7
16:41:43.741 (index):905 UPDATE_8
16:41:43.741 (index):941 NODEACCESSREQUESTED_9
16:41:43.742 (index):884 ATTRIBUTEACCESSRELEASED_0
16:41:43.742 (index):935 ATTRIBUTEACCESSREQUESTED_1
16:41:43.743 (index):884 ATTRIBUTEACCESSRELEASED_2
16:41:43.743 (index):880 NODEACCESSRELEASED_3
16:41:43.744 (index):880 NODEACCESSRELEASED_4
16:41:43.744 (index):880 NODEACCESSRELEASED_5
16:41:43.745 (index):905 UPDATE_6
16:41:43.745 (index):880 NODEACCESSRELEASED_7
16:41:43.746 (index):880 NODEACCESSRELEASED_8
16:41:43.746 (index):905 UPDATE_9
16:41:43.747 (index):941 NODEACCESSREQUESTED_0
16:41:43.747 (index):908 UPDATE_1
16:41:43.748 (index):941 NODEACCESSREQUESTED_2
16:41:43.748 (index):935 ATTRIBUTEACCESSREQUESTED_3
16:41:43.749 (index):941 NODEACCESSREQUESTED_4
16:41:43.749 (index):941 NODEACCESSREQUESTED_5
16:41:43.750 (index):880 NODEACCESSRELEASED_6
16:41:43.750 (index):941 NODEACCESSREQUESTED_7
16:41:43.751 (index):941 NODEACCESSREQUESTED_8
16:41:43.752 (index):880 NODEACCESSRELEASED_9
16:41:43.752 (index):905 UPDATE_0
16:41:43.752 (index):884 ATTRIBUTEACCESSRELEASED_1
16:41:43.753 (index):905 UPDATE_2
16:41:43.753 (index):908 UPDATE_3
16:41:43.754 (index):905 UPDATE_4
16:41:43.754 (index):905 UPDATE_5
16:41:43.755 (index):941 NODEACCESSREQUESTED_6
16:41:43.755 (index):967 WAITING_7
16:41:43.756 (index):905 UPDATE_8
16:41:43.756 (index):935 ATTRIBUTEACCESSREQUESTED_9
16:41:43.757 (index):880 NODEACCESSRELEASED_0
16:41:43.757 (index):935 ATTRIBUTEACCESSREQUESTED_1
16:41:43.758 (index):880 NODEACCESSRELEASED_2
16:41:43.758 (index):884 ATTRIBUTEACCESSRELEASED_3
16:41:43.759 (index):880 NODEACCESSRELEASED_4
16:41:43.759 (index):880 NODEACCESSRELEASED_5
16:41:43.760 (index):905 UPDATE_6
16:41:43.760 (index):967 WAITING_7
16:41:43.761 (index):880 NODEACCESSRELEASED_8
16:41:43.761 (index):908 UPDATE_9
16:41:43.762 (index):941 NODEACCESSREQUESTED_0
16:41:43.762 (index):908 UPDATE_1
16:41:43.763 (index):935 ATTRIBUTEACCESSREQUESTED_2
16:41:43.763 (index):941 NODEACCESSREQUESTED_3
16:41:43.764 (index):935 ATTRIBUTEACCESSREQUESTED_4
16:41:43.764 (index):935 ATTRIBUTEACCESSREQUESTED_5
16:41:43.765 (index):880 NODEACCESSRELEASED_6
16:41:43.765 (index):967 WAITING_7
16:41:43.765 (index):941 NODEACCESSREQUESTED_8
16:41:43.766 (index):884 ATTRIBUTEACCESSRELEASED_9
16:41:43.767 (index):905 UPDATE_0
16:41:43.767 (index):884 ATTRIBUTEACCESSRELEASED_1
16:41:43.768 (index):908 UPDATE_2
16:41:43.768 (index):905 UPDATE_3
16:41:43.769 (index):967 WAITING_4
16:41:43.769 (index):908 UPDATE_5
16:41:43.770 (index):941 NODEACCESSREQUESTED_6
16:41:43.770 (index):967 WAITING_7
16:41:43.771 (index):905 UPDATE_8
16:41:43.771 (index):941 NODEACCESSREQUESTED_9
16:41:43.772 (index):880 NODEACCESSRELEASED_0
16:41:43.772 (index):941 NODEACCESSREQUESTED_1
16:41:43.773 (index):884 ATTRIBUTEACCESSRELEASED_2
16:41:43.773 (index):880 NODEACCESSRELEASED_3
16:41:43.774 (index):908 UPDATE_4
16:41:43.774 (index):884 ATTRIBUTEACCESSRELEASED_5
16:41:43.775 (index):905 UPDATE_6
16:41:43.775 (index):967 WAITING_7
16:41:43.776 (index):880 NODEACCESSRELEASED_8
16:41:43.776 (index):905 UPDATE_9
16:41:43.777 (index):941 NODEACCESSREQUESTED_0
16:41:43.777 (index):905 UPDATE_1
16:41:43.777 (index):935 ATTRIBUTEACCESSREQUESTED_2
16:41:43.778 (index):941 NODEACCESSREQUESTED_3
16:41:43.779 (index):884 ATTRIBUTEACCESSRELEASED_4
16:41:43.779 (index):941 NODEACCESSREQUESTED_5
16:41:43.780 (index):880 NODEACCESSRELEASED_6
16:41:43.780 (index):967 WAITING_7
16:41:43.781 (index):941 NODEACCESSREQUESTED_8
16:41:43.781 (index):880 NODEACCESSRELEASED_9
16:41:43.782 (index):905 UPDATE_0
16:41:43.783 (index):880 NODEACCESSRELEASED_1
16:41:43.783 (index):908 UPDATE_2
16:41:43.783 (index):905 UPDATE_3
16:41:43.784 (index):941 NODEACCESSREQUESTED_4
16:41:43.784 (index):905 UPDATE_5
16:41:43.785 (index):941 NODEACCESSREQUESTED_6
16:41:43.785 (index):967 WAITING_7
16:41:43.786 (index):967 WAITING_8
16:41:43.786 (index):941 NODEACCESSREQUESTED_9
16:41:43.787 (index):880 NODEACCESSRELEASED_0
16:41:43.787 (index):941 NODEACCESSREQUESTED_1
16:41:43.788 (index):884 ATTRIBUTEACCESSRELEASED_2
16:41:43.789 (index):880 NODEACCESSRELEASED_3
16:41:43.789 (index):905 UPDATE_4
16:41:43.790 (index):880 NODEACCESSRELEASED_5
16:41:43.790 (index):905 UPDATE_6
16:41:43.791 (index):967 WAITING_7
16:41:43.791 (index):967 WAITING_8
16:41:43.792 (index):905 UPDATE_9
16:41:43.792 (index):935 ATTRIBUTEACCESSREQUESTED_0
16:41:43.792 (index):905 UPDATE_1
16:41:43.793 (index):935 ATTRIBUTEACCESSREQUESTED_2
16:41:43.793 (index):941 NODEACCESSREQUESTED_3
16:41:43.794 (index):880 NODEACCESSRELEASED_4
16:41:43.795 (index):935 ATTRIBUTEACCESSREQUESTED_5
16:41:43.795 (index):880 NODEACCESSRELEASED_6
16:41:43.796 (index):967 WAITING_7
16:41:43.796 (index):967 WAITING_8
16:41:43.797 (index):880 NODEACCESSRELEASED_9
16:41:43.797 (index):908 UPDATE_0
16:41:43.798 (index):880 NODEACCESSRELEASED_1
16:41:43.799 (index):908 UPDATE_2
16:41:43.799 (index):905 UPDATE_3
16:41:43.800 (index):935 ATTRIBUTEACCESSREQUESTED_4
16:41:43.801 (index):908 UPDATE_5
16:41:43.801 (index):935 ATTRIBUTEACCESSREQUESTED_6
16:41:43.802 (index):967 WAITING_7
16:41:43.802 (index):967 WAITING_8
16:41:43.802 (index):941 NODEACCESSREQUESTED_9
16:41:43.803 (index):884 ATTRIBUTEACCESSRELEASED_0
16:41:43.804 (index):941 NODEACCESSREQUESTED_1
16:41:43.804 (index):884 ATTRIBUTEACCESSRELEASED_2
16:41:43.805 (index):880 NODEACCESSRELEASED_3
16:41:43.805 (index):908 UPDATE_4
16:41:43.806 (index):884 ATTRIBUTEACCESSRELEASED_5
16:41:43.806 (index):908 UPDATE_6
16:41:43.807 (index):967 WAITING_7
16:41:43.807 (index):967 WAITING_8
16:41:43.808 (index):905 UPDATE_9
16:41:43.808 (index):941 NODEACCESSREQUESTED_0
16:41:43.809 (index):905 UPDATE_1
16:41:43.809 (index):941 NODEACCESSREQUESTED_2
16:41:43.810 (index):941 NODEACCESSREQUESTED_3
16:41:43.811 (index):884 ATTRIBUTEACCESSRELEASED_4
16:41:43.811 (index):941 NODEACCESSREQUESTED_5
16:41:43.812 (index):884 ATTRIBUTEACCESSRELEASED_6
16:41:43.812 (index):967 WAITING_7
16:41:43.813 (index):967 WAITING_8
16:41:43.813 (index):880 NODEACCESSRELEASED_9
16:41:43.814 (index):905 UPDATE_0
16:41:43.814 (index):880 NODEACCESSRELEASED_1
16:41:43.815 (index):905 UPDATE_2
16:41:43.815 (index):905 UPDATE_3
16:41:43.816 (index):935 ATTRIBUTEACCESSREQUESTED_4
16:41:43.816 (index):905 UPDATE_5
16:41:43.817 (index):941 NODEACCESSREQUESTED_6
16:41:43.817 (index):967 WAITING_7
16:41:43.818 (index):967 WAITING_8
16:41:43.818 (index):941 NODEACCESSREQUESTED_9
16:41:43.819 (index):880 NODEACCESSRELEASED_0
16:41:43.819 (index):941 NODEACCESSREQUESTED_1
16:41:43.820 (index):880 NODEACCESSRELEASED_2
16:41:43.821 (index):880 NODEACCESSRELEASED_3
16:41:43.821 (index):908 UPDATE_4
16:41:43.822 (index):880 NODEACCESSRELEASED_5
16:41:43.822 (index):905 UPDATE_6
16:41:43.822 (index):967 WAITING_7
16:41:43.823 (index):967 WAITING_8
16:41:43.823 (index):905 UPDATE_9
16:41:43.824 (index):941 NODEACCESSREQUESTED_0
16:41:43.824 (index):905 UPDATE_1
16:41:43.825 (index):941 NODEACCESSREQUESTED_2
16:41:43.825 (index):935 ATTRIBUTEACCESSREQUESTED_3
16:41:43.826 (index):884 ATTRIBUTEACCESSRELEASED_4
16:41:43.826 (index):941 NODEACCESSREQUESTED_5
16:41:43.827 (index):880 NODEACCESSRELEASED_6
16:41:43.827 (index):967 WAITING_7
16:41:43.828 (index):967 WAITING_8
16:41:43.829 (index):880 NODEACCESSRELEASED_9
16:41:43.829 (index):905 UPDATE_0
16:41:43.830 (index):880 NODEACCESSRELEASED_1
16:41:43.830 (index):905 UPDATE_2
16:41:43.830 (index):908 UPDATE_3
16:41:43.831 (index):941 NODEACCESSREQUESTED_4
16:41:43.831 (index):905 UPDATE_5
16:41:43.832 (index):941 NODEACCESSREQUESTED_6
16:41:43.832 (index):967 WAITING_7
16:41:43.833 (index):967 WAITING_8
16:41:43.833 (index):941 NODEACCESSREQUESTED_9
16:41:43.834 (index):880 NODEACCESSRELEASED_0
16:41:43.834 (index):941 NODEACCESSREQUESTED_1
16:41:43.835 (index):880 NODEACCESSRELEASED_2
16:41:43.836 (index):884 ATTRIBUTEACCESSRELEASED_3
16:41:43.836 (index):905 UPDATE_4
16:41:43.837 (index):880 NODEACCESSRELEASED_5
16:41:43.837 (index):905 UPDATE_6
16:41:43.838 (index):967 WAITING_7
16:41:43.838 (index):967 WAITING_8
16:41:43.839 (index):905 UPDATE_9
16:41:43.839 (index):935 ATTRIBUTEACCESSREQUESTED_0
16:41:43.839 (index):905 UPDATE_1
16:41:43.840 (index):941 NODEACCESSREQUESTED_2
16:41:43.840 (index):935 ATTRIBUTEACCESSREQUESTED_3
16:41:43.841 (index):880 NODEACCESSRELEASED_4
16:41:43.841 (index):941 NODEACCESSREQUESTED_5
16:41:43.842 (index):880 NODEACCESSRELEASED_6
16:41:43.843 (index):905 UPDATE_7
16:41:43.843 (index):967 WAITING_8
16:41:43.844 (index):880 NODEACCESSRELEASED_9
16:41:43.844 (index):908 UPDATE_0
16:41:43.845 (index):880 NODEACCESSRELEASED_1
16:41:43.845 (index):905 UPDATE_2
16:41:43.846 (index):908 UPDATE_3
16:41:43.846 (index):941 NODEACCESSREQUESTED_4
16:41:43.846 (index):905 UPDATE_5
16:41:43.847 (index):935 ATTRIBUTEACCESSREQUESTED_6
16:41:43.848 (index):880 NODEACCESSRELEASED_7
16:41:43.848 (index):967 WAITING_8
16:41:43.849 (index):935 ATTRIBUTEACCESSREQUESTED_9
16:41:43.849 (index):978 END_0
16:41:43.850 (index):935 ATTRIBUTEACCESSREQUESTED_1
16:41:43.850 (index):978 END_2
16:41:43.851 (index):978 END_3
16:41:43.851 (index):905 UPDATE_4
16:41:43.852 (index):978 END_5
16:41:43.852 (index):908 UPDATE_6
16:41:43.853 (index):941 NODEACCESSREQUESTED_7
16:41:43.853 (index):967 WAITING_8
16:41:43.854 (index):908 UPDATE_9
16:41:43.854 (index):908 UPDATE_1
16:41:43.856 (index):978 END_4
16:41:43.857 (index):978 END_6
16:41:43.857 (index):905 UPDATE_7
16:41:43.858 (index):967 WAITING_8
16:41:43.858 (index):978 END_9
16:41:43.859 (index):884 ATTRIBUTEACCESSRELEASED_1
16:41:43.862 (index):880 NODEACCESSRELEASED_7
16:41:43.863 (index):905 UPDATE_8
16:41:43.863 (index):941 NODEACCESSREQUESTED_1
16:41:43.867 (index):935 ATTRIBUTEACCESSREQUESTED_7
16:41:43.867 (index):880 NODEACCESSRELEASED_8
16:41:43.868 (index):905 UPDATE_1
16:41:43.871 (index):908 UPDATE_7
16:41:43.872 (index):941 NODEACCESSREQUESTED_8
16:41:43.872 (index):978 END_1
16:41:43.876 (index):884 ATTRIBUTEACCESSRELEASED_7
16:41:43.876 (index):905 UPDATE_8
16:41:43.880 (index):941 NODEACCESSREQUESTED_7
16:41:43.882 (index):880 NODEACCESSRELEASED_8
16:41:43.885 (index):905 UPDATE_7
16:41:43.887 (index):935 ATTRIBUTEACCESSREQUESTED_8
16:41:43.890 (index):880 NODEACCESSRELEASED_7
16:41:43.891 (index):908 UPDATE_8
16:41:43.895 (index):941 NODEACCESSREQUESTED_7
16:41:43.897 (index):884 ATTRIBUTEACCESSRELEASED_8
16:41:43.900 (index):905 UPDATE_7
16:41:43.902 (index):941 NODEACCESSREQUESTED_8
16:41:43.905 (index):880 NODEACCESSRELEASED_7
16:41:43.909 (index):905 UPDATE_8
16:41:43.910 (index):935 ATTRIBUTEACCESSREQUESTED_7
16:41:43.914 (index):880 NODEACCESSRELEASED_8
16:41:43.915 (index):908 UPDATE_7
16:41:43.919 (index):935 ATTRIBUTEACCESSREQUESTED_8
16:41:43.920 (index):884 ATTRIBUTEACCESSRELEASED_7
16:41:43.924 (index):908 UPDATE_8
16:41:43.925 (index):941 NODEACCESSREQUESTED_7
16:41:43.929 (index):978 END_8
16:41:43.929 (index):905 UPDATE_7
16:41:43.934 (index):978 END_7
