16:41:43.310 (index):3492 Tasks: 25; Collaborators: 10    =========================>
16:41:43.310 (index):941 NODEACCESSREQUESTED_0
16:41:43.311 (index):941 NODEACCESSREQUESTED_1
16:41:43.312 (index):935 ATTRIBUTEACCESSREQUESTED_2
16:41:43.313 (index):935 ATTRIBUTEACCESSREQUESTED_3
16:41:43.314 (index):935 ATTRIBUTEACCESSREQUESTED_4
16:41:43.315 (index):935 ATTRIBUTEACCESSREQUESTED_5
16:41:43.315 (index):941 NODEACCESSREQUESTED_6
16:41:43.316 (index):941 NODEACCESSREQUESTED_7
16:41:43.316 (index):935 ATTRIBUTEACCESSREQUESTED_8
16:41:43.317 (index):935 ATTRIBUTEACCESSREQUESTED_9
16:41:43.317 (index):880 NODEACCESSRELEASED_0
16:41:43.318 (index):880 NODEACCESSRELEASED_1
16:41:43.318 (index):884 ATTRIBUTEACCESSRELEASED_2
16:41:43.319 (index):884 ATTRIBUTEACCESSRELEASED_3
16:41:43.319 (index):884 ATTRIBUTEACCESSRELEASED_4
16:41:43.320 (index):884 ATTRIBUTEACCESSRELEASED_5
16:41:43.320 (index):880 NODEACCESSRELEASED_6
16:41:43.321 (index):880 NODEACCESSRELEASED_7
16:41:43.321 (index):884 ATTRIBUTEACCESSRELEASED_8
16:41:43.322 (index):884 ATTRIBUTEACCESSRELEASED_9
16:41:43.322 (index):941 NODEACCESSREQUESTED_0
16:41:43.323 (index):941 NODEACCESSREQUESTED_1
16:41:43.324 (index):935 ATTRIBUTEACCESSREQUESTED_2
16:41:43.324 (index):935 ATTRIBUTEACCESSREQUESTED_3
16:41:43.325 (index):935 ATTRIBUTEACCESSREQUESTED_4
16:41:43.325 (index):935 ATTRIBUTEACCESSREQUESTED_5
16:41:43.326 (index):941 NODEACCESSREQUESTED_6
16:41:43.326 (index):941 NODEACCESSREQUESTED_7
16:41:43.327 (index):935 ATTRIBUTEACCESSREQUESTED_8
16:41:43.327 (index):935 ATTRIBUTEACCESSREQUESTED_9
16:41:43.328 (index):905 UPDATE_0
16:41:43.328 (index):905 UPDATE_1
16:41:43.329 (index):908 UPDATE_2
16:41:43.329 (index):908 UPDATE_3
16:41:43.330 (index):908 UPDATE_4
16:41:43.330 (index):908 UPDATE_5
16:41:43.331 (index):905 UPDATE_6
16:41:43.331 (index):905 UPDATE_7
16:41:43.331 (index):908 UPDATE_8
16:41:43.332 (index):908 UPDATE_9
16:41:43.332 (index):880 NODEACCESSRELEASED_0
16:41:43.333 (index):880 NODEACCESSRELEASED_1
16:41:43.334 (index):884 ATTRIBUTEACCESSRELEASED_2
16:41:43.334 (index):884 ATTRIBUTEACCESSRELEASED_3
16:41:43.335 (index):884 ATTRIBUTEACCESSRELEASED_4
16:41:43.335 (index):884 ATTRIBUTEACCESSRELEASED_5
16:41:43.336 (index):880 NODEACCESSRELEASED_6
16:41:43.336 (index):880 NODEACCESSRELEASED_7
16:41:43.337 (index):884 ATTRIBUTEACCESSRELEASED_8
16:41:43.337 (index):884 ATTRIBUTEACCESSRELEASED_9
16:41:43.338 (index):941 NODEACCESSREQUESTED_0
16:41:43.338 (index):941 NODEACCESSREQUESTED_1
16:41:43.339 (index):941 NODEACCESSREQUESTED_2
16:41:43.339 (index):941 NODEACCESSREQUESTED_3
16:41:43.340 (index):935 ATTRIBUTEACCESSREQUESTED_4
16:41:43.340 (index):941 NODEACCESSREQUESTED_5
16:41:43.341 (index):941 NODEACCESSREQUESTED_6
16:41:43.342 (index):935 ATTRIBUTEACCESSREQUESTED_7
16:41:43.342 (index):941 NODEACCESSREQUESTED_8
16:41:43.343 (index):941 NODEACCESSREQUESTED_9
16:41:43.343 (index):905 UPDATE_0
16:41:43.344 (index):905 UPDATE_1
16:41:43.344 (index):905 UPDATE_2
16:41:43.345 (index):905 UPDATE_3
16:41:43.345 (index):908 UPDATE_4
16:41:43.345 (index):905 UPDATE_5
16:41:43.346 (index):905 UPDATE_6
16:41:43.346 (index):908 UPDATE_7
16:41:43.347 (index):905 UPDATE_8
16:41:43.347 (index):905 UPDATE_9
16:41:43.348 (index):880 NODEACCESSRELEASED_0
16:41:43.348 (index):880 NODEACCESSRELEASED_1
16:41:43.349 (index):880 NODEACCESSRELEASED_2
16:41:43.349 (index):880 NODEACCESSRELEASED_3
16:41:43.350 (index):884 ATTRIBUTEACCESSRELEASED_4
16:41:43.350 (index):880 NODEACCESSRELEASED_5
16:41:43.351 (index):880 NODEACCESSRELEASED_6
16:41:43.351 (index):884 ATTRIBUTEACCESSRELEASED_7
16:41:43.352 (index):880 NODEACCESSRELEASED_8
16:41:43.352 (index):880 NODEACCESSRELEASED_9
16:41:43.353 (index):935 ATTRIBUTEACCESSREQUESTED_0
16:41:43.353 (index):941 NODEACCESSREQUESTED_1
16:41:43.354 (index):941 NODEACCESSREQUESTED_2
16:41:43.355 (index):941 NODEACCESSREQUESTED_3
16:41:43.355 (index):941 NODEACCESSREQUESTED_4
16:41:43.356 (index):941 NODEACCESSREQUESTED_5
16:41:43.356 (index):941 NODEACCESSREQUESTED_6
16:41:43.357 (index):941 NODEACCESSREQUESTED_7
16:41:43.357 (index):941 NODEACCESSREQUESTED_8
16:41:43.358 (index):941 NODEACCESSREQUESTED_9
16:41:43.358 (index):908 UPDATE_0
16:41:43.359 (index):905 UPDATE_1
16:41:43.359 (index):905 UPDATE_2
16:41:43.360 (index):967 WAITING_3
16:41:43.360 (index):905 UPDATE_4
16:41:43.361 (index):905 UPDATE_5
16:41:43.361 (index):905 UPDATE_6
16:41:43.362 (index):905 UPDATE_7
16:41:43.362 (index):905 UPDATE_8
16:41:43.362 (index):905 UPDATE_9
16:41:43.363 (index):884 ATTRIBUTEACCESSRELEASED_0
16:41:43.364 (index):880 NODEACCESSRELEASED_1
16:41:43.364 (index):880 NODEACCESSRELEASED_2
16:41:43.365 (index):967 WAITING_3
16:41:43.365 (index):880 NODEACCESSRELEASED_4
16:41:43.366 (index):880 NODEACCESSRELEASED_5
16:41:43.366 (index):880 NODEACCESSRELEASED_6
16:41:43.367 (index):880 NODEACCESSRELEASED_7
16:41:43.368 (index):880 NODEACCESSRELEASED_8
16:41:43.368 (index):880 NODEACCESSRELEASED_9
16:41:43.369 (index):941 NODEACCESSREQUESTED_0
16:41:43.369 (index):941 NODEACCESSREQUESTED_1
16:41:43.370 (index):941 NODEACCESSREQUESTED_2
16:41:43.370 (index):905 UPDATE_3
16:41:43.371 (index):935 ATTRIBUTEACCESSREQUESTED_4
16:41:43.371 (index):935 ATTRIBUTEACCESSREQUESTED_5
16:41:43.372 (index):941 NODEACCESSREQUESTED_6
16:41:43.372 (index):941 NODEACCESSREQUESTED_7
16:41:43.373 (index):935 ATTRIBUTEACCESSREQUESTED_8
16:41:43.373 (index):941 NODEACCESSREQUESTED_9
16:41:43.374 (index):905 UPDATE_0
16:41:43.374 (index):967 WAITING_1
16:41:43.375 (index):967 WAITING_2
16:41:43.375 (index):880 NODEACCESSRELEASED_3
16:41:43.376 (index):908 UPDATE_4
16:41:43.376 (index):967 WAITING_5
16:41:43.377 (index):905 UPDATE_6
16:41:43.377 (index):967 WAITING_7
16:41:43.378 (index):908 UPDATE_8
16:41:43.378 (index):905 UPDATE_9
16:41:43.379 (index):880 NODEACCESSRELEASED_0
16:41:43.379 (index):905 UPDATE_1
16:41:43.380 (index):905 UPDATE_2
16:41:43.380 (index):935 ATTRIBUTEACCESSREQUESTED_3
16:41:43.381 (index):884 ATTRIBUTEACCESSRELEASED_4
16:41:43.381 (index):908 UPDATE_5
16:41:43.382 (index):880 NODEACCESSRELEASED_6
16:41:43.382 (index):905 UPDATE_7
16:41:43.383 (index):884 ATTRIBUTEACCESSRELEASED_8
16:41:43.383 (index):880 NODEACCESSRELEASED_9
16:41:43.383 (index):941 NODEACCESSREQUESTED_0
16:41:43.384 (index):880 NODEACCESSRELEASED_1
16:41:43.385 (index):880 NODEACCESSRELEASED_2
16:41:43.385 (index):908 UPDATE_3
16:41:43.385 (index):941 NODEACCESSREQUESTED_4
16:41:43.386 (index):884 ATTRIBUTEACCESSRELEASED_5
16:41:43.387 (index):941 NODEACCESSREQUESTED_6
16:41:43.387 (index):880 NODEACCESSRELEASED_7
16:41:43.388 (index):941 NODEACCESSREQUESTED_8
16:41:43.388 (index):935 ATTRIBUTEACCESSREQUESTED_9
16:41:43.389 (index):905 UPDATE_0
16:41:43.389 (index):935 ATTRIBUTEACCESSREQUESTED_1
16:41:43.390 (index):935 ATTRIBUTEACCESSREQUESTED_2
16:41:43.390 (index):884 ATTRIBUTEACCESSRELEASED_3
16:41:43.391 (index):905 UPDATE_4
16:41:43.391 (index):941 NODEACCESSREQUESTED_5
16:41:43.392 (index):905 UPDATE_6
16:41:43.393 (index):935 ATTRIBUTEACCESSREQUESTED_7
16:41:43.393 (index):905 UPDATE_8
16:41:43.394 (index):908 UPDATE_9
16:41:43.395 (index):880 NODEACCESSRELEASED_0
16:41:43.396 (index):908 UPDATE_1
16:41:43.397 (index):908 UPDATE_2
16:41:43.397 (index):935 ATTRIBUTEACCESSREQUESTED_3
16:41:43.398 (index):880 NODEACCESSRELEASED_4
16:41:43.398 (index):905 UPDATE_5
16:41:43.399 (index):880 NODEACCESSRELEASED_6
16:41:43.399 (index):908 UPDATE_7
16:41:43.400 (index):880 NODEACCESSRELEASED_8
16:41:43.401 (index):884 ATTRIBUTEACCESSRELEASED_9
16:41:43.401 (index):935 ATTRIBUTEACCESSREQUESTED_0
16:41:43.402 (index):884 ATTRIBUTEACCESSRELEASED_1
16:41:43.403 (index):884 ATTRIBUTEACCESSRELEASED_2
16:41:43.403 (index):908 UPDATE_3
16:41:43.404 (index):941 NODEACCESSREQUESTED_4
16:41:43.405 (index):880 NODEACCESSRELEASED_5
16:41:43.405 (index):941 NODEACCESSREQUESTED_6
16:41:43.407 (index):884 ATTRIBUTEACCESSRELEASED_7
16:41:43.407 (index):941 NODEACCESSREQUESTED_8
16:41:43.408 (index):941 NODEACCESSREQUESTED_9
16:41:43.408 (index):908 UPDATE_0
16:41:43.409 (index):935 ATTRIBUTEACCESSREQUESTED_1
16:41:43.409 (index):935 ATTRIBUTEACCESSREQUESTED_2
16:41:43.410 (index):884 ATTRIBUTEACCESSRELEASED_3
16:41:43.410 (index):905 UPDATE_4
16:41:43.411 (index):941 NODEACCESSREQUESTED_5
16:41:43.411 (index):905 UPDATE_6
16:41:43.412 (index):941 NODEACCESSREQUESTED_7
16:41:43.412 (index):905 UPDATE_8
16:41:43.412 (index):905 UPDATE_9
16:41:43.413 (index):884 ATTRIBUTEACCESSRELEASED_0
16:41:43.413 (index):908 UPDATE_1
16:41:43.414 (index):908 UPDATE_2
16:41:43.414 (index):941 NODEACCESSREQUESTED_3
16:41:43.415 (index):880 NODEACCESSRELEASED_4
16:41:43.415 (index):905 UPDATE_5
16:41:43.416 (index):880 NODEACCESSRELEASED_6
16:41:43.416 (index):905 UPDATE_7
16:41:43.417 (index):880 NODEACCESSRELEASED_8
16:41:43.417 (index):880 NODEACCESSRELEASED_9
16:41:43.418 (index):941 NODEACCESSREQUESTED_0
16:41:43.418 (index):884 ATTRIBUTEACCESSRELEASED_1
16:41:43.419 (index):884 ATTRIBUTEACCESSRELEASED_2
16:41:43.419 (index):905 UPDATE_3
16:41:43.419 (index):941 NODEACCESSREQUESTED_4
16:41:43.420 (index):880 NODEACCESSRELEASED_5
16:41:43.421 (index):941 NODEACCESSREQUESTED_6
16:41:43.421 (index):880 NODEACCESSRELEASED_7
16:41:43.422 (index):941 NODEACCESSREQUESTED_8
16:41:43.422 (index):935 ATTRIBUTEACCESSREQUESTED_9
16:41:43.423 (index):905 UPDATE_0
16:41:43.423 (index):941 NODEACCESSREQUESTED_1
16:41:43.424 (index):941 NODEACCESSREQUESTED_2
16:41:43.424 (index):880 NODEACCESSRELEASED_3
16:41:43.425 (index):967 WAITING_4
16:41:43.425 (index):941 NODEACCESSREQUESTED_5
16:41:43.426 (index):905 UPDATE_6
16:41:43.426 (index):941 NODEACCESSREQUESTED_7
16:41:43.427 (index):905 UPDATE_8
16:41:43.427 (index):908 UPDATE_9
16:41:43.428 (index):880 NODEACCESSRELEASED_0
16:41:43.428 (index):905 UPDATE_1
16:41:43.429 (index):905 UPDATE_2
16:41:43.429 (index):935 ATTRIBUTEACCESSREQUESTED_3
16:41:43.430 (index):967 WAITING_4
16:41:43.430 (index):905 UPDATE_5
16:41:43.431 (index):880 NODEACCESSRELEASED_6
16:41:43.431 (index):905 UPDATE_7
16:41:43.432 (index):880 NODEACCESSRELEASED_8
16:41:43.432 (index):884 ATTRIBUTEACCESSRELEASED_9
16:41:43.433 (index):941 NODEACCESSREQUESTED_0
16:41:43.433 (index):880 NODEACCESSRELEASED_1
16:41:43.434 (index):880 NODEACCESSRELEASED_2
16:41:43.434 (index):908 UPDATE_3
16:41:43.435 (index):967 WAITING_4
16:41:43.436 (index):880 NODEACCESSRELEASED_5
16:41:43.437 (index):941 NODEACCESSREQUESTED_6
16:41:43.437 (index):880 NODEACCESSRELEASED_7
16:41:43.438 (index):941 NODEACCESSREQUESTED_8
16:41:43.438 (index):941 NODEACCESSREQUESTED_9
16:41:43.439 (index):905 UPDATE_0
16:41:43.439 (index):941 NODEACCESSREQUESTED_1
16:41:43.440 (index):935 ATTRIBUTEACCESSREQUESTED_2
16:41:43.440 (index):884 ATTRIBUTEACCESSRELEASED_3
16:41:43.441 (index):967 WAITING_4
16:41:43.441 (index):935 ATTRIBUTEACCESSREQUESTED_5
16:41:43.442 (index):905 UPDATE_6
16:41:43.442 (index):941 NODEACCESSREQUESTED_7
16:41:43.443 (index):905 UPDATE_8
16:41:43.443 (index):905 UPDATE_9
16:41:43.444 (index):880 NODEACCESSRELEASED_0
16:41:43.444 (index):905 UPDATE_1
16:41:43.445 (index):908 UPDATE_2
16:41:43.445 (index):941 NODEACCESSREQUESTED_3
16:41:43.446 (index):967 WAITING_4
16:41:43.446 (index):908 UPDATE_5
16:41:43.447 (index):880 NODEACCESSRELEASED_6
16:41:43.447 (index):967 WAITING_7
16:41:43.448 (index):880 NODEACCESSRELEASED_8
16:41:43.449 (index):880 NODEACCESSRELEASED_9
16:41:43.449 (index):941 NODEACCESSREQUESTED_0
16:41:43.450 (index):880 NODEACCESSRELEASED_1
16:41:43.451 (index):884 ATTRIBUTEACCESSRELEASED_2
16:41:43.451 (index):905 UPDATE_3
16:41:43.452 (index):967 WAITING_4
16:41:43.452 (index):884 ATTRIBUTEACCESSRELEASED_5
16:41:43.453 (index):941 NODEACCESSREQUESTED_6
16:41:43.453 (index):967 WAITING_7
16:41:43.454 (index):941 NODEACCESSREQUESTED_8
16:41:43.454 (index):941 NODEACCESSREQUESTED_9
16:41:43.455 (index):905 UPDATE_0
16:41:43.455 (index):941 NODEACCESSREQUESTED_1
16:41:43.456 (index):935 ATTRIBUTEACCESSREQUESTED_2
16:41:43.457 (index):880 NODEACCESSRELEASED_3
16:41:43.457 (index):967 WAITING_4
16:41:43.458 (index):941 NODEACCESSREQUESTED_5
16:41:43.458 (index):905 UPDATE_6
16:41:43.458 (index):967 WAITING_7
16:41:43.459 (index):905 UPDATE_8
16:41:43.459 (index):905 UPDATE_9
16:41:43.460 (index):880 NODEACCESSRELEASED_0
16:41:43.460 (index):967 WAITING_1
16:41:43.461 (index):908 UPDATE_2
16:41:43.461 (index):941 NODEACCESSREQUESTED_3
16:41:43.462 (index):967 WAITING_4
16:41:43.462 (index):905 UPDATE_5
16:41:43.463 (index):880 NODEACCESSRELEASED_6
16:41:43.464 (index):967 WAITING_7
16:41:43.464 (index):880 NODEACCESSRELEASED_8
16:41:43.465 (index):880 NODEACCESSRELEASED_9
16:41:43.465 (index):935 ATTRIBUTEACCESSREQUESTED_0
16:41:43.466 (index):905 UPDATE_1
16:41:43.466 (index):884 ATTRIBUTEACCESSRELEASED_2
16:41:43.467 (index):905 UPDATE_3
16:41:43.467 (index):967 WAITING_4
16:41:43.468 (index):880 NODEACCESSRELEASED_5
16:41:43.469 (index):935 ATTRIBUTEACCESSREQUESTED_6
16:41:43.469 (index):967 WAITING_7
16:41:43.469 (index):941 NODEACCESSREQUESTED_8
16:41:43.470 (index):941 NODEACCESSREQUESTED_9
16:41:43.471 (index):908 UPDATE_0
16:41:43.471 (index):880 NODEACCESSRELEASED_1
16:41:43.472 (index):935 ATTRIBUTEACCESSREQUESTED_2
16:41:43.472 (index):880 NODEACCESSRELEASED_3
16:41:43.473 (index):967 WAITING_4
16:41:43.473 (index):935 ATTRIBUTEACCESSREQUESTED_5
16:41:43.474 (index):908 UPDATE_6
16:41:43.474 (index):967 WAITING_7
16:41:43.475 (index):905 UPDATE_8
16:41:43.475 (index):905 UPDATE_9
16:41:43.476 (index):884 ATTRIBUTEACCESSRELEASED_0
16:41:43.476 (index):941 NODEACCESSREQUESTED_1
16:41:43.477 (index):908 UPDATE_2
16:41:43.477 (index):941 NODEACCESSREQUESTED_3
16:41:43.478 (index):967 WAITING_4
16:41:43.478 (index):908 UPDATE_5
16:41:43.479 (index):884 ATTRIBUTEACCESSRELEASED_6
16:41:43.479 (index):967 WAITING_7
16:41:43.480 (index):880 NODEACCESSRELEASED_8
16:41:43.481 (index):880 NODEACCESSRELEASED_9
16:41:43.481 (index):941 NODEACCESSREQUESTED_0
16:41:43.482 (index):967 WAITING_1
16:41:43.483 (index):884 ATTRIBUTEACCESSRELEASED_2
16:41:43.483 (index):905 UPDATE_3
16:41:43.484 (index):967 WAITING_4
16:41:43.484 (index):884 ATTRIBUTEACCESSRELEASED_5
16:41:43.485 (index):941 NODEACCESSREQUESTED_6
16:41:43.486 (index):967 WAITING_7
16:41:43.486 (index):935 ATTRIBUTEACCESSREQUESTED_8
16:41:43.487 (index):941 NODEACCESSREQUESTED_9
16:41:43.487 (index):905 UPDATE_0
16:41:43.488 (index):967 WAITING_1
16:41:43.488 (index):941 NODEACCESSREQUESTED_2
16:41:43.489 (index):880 NODEACCESSRELEASED_3
16:41:43.489 (index):967 WAITING_4
16:41:43.490 (index):941 NODEACCESSREQUESTED_5
16:41:43.490 (index):905 UPDATE_6
16:41:43.491 (index):967 WAITING_7
16:41:43.491 (index):908 UPDATE_8
16:41:43.492 (index):905 UPDATE_9
16:41:43.493 (index):880 NODEACCESSRELEASED_0
16:41:43.494 (index):967 WAITING_1
16:41:43.494 (index):905 UPDATE_2
16:41:43.494 (index):941 NODEACCESSREQUESTED_3
16:41:43.495 (index):967 WAITING_4
16:41:43.496 (index):905 UPDATE_5
16:41:43.496 (index):880 NODEACCESSRELEASED_6
16:41:43.497 (index):967 WAITING_7
16:41:43.498 (index):884 ATTRIBUTEACCESSRELEASED_8
16:41:43.498 (index):880 NODEACCESSRELEASED_9
16:41:43.499 (index):941 NODEACCESSREQUESTED_0
16:41:43.500 (index):967 WAITING_1
16:41:43.500 (index):880 NODEACCESSRELEASED_2
16:41:43.501 (index):905 UPDATE_3
16:41:43.501 (index):967 WAITING_4
16:41:43.502 (index):880 NODEACCESSRELEASED_5
16:41:43.503 (index):941 NODEACCESSREQUESTED_6
16:41:43.503 (index):967 WAITING_7
16:41:43.504 (index):941 NODEACCESSREQUESTED_8
16:41:43.504 (index):941 NODEACCESSREQUESTED_9
16:41:43.505 (index):905 UPDATE_0
16:41:43.505 (index):967 WAITING_1
16:41:43.506 (index):941 NODEACCESSREQUESTED_2
16:41:43.507 (index):880 NODEACCESSRELEASED_3
16:41:43.507 (index):967 WAITING_4
16:41:43.508 (index):941 NODEACCESSREQUESTED_5
16:41:43.508 (index):905 UPDATE_6
16:41:43.509 (index):967 WAITING_7
16:41:43.509 (index):905 UPDATE_8
16:41:43.510 (index):905 UPDATE_9
16:41:43.511 (index):880 NODEACCESSRELEASED_0
16:41:43.511 (index):967 WAITING_1
16:41:43.512 (index):967 WAITING_2
16:41:43.512 (index):935 ATTRIBUTEACCESSREQUESTED_3
16:41:43.512 (index):967 WAITING_4
16:41:43.513 (index):905 UPDATE_5
16:41:43.514 (index):880 NODEACCESSRELEASED_6
16:41:43.514 (index):967 WAITING_7
16:41:43.515 (index):880 NODEACCESSRELEASED_8
16:41:43.516 (index):880 NODEACCESSRELEASED_9
16:41:43.517 (index):935 ATTRIBUTEACCESSREQUESTED_0
16:41:43.517 (index):967 WAITING_1
16:41:43.518 (index):967 WAITING_2
16:41:43.518 (index):908 UPDATE_3
16:41:43.518 (index):967 WAITING_4
16:41:43.519 (index):880 NODEACCESSRELEASED_5
16:41:43.520 (index):935 ATTRIBUTEACCESSREQUESTED_6
16:41:43.520 (index):967 WAITING_7
16:41:43.521 (index):935 ATTRIBUTEACCESSREQUESTED_8
16:41:43.521 (index):935 ATTRIBUTEACCESSREQUESTED_9
16:41:43.522 (index):908 UPDATE_0
16:41:43.522 (index):967 WAITING_1
16:41:43.523 (index):967 WAITING_2
16:41:43.523 (index):884 ATTRIBUTEACCESSRELEASED_3
16:41:43.524 (index):967 WAITING_4
16:41:43.524 (index):941 NODEACCESSREQUESTED_5
16:41:43.525 (index):908 UPDATE_6
16:41:43.525 (index):967 WAITING_7
16:41:43.526 (index):908 UPDATE_8
16:41:43.526 (index):908 UPDATE_9
16:41:43.527 (index):978 END_0
16:41:43.528 (index):967 WAITING_1
16:41:43.528 (index):967 WAITING_2
16:41:43.529 (index):935 ATTRIBUTEACCESSREQUESTED_3
16:41:43.529 (index):967 WAITING_4
16:41:43.529 (index):905 UPDATE_5
16:41:43.530 (index):978 END_6
16:41:43.531 (index):967 WAITING_7
16:41:43.531 (index):978 END_8
16:41:43.532 (index):978 END_9
16:41:43.533 (index):967 WAITING_1
16:41:43.533 (index):967 WAITING_2
16:41:43.534 (index):908 UPDATE_3
16:41:43.534 (index):967 WAITING_4
16:41:43.535 (index):978 END_5
16:41:43.536 (index):967 WAITING_7
16:41:43.537 (index):905 UPDATE_1
16:41:43.538 (index):967 WAITING_2
16:41:43.538 (index):978 END_3
16:41:43.539 (index):967 WAITING_4
16:41:43.540 (index):967 WAITING_7
16:41:43.542 (index):880 NODEACCESSRELEASED_1
16:41:43.543 (index):967 WAITING_2
16:41:43.544 (index):905 UPDATE_4
16:41:43.545 (index):967 WAITING_7
16:41:43.547 (index):941 NODEACCESSREQUESTED_1
16:41:43.547 (index):967 WAITING_2
16:41:43.548 (index):880 NODEACCESSRELEASED_4
16:41:43.549 (index):905 UPDATE_7
16:41:43.551 (index):967 WAITING_1
16:41:43.552 (index):967 WAITING_2
16:41:43.553 (index):935 ATTRIBUTEACCESSREQUESTED_4
16:41:43.554 (index):880 NODEACCESSRELEASED_7
16:41:43.556 (index):967 WAITING_1
16:41:43.556 (index):905 UPDATE_2
16:41:43.558 (index):967 WAITING_4
16:41:43.559 (index):935 ATTRIBUTEACCESSREQUESTED_7
16:41:43.561 (index):967 WAITING_1
16:41:43.561 (index):880 NODEACCESSRELEASED_2
16:41:43.562 (index):908 UPDATE_4
16:41:43.563 (index):967 WAITING_7
16:41:43.565 (index):905 UPDATE_1
16:41:43.566 (index):941 NODEACCESSREQUESTED_2
16:41:43.567 (index):884 ATTRIBUTEACCESSRELEASED_4
16:41:43.568 (index):908 UPDATE_7
16:41:43.570 (index):880 NODEACCESSRELEASED_1
16:41:43.570 (index):905 UPDATE_2
16:41:43.571 (index):941 NODEACCESSREQUESTED_4
16:41:43.572 (index):884 ATTRIBUTEACCESSRELEASED_7
16:41:43.574 (index):935 ATTRIBUTEACCESSREQUESTED_1
16:41:43.575 (index):978 END_2
16:41:43.576 (index):905 UPDATE_4
16:41:43.577 (index):941 NODEACCESSREQUESTED_7
16:41:43.579 (index):908 UPDATE_1
16:41:43.580 (index):880 NODEACCESSRELEASED_4
16:41:43.581 (index):905 UPDATE_7
16:41:43.583 (index):884 ATTRIBUTEACCESSRELEASED_1
16:41:43.585 (index):935 ATTRIBUTEACCESSREQUESTED_4
16:41:43.586 (index):880 NODEACCESSRELEASED_7
16:41:43.588 (index):941 NODEACCESSREQUESTED_1
16:41:43.589 (index):908 UPDATE_4
16:41:43.591 (index):941 NODEACCESSREQUESTED_7
16:41:43.593 (index):905 UPDATE_1
16:41:43.594 (index):884 ATTRIBUTEACCESSRELEASED_4
16:41:43.595 (index):905 UPDATE_7
16:41:43.597 (index):978 END_1
16:41:43.599 (index):935 ATTRIBUTEACCESSREQUESTED_4
16:41:43.600 (index):880 NODEACCESSRELEASED_7
16:41:43.603 (index):908 UPDATE_4
16:41:43.604 (index):935 ATTRIBUTEACCESSREQUESTED_7
16:41:43.609 (index):884 ATTRIBUTEACCESSRELEASED_4
16:41:43.610 (index):908 UPDATE_7
16:41:43.614 (index):941 NODEACCESSREQUESTED_4
16:41:43.615 (index):884 ATTRIBUTEACCESSRELEASED_7
16:41:43.618 (index):905 UPDATE_4
16:41:43.619 (index):941 NODEACCESSREQUESTED_7
16:41:43.623 (index):880 NODEACCESSRELEASED_4
16:41:43.624 (index):905 UPDATE_7
16:41:43.628 (index):941 NODEACCESSREQUESTED_4
16:41:43.629 (index):978 END_7
16:41:43.633 (index):905 UPDATE_4
16:41:43.637 (index):978 END_4
