16:41:42.876 (index):3492 Tasks: 25; Collaborators: 10    =========================>
16:41:42.877 (index):941 NODEACCESSREQUESTED_0
16:41:42.877 (index):941 NODEACCESSREQUESTED_1
16:41:42.878 (index):935 ATTRIBUTEACCESSREQUESTED_2
16:41:42.879 (index):935 ATTRIBUTEACCESSREQUESTED_3
16:41:42.879 (index):935 ATTRIBUTEACCESSREQUESTED_4
16:41:42.880 (index):935 ATTRIBUTEACCESSREQUESTED_5
16:41:42.880 (index):941 NODEACCESSREQUESTED_6
16:41:42.881 (index):941 NODEACCESSREQUESTED_7
16:41:42.882 (index):935 ATTRIBUTEACCESSREQUESTED_8
16:41:42.882 (index):935 ATTRIBUTEACCESSREQUESTED_9
16:41:42.883 (index):880 NODEACCESSRELEASED_0
16:41:42.884 (index):880 NODEACCESSRELEASED_1
16:41:42.885 (index):884 ATTRIBUTEACCESSRELEASED_2
16:41:42.886 (index):884 ATTRIBUTEACCESSRELEASED_3
16:41:42.887 (index):884 ATTRIBUTEACCESSRELEASED_4
16:41:42.888 (index):884 ATTRIBUTEACCESSRELEASED_5
16:41:42.889 (index):967 WAITING_6
16:41:42.890 (index):967 WAITING_7
16:41:42.892 (index):884 ATTRIBUTEACCESSRELEASED_8
16:41:42.893 (index):884 ATTRIBUTEACCESSRELEASED_9
16:41:42.894 (index):941 NODEACCESSREQUESTED_0
16:41:42.895 (index):941 NODEACCESSREQUESTED_1
16:41:42.896 (index):935 ATTRIBUTEACCESSREQUESTED_2
16:41:42.896 (index):935 ATTRIBUTEACCESSREQUESTED_3
16:41:42.897 (index):935 ATTRIBUTEACCESSREQUESTED_4
16:41:42.898 (index):935 ATTRIBUTEACCESSREQUESTED_5
16:41:42.899 (index):880 NODEACCESSRELEASED_6
16:41:42.899 (index):967 WAITING_7
16:41:42.900 (index):935 ATTRIBUTEACCESSREQUESTED_8
16:41:42.900 (index):935 ATTRIBUTEACCESSREQUESTED_9
16:41:42.901 (index):905 UPDATE_0
16:41:42.902 (index):905 UPDATE_1
16:41:42.902 (index):908 UPDATE_2
16:41:42.903 (index):967 WAITING_3
16:41:42.904 (index):908 UPDATE_4
16:41:42.904 (index):967 WAITING_5
16:41:42.905 (index):941 NODEACCESSREQUESTED_6
16:41:42.906 (index):967 WAITING_7
16:41:42.907 (index):908 UPDATE_8
16:41:42.907 (index):908 UPDATE_9
16:41:42.908 (index):880 NODEACCESSRELEASED_0
16:41:42.910 (index):880 NODEACCESSRELEASED_1
16:41:42.911 (index):884 ATTRIBUTEACCESSRELEASED_2
16:41:42.911 (index):908 UPDATE_3
16:41:42.912 (index):884 ATTRIBUTEACCESSRELEASED_4
16:41:42.912 (index):908 UPDATE_5
16:41:42.913 (index):905 UPDATE_6
16:41:42.913 (index):967 WAITING_7
16:41:42.914 (index):884 ATTRIBUTEACCESSRELEASED_8
16:41:42.915 (index):884 ATTRIBUTEACCESSRELEASED_9
16:41:42.915 (index):941 NODEACCESSREQUESTED_0
16:41:42.915 (index):941 NODEACCESSREQUESTED_1
16:41:42.916 (index):941 NODEACCESSREQUESTED_2
16:41:42.917 (index):884 ATTRIBUTEACCESSRELEASED_3
16:41:42.917 (index):935 ATTRIBUTEACCESSREQUESTED_4
16:41:42.918 (index):884 ATTRIBUTEACCESSRELEASED_5
16:41:42.918 (index):880 NODEACCESSRELEASED_6
16:41:42.919 (index):967 WAITING_7
16:41:42.919 (index):941 NODEACCESSREQUESTED_8
16:41:42.920 (index):941 NODEACCESSREQUESTED_9
16:41:42.920 (index):905 UPDATE_0
16:41:42.921 (index):905 UPDATE_1
16:41:42.921 (index):905 UPDATE_2
16:41:42.922 (index):941 NODEACCESSREQUESTED_3
16:41:42.922 (index):908 UPDATE_4
16:41:42.923 (index):941 NODEACCESSREQUESTED_5
16:41:42.923 (index):941 NODEACCESSREQUESTED_6
16:41:42.924 (index):967 WAITING_7
16:41:42.924 (index):905 UPDATE_8
16:41:42.925 (index):905 UPDATE_9
16:41:42.925 (index):880 NODEACCESSRELEASED_0
16:41:42.926 (index):880 NODEACCESSRELEASED_1
16:41:42.926 (index):880 NODEACCESSRELEASED_2
16:41:42.927 (index):905 UPDATE_3
16:41:42.927 (index):884 ATTRIBUTEACCESSRELEASED_4
16:41:42.928 (index):905 UPDATE_5
16:41:42.928 (index):905 UPDATE_6
16:41:42.929 (index):967 WAITING_7
16:41:42.929 (index):880 NODEACCESSRELEASED_8
16:41:42.930 (index):880 NODEACCESSRELEASED_9
16:41:42.930 (index):935 ATTRIBUTEACCESSREQUESTED_0
16:41:42.931 (index):941 NODEACCESSREQUESTED_1
16:41:42.931 (index):941 NODEACCESSREQUESTED_2
16:41:42.932 (index):880 NODEACCESSRELEASED_3
16:41:42.932 (index):941 NODEACCESSREQUESTED_4
16:41:42.933 (index):880 NODEACCESSRELEASED_5
16:41:42.934 (index):880 NODEACCESSRELEASED_6
16:41:42.934 (index):967 WAITING_7
16:41:42.935 (index):941 NODEACCESSREQUESTED_8
16:41:42.935 (index):941 NODEACCESSREQUESTED_9
16:41:42.936 (index):908 UPDATE_0
16:41:42.936 (index):905 UPDATE_1
16:41:42.936 (index):905 UPDATE_2
16:41:42.937 (index):941 NODEACCESSREQUESTED_3
16:41:42.937 (index):905 UPDATE_4
16:41:42.938 (index):941 NODEACCESSREQUESTED_5
16:41:42.938 (index):941 NODEACCESSREQUESTED_6
16:41:42.939 (index):967 WAITING_7
16:41:42.939 (index):905 UPDATE_8
16:41:42.940 (index):905 UPDATE_9
16:41:42.940 (index):884 ATTRIBUTEACCESSRELEASED_0
16:41:42.941 (index):880 NODEACCESSRELEASED_1
16:41:42.942 (index):880 NODEACCESSRELEASED_2
16:41:42.942 (index):905 UPDATE_3
16:41:42.943 (index):880 NODEACCESSRELEASED_4
16:41:42.943 (index):905 UPDATE_5
16:41:42.944 (index):905 UPDATE_6
16:41:42.944 (index):967 WAITING_7
16:41:42.945 (index):880 NODEACCESSRELEASED_8
16:41:42.945 (index):880 NODEACCESSRELEASED_9
16:41:42.946 (index):941 NODEACCESSREQUESTED_0
16:41:42.946 (index):941 NODEACCESSREQUESTED_1
16:41:42.947 (index):941 NODEACCESSREQUESTED_2
16:41:42.948 (index):880 NODEACCESSRELEASED_3
16:41:42.948 (index):935 ATTRIBUTEACCESSREQUESTED_4
16:41:42.949 (index):880 NODEACCESSRELEASED_5
16:41:42.949 (index):880 NODEACCESSRELEASED_6
16:41:42.950 (index):967 WAITING_7
16:41:42.950 (index):935 ATTRIBUTEACCESSREQUESTED_8
16:41:42.951 (index):941 NODEACCESSREQUESTED_9
16:41:42.951 (index):905 UPDATE_0
16:41:42.952 (index):905 UPDATE_1
16:41:42.952 (index):905 UPDATE_2
16:41:42.952 (index):935 ATTRIBUTEACCESSREQUESTED_3
16:41:42.953 (index):908 UPDATE_4
16:41:42.953 (index):935 ATTRIBUTEACCESSREQUESTED_5
16:41:42.954 (index):941 NODEACCESSREQUESTED_6
16:41:42.954 (index):967 WAITING_7
16:41:42.955 (index):908 UPDATE_8
16:41:42.955 (index):905 UPDATE_9
16:41:42.956 (index):880 NODEACCESSRELEASED_0
16:41:42.957 (index):880 NODEACCESSRELEASED_1
16:41:42.957 (index):880 NODEACCESSRELEASED_2
16:41:42.958 (index):908 UPDATE_3
16:41:42.958 (index):884 ATTRIBUTEACCESSRELEASED_4
16:41:42.959 (index):967 WAITING_5
16:41:42.959 (index):905 UPDATE_6
16:41:42.960 (index):967 WAITING_7
16:41:42.960 (index):884 ATTRIBUTEACCESSRELEASED_8
16:41:42.961 (index):880 NODEACCESSRELEASED_9
16:41:42.961 (index):941 NODEACCESSREQUESTED_0
16:41:42.962 (index):935 ATTRIBUTEACCESSREQUESTED_1
16:41:42.962 (index):935 ATTRIBUTEACCESSREQUESTED_2
16:41:42.963 (index):884 ATTRIBUTEACCESSRELEASED_3
16:41:42.963 (index):941 NODEACCESSREQUESTED_4
16:41:42.964 (index):908 UPDATE_5
16:41:42.965 (index):880 NODEACCESSRELEASED_6
16:41:42.965 (index):967 WAITING_7
16:41:42.965 (index):941 NODEACCESSREQUESTED_8
16:41:42.966 (index):935 ATTRIBUTEACCESSREQUESTED_9
16:41:42.967 (index):967 WAITING_0
16:41:42.967 (index):908 UPDATE_1
16:41:42.967 (index):908 UPDATE_2
16:41:42.968 (index):935 ATTRIBUTEACCESSREQUESTED_3
16:41:42.968 (index):905 UPDATE_4
16:41:42.969 (index):884 ATTRIBUTEACCESSRELEASED_5
16:41:42.969 (index):941 NODEACCESSREQUESTED_6
16:41:42.970 (index):967 WAITING_7
16:41:42.970 (index):905 UPDATE_8
16:41:42.971 (index):908 UPDATE_9
16:41:42.971 (index):967 WAITING_0
16:41:42.972 (index):884 ATTRIBUTEACCESSRELEASED_1
16:41:42.973 (index):884 ATTRIBUTEACCESSRELEASED_2
16:41:42.973 (index):908 UPDATE_3
16:41:42.974 (index):880 NODEACCESSRELEASED_4
16:41:42.974 (index):941 NODEACCESSREQUESTED_5
16:41:42.975 (index):905 UPDATE_6
16:41:42.975 (index):967 WAITING_7
16:41:42.976 (index):880 NODEACCESSRELEASED_8
16:41:42.977 (index):884 ATTRIBUTEACCESSRELEASED_9
16:41:42.977 (index):967 WAITING_0
16:41:42.978 (index):935 ATTRIBUTEACCESSREQUESTED_1
16:41:42.978 (index):935 ATTRIBUTEACCESSREQUESTED_2
16:41:42.979 (index):884 ATTRIBUTEACCESSRELEASED_3
16:41:42.979 (index):941 NODEACCESSREQUESTED_4
16:41:42.980 (index):905 UPDATE_5
16:41:42.980 (index):880 NODEACCESSRELEASED_6
16:41:42.981 (index):967 WAITING_7
16:41:42.981 (index):941 NODEACCESSREQUESTED_8
16:41:42.982 (index):941 NODEACCESSREQUESTED_9
16:41:42.982 (index):967 WAITING_0
16:41:42.983 (index):908 UPDATE_1
16:41:42.983 (index):908 UPDATE_2
16:41:42.984 (index):941 NODEACCESSREQUESTED_3
16:41:42.984 (index):905 UPDATE_4
16:41:42.985 (index):880 NODEACCESSRELEASED_5
16:41:42.985 (index):941 NODEACCESSREQUESTED_6
16:41:42.986 (index):967 WAITING_7
16:41:42.986 (index):905 UPDATE_8
16:41:42.987 (index):905 UPDATE_9
16:41:42.987 (index):967 WAITING_0
16:41:42.988 (index):884 ATTRIBUTEACCESSRELEASED_1
16:41:42.988 (index):884 ATTRIBUTEACCESSRELEASED_2
16:41:42.989 (index):905 UPDATE_3
16:41:42.989 (index):880 NODEACCESSRELEASED_4
16:41:42.990 (index):941 NODEACCESSREQUESTED_5
16:41:42.990 (index):905 UPDATE_6
16:41:42.991 (index):967 WAITING_7
16:41:42.992 (index):880 NODEACCESSRELEASED_8
16:41:42.992 (index):880 NODEACCESSRELEASED_9
16:41:42.993 (index):967 WAITING_0
16:41:42.993 (index):941 NODEACCESSREQUESTED_1
16:41:42.994 (index):941 NODEACCESSREQUESTED_2
16:41:42.995 (index):880 NODEACCESSRELEASED_3
16:41:42.995 (index):941 NODEACCESSREQUESTED_4
16:41:42.995 (index):905 UPDATE_5
16:41:42.996 (index):880 NODEACCESSRELEASED_6
16:41:42.997 (index):967 WAITING_7
16:41:42.997 (index):941 NODEACCESSREQUESTED_8
16:41:42.998 (index):935 ATTRIBUTEACCESSREQUESTED_9
16:41:42.998 (index):967 WAITING_0
16:41:42.998 (index):905 UPDATE_1
16:41:42.999 (index):905 UPDATE_2
16:41:42.999 (index):935 ATTRIBUTEACCESSREQUESTED_3
16:41:43.000 (index):905 UPDATE_4
16:41:43.001 (index):880 NODEACCESSRELEASED_5
16:41:43.001 (index):941 NODEACCESSREQUESTED_6
16:41:43.002 (index):967 WAITING_7
16:41:43.003 (index):905 UPDATE_8
16:41:43.003 (index):908 UPDATE_9
16:41:43.004 (index):967 WAITING_0
16:41:43.005 (index):880 NODEACCESSRELEASED_1
16:41:43.006 (index):880 NODEACCESSRELEASED_2
16:41:43.007 (index):908 UPDATE_3
16:41:43.008 (index):880 NODEACCESSRELEASED_4
16:41:43.008 (index):941 NODEACCESSREQUESTED_5
16:41:43.009 (index):905 UPDATE_6
16:41:43.009 (index):967 WAITING_7
16:41:43.010 (index):880 NODEACCESSRELEASED_8
16:41:43.010 (index):884 ATTRIBUTEACCESSRELEASED_9
16:41:43.011 (index):967 WAITING_0
16:41:43.011 (index):941 NODEACCESSREQUESTED_1
16:41:43.012 (index):935 ATTRIBUTEACCESSREQUESTED_2
16:41:43.013 (index):884 ATTRIBUTEACCESSRELEASED_3
16:41:43.013 (index):935 ATTRIBUTEACCESSREQUESTED_4
16:41:43.014 (index):905 UPDATE_5
16:41:43.014 (index):880 NODEACCESSRELEASED_6
16:41:43.015 (index):967 WAITING_7
16:41:43.015 (index):941 NODEACCESSREQUESTED_8
16:41:43.016 (index):941 NODEACCESSREQUESTED_9
16:41:43.016 (index):967 WAITING_0
16:41:43.017 (index):905 UPDATE_1
16:41:43.017 (index):908 UPDATE_2
16:41:43.017 (index):941 NODEACCESSREQUESTED_3
16:41:43.018 (index):908 UPDATE_4
16:41:43.019 (index):880 NODEACCESSRELEASED_5
16:41:43.019 (index):941 NODEACCESSREQUESTED_6
16:41:43.020 (index):967 WAITING_7
16:41:43.020 (index):905 UPDATE_8
16:41:43.021 (index):905 UPDATE_9
16:41:43.021 (index):967 WAITING_0
16:41:43.022 (index):880 NODEACCESSRELEASED_1
16:41:43.023 (index):884 ATTRIBUTEACCESSRELEASED_2
16:41:43.024 (index):905 UPDATE_3
16:41:43.025 (index):884 ATTRIBUTEACCESSRELEASED_4
16:41:43.026 (index):935 ATTRIBUTEACCESSREQUESTED_5
16:41:43.027 (index):905 UPDATE_6
16:41:43.028 (index):967 WAITING_7
16:41:43.029 (index):880 NODEACCESSRELEASED_8
16:41:43.030 (index):880 NODEACCESSRELEASED_9
16:41:43.030 (index):967 WAITING_0
16:41:43.031 (index):941 NODEACCESSREQUESTED_1
16:41:43.031 (index):935 ATTRIBUTEACCESSREQUESTED_2
16:41:43.032 (index):880 NODEACCESSRELEASED_3
16:41:43.032 (index):941 NODEACCESSREQUESTED_4
16:41:43.033 (index):908 UPDATE_5
16:41:43.034 (index):880 NODEACCESSRELEASED_6
16:41:43.034 (index):967 WAITING_7
16:41:43.035 (index):941 NODEACCESSREQUESTED_8
16:41:43.035 (index):941 NODEACCESSREQUESTED_9
16:41:43.036 (index):967 WAITING_0
16:41:43.036 (index):905 UPDATE_1
16:41:43.037 (index):908 UPDATE_2
16:41:43.037 (index):941 NODEACCESSREQUESTED_3
16:41:43.038 (index):967 WAITING_4
16:41:43.039 (index):884 ATTRIBUTEACCESSRELEASED_5
16:41:43.039 (index):941 NODEACCESSREQUESTED_6
16:41:43.040 (index):967 WAITING_7
16:41:43.040 (index):905 UPDATE_8
16:41:43.040 (index):905 UPDATE_9
16:41:43.041 (index):967 WAITING_0
16:41:43.042 (index):880 NODEACCESSRELEASED_1
16:41:43.042 (index):884 ATTRIBUTEACCESSRELEASED_2
16:41:43.043 (index):905 UPDATE_3
16:41:43.043 (index):967 WAITING_4
16:41:43.044 (index):941 NODEACCESSREQUESTED_5
16:41:43.044 (index):905 UPDATE_6
16:41:43.045 (index):967 WAITING_7
16:41:43.046 (index):880 NODEACCESSRELEASED_8
16:41:43.046 (index):880 NODEACCESSRELEASED_9
16:41:43.047 (index):967 WAITING_0
16:41:43.047 (index):941 NODEACCESSREQUESTED_1
16:41:43.048 (index):935 ATTRIBUTEACCESSREQUESTED_2
16:41:43.049 (index):880 NODEACCESSRELEASED_3
16:41:43.049 (index):967 WAITING_4
16:41:43.050 (index):905 UPDATE_5
16:41:43.050 (index):880 NODEACCESSRELEASED_6
16:41:43.051 (index):967 WAITING_7
16:41:43.051 (index):941 NODEACCESSREQUESTED_8
16:41:43.052 (index):941 NODEACCESSREQUESTED_9
16:41:43.052 (index):967 WAITING_0
16:41:43.053 (index):905 UPDATE_1
16:41:43.053 (index):908 UPDATE_2
16:41:43.054 (index):941 NODEACCESSREQUESTED_3
16:41:43.054 (index):967 WAITING_4
16:41:43.055 (index):880 NODEACCESSRELEASED_5
16:41:43.055 (index):935 ATTRIBUTEACCESSREQUESTED_6
16:41:43.056 (index):967 WAITING_7
16:41:43.056 (index):905 UPDATE_8
16:41:43.057 (index):905 UPDATE_9
16:41:43.057 (index):967 WAITING_0
16:41:43.058 (index):880 NODEACCESSRELEASED_1
16:41:43.059 (index):884 ATTRIBUTEACCESSRELEASED_2
16:41:43.059 (index):905 UPDATE_3
16:41:43.060 (index):967 WAITING_4
16:41:43.060 (index):935 ATTRIBUTEACCESSREQUESTED_5
16:41:43.061 (index):908 UPDATE_6
16:41:43.061 (index):967 WAITING_7
16:41:43.062 (index):880 NODEACCESSRELEASED_8
16:41:43.063 (index):880 NODEACCESSRELEASED_9
16:41:43.063 (index):967 WAITING_0
16:41:43.063 (index):941 NODEACCESSREQUESTED_1
16:41:43.064 (index):941 NODEACCESSREQUESTED_2
16:41:43.065 (index):880 NODEACCESSRELEASED_3
16:41:43.065 (index):967 WAITING_4
16:41:43.066 (index):908 UPDATE_5
16:41:43.066 (index):884 ATTRIBUTEACCESSRELEASED_6
16:41:43.067 (index):967 WAITING_7
16:41:43.067 (index):935 ATTRIBUTEACCESSREQUESTED_8
16:41:43.068 (index):941 NODEACCESSREQUESTED_9
16:41:43.068 (index):967 WAITING_0
16:41:43.069 (index):905 UPDATE_1
16:41:43.069 (index):905 UPDATE_2
16:41:43.070 (index):941 NODEACCESSREQUESTED_3
16:41:43.070 (index):967 WAITING_4
16:41:43.071 (index):884 ATTRIBUTEACCESSRELEASED_5
16:41:43.071 (index):941 NODEACCESSREQUESTED_6
16:41:43.072 (index):967 WAITING_7
16:41:43.072 (index):908 UPDATE_8
16:41:43.073 (index):905 UPDATE_9
16:41:43.073 (index):967 WAITING_0
16:41:43.074 (index):880 NODEACCESSRELEASED_1
16:41:43.075 (index):880 NODEACCESSRELEASED_2
16:41:43.075 (index):905 UPDATE_3
16:41:43.076 (index):967 WAITING_4
16:41:43.076 (index):941 NODEACCESSREQUESTED_5
16:41:43.077 (index):905 UPDATE_6
16:41:43.077 (index):967 WAITING_7
16:41:43.078 (index):884 ATTRIBUTEACCESSRELEASED_8
16:41:43.078 (index):880 NODEACCESSRELEASED_9
16:41:43.079 (index):967 WAITING_0
16:41:43.079 (index):935 ATTRIBUTEACCESSREQUESTED_1
16:41:43.080 (index):941 NODEACCESSREQUESTED_2
16:41:43.081 (index):880 NODEACCESSRELEASED_3
16:41:43.081 (index):967 WAITING_4
16:41:43.081 (index):905 UPDATE_5
16:41:43.082 (index):880 NODEACCESSRELEASED_6
16:41:43.083 (index):967 WAITING_7
16:41:43.083 (index):941 NODEACCESSREQUESTED_8
16:41:43.084 (index):941 NODEACCESSREQUESTED_9
16:41:43.084 (index):967 WAITING_0
16:41:43.084 (index):908 UPDATE_1
16:41:43.085 (index):905 UPDATE_2
16:41:43.085 (index):935 ATTRIBUTEACCESSREQUESTED_3
16:41:43.086 (index):967 WAITING_4
16:41:43.087 (index):880 NODEACCESSRELEASED_5
16:41:43.087 (index):941 NODEACCESSREQUESTED_6
16:41:43.088 (index):967 WAITING_7
16:41:43.088 (index):905 UPDATE_8
16:41:43.089 (index):905 UPDATE_9
16:41:43.089 (index):967 WAITING_0
16:41:43.090 (index):884 ATTRIBUTEACCESSRELEASED_1
16:41:43.091 (index):880 NODEACCESSRELEASED_2
16:41:43.091 (index):908 UPDATE_3
16:41:43.091 (index):967 WAITING_4
16:41:43.092 (index):941 NODEACCESSREQUESTED_5
16:41:43.092 (index):905 UPDATE_6
16:41:43.093 (index):967 WAITING_7
16:41:43.094 (index):880 NODEACCESSRELEASED_8
16:41:43.094 (index):880 NODEACCESSRELEASED_9
16:41:43.095 (index):967 WAITING_0
16:41:43.095 (index):941 NODEACCESSREQUESTED_1
16:41:43.096 (index):941 NODEACCESSREQUESTED_2
16:41:43.097 (index):884 ATTRIBUTEACCESSRELEASED_3
16:41:43.097 (index):967 WAITING_4
16:41:43.098 (index):905 UPDATE_5
16:41:43.098 (index):880 NODEACCESSRELEASED_6
16:41:43.099 (index):967 WAITING_7
16:41:43.099 (index):935 ATTRIBUTEACCESSREQUESTED_8
16:41:43.100 (index):935 ATTRIBUTEACCESSREQUESTED_9
16:41:43.100 (index):967 WAITING_0
16:41:43.100 (index):905 UPDATE_1
16:41:43.101 (index):905 UPDATE_2
16:41:43.101 (index):935 ATTRIBUTEACCESSREQUESTED_3
16:41:43.102 (index):967 WAITING_4
16:41:43.103 (index):880 NODEACCESSRELEASED_5
16:41:43.103 (index):935 ATTRIBUTEACCESSREQUESTED_6
16:41:43.103 (index):967 WAITING_7
16:41:43.104 (index):908 UPDATE_8
16:41:43.104 (index):908 UPDATE_9
16:41:43.105 (index):967 WAITING_0
16:41:43.105 (index):978 END_1
16:41:43.106 (index):978 END_2
16:41:43.107 (index):908 UPDATE_3
16:41:43.107 (index):967 WAITING_4
16:41:43.108 (index):941 NODEACCESSREQUESTED_5
16:41:43.108 (index):908 UPDATE_6
16:41:43.108 (index):967 WAITING_7
16:41:43.109 (index):978 END_8
16:41:43.110 (index):978 END_9
16:41:43.110 (index):967 WAITING_0
16:41:43.111 (index):978 END_3
16:41:43.112 (index):967 WAITING_4
16:41:43.112 (index):905 UPDATE_5
16:41:43.113 (index):978 END_6
16:41:43.113 (index):967 WAITING_7
16:41:43.115 (index):967 WAITING_0
16:41:43.116 (index):967 WAITING_4
16:41:43.117 (index):978 END_5
16:41:43.118 (index):880 NODEACCESSRELEASED_7
16:41:43.119 (index):905 UPDATE_0
16:41:43.121 (index):967 WAITING_4
16:41:43.123 (index):941 NODEACCESSREQUESTED_7
16:41:43.124 (index):880 NODEACCESSRELEASED_0
16:41:43.125 (index):905 UPDATE_4
16:41:43.128 (index):967 WAITING_7
16:41:43.129 (index):935 ATTRIBUTEACCESSREQUESTED_0
16:41:43.131 (index):880 NODEACCESSRELEASED_4
16:41:43.133 (index):905 UPDATE_7
16:41:43.134 (index):908 UPDATE_0
16:41:43.135 (index):935 ATTRIBUTEACCESSREQUESTED_4
16:41:43.137 (index):880 NODEACCESSRELEASED_7
16:41:43.138 (index):884 ATTRIBUTEACCESSRELEASED_0
16:41:43.140 (index):908 UPDATE_4
16:41:43.142 (index):935 ATTRIBUTEACCESSREQUESTED_7
16:41:43.143 (index):941 NODEACCESSREQUESTED_0
16:41:43.144 (index):884 ATTRIBUTEACCESSRELEASED_4
16:41:43.147 (index):908 UPDATE_7
16:41:43.148 (index):905 UPDATE_0
16:41:43.149 (index):935 ATTRIBUTEACCESSREQUESTED_4
16:41:43.152 (index):884 ATTRIBUTEACCESSRELEASED_7
16:41:43.153 (index):880 NODEACCESSRELEASED_0
16:41:43.154 (index):908 UPDATE_4
16:41:43.157 (index):941 NODEACCESSREQUESTED_7
16:41:43.158 (index):941 NODEACCESSREQUESTED_0
16:41:43.159 (index):884 ATTRIBUTEACCESSRELEASED_4
16:41:43.161 (index):905 UPDATE_7
16:41:43.162 (index):905 UPDATE_0
16:41:43.163 (index):941 NODEACCESSREQUESTED_4
16:41:43.166 (index):880 NODEACCESSRELEASED_7
16:41:43.167 (index):880 NODEACCESSRELEASED_0
16:41:43.168 (index):905 UPDATE_4
16:41:43.170 (index):941 NODEACCESSREQUESTED_7
16:41:43.171 (index):941 NODEACCESSREQUESTED_0
16:41:43.172 (index):880 NODEACCESSRELEASED_4
16:41:43.175 (index):905 UPDATE_7
16:41:43.176 (index):905 UPDATE_0
16:41:43.177 (index):941 NODEACCESSREQUESTED_4
16:41:43.180 (index):880 NODEACCESSRELEASED_7
16:41:43.181 (index):880 NODEACCESSRELEASED_0
16:41:43.181 (index):905 UPDATE_4
16:41:43.184 (index):935 ATTRIBUTEACCESSREQUESTED_7
16:41:43.185 (index):935 ATTRIBUTEACCESSREQUESTED_0
16:41:43.186 (index):978 END_4
16:41:43.189 (index):908 UPDATE_7
16:41:43.190 (index):908 UPDATE_0
16:41:43.193 (index):884 ATTRIBUTEACCESSRELEASED_7
16:41:43.194 (index):884 ATTRIBUTEACCESSRELEASED_0
16:41:43.198 (index):941 NODEACCESSREQUESTED_7
16:41:43.199 (index):941 NODEACCESSREQUESTED_0
16:41:43.202 (index):905 UPDATE_7
16:41:43.203 (index):905 UPDATE_0
16:41:43.207 (index):880 NODEACCESSRELEASED_7
16:41:43.208 (index):880 NODEACCESSRELEASED_0
16:41:43.212 (index):941 NODEACCESSREQUESTED_7
16:41:43.212 (index):941 NODEACCESSREQUESTED_0
16:41:43.216 (index):905 UPDATE_7
16:41:43.217 (index):905 UPDATE_0
16:41:43.221 (index):880 NODEACCESSRELEASED_7
16:41:43.222 (index):880 NODEACCESSRELEASED_0
16:41:43.226 (index):941 NODEACCESSREQUESTED_7
16:41:43.227 (index):935 ATTRIBUTEACCESSREQUESTED_0
16:41:43.231 (index):905 UPDATE_7
16:41:43.232 (index):908 UPDATE_0
16:41:43.236 (index):880 NODEACCESSRELEASED_7
16:41:43.236 (index):978 END_0
16:41:43.241 (index):935 ATTRIBUTEACCESSREQUESTED_7
16:41:43.245 (index):908 UPDATE_7
16:41:43.250 (index):884 ATTRIBUTEACCESSRELEASED_7
16:41:43.255 (index):941 NODEACCESSREQUESTED_7
16:41:43.260 (index):905 UPDATE_7
16:41:43.265 (index):880 NODEACCESSRELEASED_7
16:41:43.269 (index):941 NODEACCESSREQUESTED_7
16:41:43.275 (index):905 UPDATE_7
16:41:43.279 (index):880 NODEACCESSRELEASED_7
16:41:43.284 (index):935 ATTRIBUTEACCESSREQUESTED_7
16:41:43.289 (index):908 UPDATE_7
16:41:43.294 (index):884 ATTRIBUTEACCESSRELEASED_7
16:41:43.298 (index):941 NODEACCESSREQUESTED_7
16:41:43.303 (index):905 UPDATE_7
16:41:43.308 (index):978 END_7
