16:41:42.107 (index):3492 Tasks: 25; Collaborators: 10    =========================>
16:41:42.107 (index):941 NODEACCESSREQUESTED_0
16:41:42.108 (index):941 NODEACCESSREQUESTED_1
16:41:42.108 (index):935 ATTRIBUTEACCESSREQUESTED_2
16:41:42.109 (index):935 ATTRIBUTEACCESSREQUESTED_3
16:41:42.109 (index):935 ATTRIBUTEACCESSREQUESTED_4
16:41:42.110 (index):935 ATTRIBUTEACCESSREQUESTED_5
16:41:42.110 (index):941 NODEACCESSREQUESTED_6
16:41:42.111 (index):941 NODEACCESSREQUESTED_7
16:41:42.111 (index):935 ATTRIBUTEACCESSREQUESTED_8
16:41:42.112 (index):935 ATTRIBUTEACCESSREQUESTED_9
16:41:42.112 (index):880 NODEACCESSRELEASED_0
16:41:42.113 (index):880 NODEACCESSRELEASED_1
16:41:42.113 (index):884 ATTRIBUTEACCESSRELEASED_2
16:41:42.114 (index):884 ATTRIBUTEACCESSRELEASED_3
16:41:42.114 (index):884 ATTRIBUTEACCESSRELEASED_4
16:41:42.115 (index):884 ATTRIBUTEACCESSRELEASED_5
16:41:42.115 (index):880 NODEACCESSRELEASED_6
16:41:42.116 (index):880 NODEACCESSRELEASED_7
16:41:42.116 (index):884 ATTRIBUTEACCESSRELEASED_8
16:41:42.117 (index):884 ATTRIBUTEACCESSRELEASED_9
16:41:42.117 (index):941 NODEACCESSREQUESTED_0
16:41:42.118 (index):941 NODEACCESSREQUESTED_1
16:41:42.118 (index):935 ATTRIBUTEACCESSREQUESTED_2
16:41:42.119 (index):935 ATTRIBUTEACCESSREQUESTED_3
16:41:42.119 (index):935 ATTRIBUTEACCESSREQUESTED_4
16:41:42.120 (index):935 ATTRIBUTEACCESSREQUESTED_5
16:41:42.120 (index):941 NODEACCESSREQUESTED_6
16:41:42.121 (index):941 NODEACCESSREQUESTED_7
16:41:42.121 (index):935 ATTRIBUTEACCESSREQUESTED_8
16:41:42.122 (index):935 ATTRIBUTEACCESSREQUESTED_9
16:41:42.122 (index):905 UPDATE_0
16:41:42.123 (index):905 UPDATE_1
16:41:42.123 (index):908 UPDATE_2
16:41:42.124 (index):908 UPDATE_3
16:41:42.124 (index):908 UPDATE_4
16:41:42.125 (index):908 UPDATE_5
16:41:42.125 (index):967 WAITING_6
16:41:42.126 (index):905 UPDATE_7
16:41:42.126 (index):908 UPDATE_8
16:41:42.126 (index):908 UPDATE_9
16:41:42.127 (index):880 NODEACCESSRELEASED_0
16:41:42.128 (index):880 NODEACCESSRELEASED_1
16:41:42.128 (index):884 ATTRIBUTEACCESSRELEASED_2
16:41:42.129 (index):884 ATTRIBUTEACCESSRELEASED_3
16:41:42.129 (index):884 ATTRIBUTEACCESSRELEASED_4
16:41:42.130 (index):884 ATTRIBUTEACCESSRELEASED_5
16:41:42.130 (index):905 UPDATE_6
16:41:42.131 (index):880 NODEACCESSRELEASED_7
16:41:42.131 (index):884 ATTRIBUTEACCESSRELEASED_8
16:41:42.132 (index):884 ATTRIBUTEACCESSRELEASED_9
16:41:42.132 (index):941 NODEACCESSREQUESTED_0
16:41:42.133 (index):941 NODEACCESSREQUESTED_1
16:41:42.133 (index):941 NODEACCESSREQUESTED_2
16:41:42.134 (index):941 NODEACCESSREQUESTED_3
16:41:42.134 (index):935 ATTRIBUTEACCESSREQUESTED_4
16:41:42.135 (index):941 NODEACCESSREQUESTED_5
16:41:42.135 (index):880 NODEACCESSRELEASED_6
16:41:42.136 (index):935 ATTRIBUTEACCESSREQUESTED_7
16:41:42.136 (index):941 NODEACCESSREQUESTED_8
16:41:42.137 (index):941 NODEACCESSREQUESTED_9
16:41:42.137 (index):905 UPDATE_0
16:41:42.138 (index):905 UPDATE_1
16:41:42.138 (index):905 UPDATE_2
16:41:42.139 (index):905 UPDATE_3
16:41:42.139 (index):908 UPDATE_4
16:41:42.140 (index):905 UPDATE_5
16:41:42.140 (index):941 NODEACCESSREQUESTED_6
16:41:42.141 (index):908 UPDATE_7
16:41:42.142 (index):905 UPDATE_8
16:41:42.142 (index):905 UPDATE_9
16:41:42.143 (index):880 NODEACCESSRELEASED_0
16:41:42.144 (index):880 NODEACCESSRELEASED_1
16:41:42.144 (index):880 NODEACCESSRELEASED_2
16:41:42.145 (index):880 NODEACCESSRELEASED_3
16:41:42.146 (index):884 ATTRIBUTEACCESSRELEASED_4
16:41:42.147 (index):880 NODEACCESSRELEASED_5
16:41:42.147 (index):905 UPDATE_6
16:41:42.148 (index):884 ATTRIBUTEACCESSRELEASED_7
16:41:42.149 (index):880 NODEACCESSRELEASED_8
16:41:42.149 (index):880 NODEACCESSRELEASED_9
16:41:42.150 (index):935 ATTRIBUTEACCESSREQUESTED_0
16:41:42.151 (index):941 NODEACCESSREQUESTED_1
16:41:42.152 (index):941 NODEACCESSREQUESTED_2
16:41:42.153 (index):941 NODEACCESSREQUESTED_3
16:41:42.153 (index):941 NODEACCESSREQUESTED_4
16:41:42.154 (index):941 NODEACCESSREQUESTED_5
16:41:42.154 (index):880 NODEACCESSRELEASED_6
16:41:42.155 (index):941 NODEACCESSREQUESTED_7
16:41:42.155 (index):941 NODEACCESSREQUESTED_8
16:41:42.156 (index):941 NODEACCESSREQUESTED_9
16:41:42.156 (index):908 UPDATE_0
16:41:42.157 (index):905 UPDATE_1
16:41:42.157 (index):905 UPDATE_2
16:41:42.158 (index):905 UPDATE_3
16:41:42.158 (index):905 UPDATE_4
16:41:42.159 (index):905 UPDATE_5
16:41:42.159 (index):941 NODEACCESSREQUESTED_6
16:41:42.160 (index):967 WAITING_7
16:41:42.160 (index):967 WAITING_8
16:41:42.161 (index):905 UPDATE_9
16:41:42.161 (index):884 ATTRIBUTEACCESSRELEASED_0
16:41:42.162 (index):880 NODEACCESSRELEASED_1
16:41:42.163 (index):880 NODEACCESSRELEASED_2
16:41:42.163 (index):880 NODEACCESSRELEASED_3
16:41:42.164 (index):880 NODEACCESSRELEASED_4
16:41:42.164 (index):880 NODEACCESSRELEASED_5
16:41:42.165 (index):905 UPDATE_6
16:41:42.165 (index):905 UPDATE_7
16:41:42.166 (index):967 WAITING_8
16:41:42.166 (index):880 NODEACCESSRELEASED_9
16:41:42.167 (index):941 NODEACCESSREQUESTED_0
16:41:42.168 (index):941 NODEACCESSREQUESTED_1
16:41:42.169 (index):941 NODEACCESSREQUESTED_2
16:41:42.170 (index):935 ATTRIBUTEACCESSREQUESTED_3
16:41:42.171 (index):935 ATTRIBUTEACCESSREQUESTED_4
16:41:42.172 (index):935 ATTRIBUTEACCESSREQUESTED_5
16:41:42.173 (index):880 NODEACCESSRELEASED_6
16:41:42.173 (index):880 NODEACCESSRELEASED_7
16:41:42.174 (index):967 WAITING_8
16:41:42.174 (index):941 NODEACCESSREQUESTED_9
16:41:42.175 (index):905 UPDATE_0
16:41:42.175 (index):905 UPDATE_1
16:41:42.176 (index):905 UPDATE_2
16:41:42.176 (index):908 UPDATE_3
16:41:42.177 (index):908 UPDATE_4
16:41:42.177 (index):908 UPDATE_5
16:41:42.178 (index):941 NODEACCESSREQUESTED_6
16:41:42.178 (index):941 NODEACCESSREQUESTED_7
16:41:42.179 (index):967 WAITING_8
16:41:42.179 (index):905 UPDATE_9
16:41:42.180 (index):880 NODEACCESSRELEASED_0
16:41:42.180 (index):880 NODEACCESSRELEASED_1
16:41:42.181 (index):880 NODEACCESSRELEASED_2
16:41:42.182 (index):884 ATTRIBUTEACCESSRELEASED_3
16:41:42.182 (index):884 ATTRIBUTEACCESSRELEASED_4
16:41:42.183 (index):884 ATTRIBUTEACCESSRELEASED_5
16:41:42.183 (index):905 UPDATE_6
16:41:42.184 (index):905 UPDATE_7
16:41:42.184 (index):967 WAITING_8
16:41:42.185 (index):880 NODEACCESSRELEASED_9
16:41:42.185 (index):941 NODEACCESSREQUESTED_0
16:41:42.186 (index):935 ATTRIBUTEACCESSREQUESTED_1
16:41:42.186 (index):935 ATTRIBUTEACCESSREQUESTED_2
16:41:42.187 (index):935 ATTRIBUTEACCESSREQUESTED_3
16:41:42.187 (index):941 NODEACCESSREQUESTED_4
16:41:42.188 (index):941 NODEACCESSREQUESTED_5
16:41:42.188 (index):880 NODEACCESSRELEASED_6
16:41:42.189 (index):880 NODEACCESSRELEASED_7
16:41:42.190 (index):967 WAITING_8
16:41:42.190 (index):935 ATTRIBUTEACCESSREQUESTED_9
16:41:42.190 (index):905 UPDATE_0
16:41:42.191 (index):908 UPDATE_1
16:41:42.191 (index):908 UPDATE_2
16:41:42.192 (index):908 UPDATE_3
16:41:42.192 (index):905 UPDATE_4
16:41:42.193 (index):967 WAITING_5
16:41:42.193 (index):941 NODEACCESSREQUESTED_6
16:41:42.194 (index):935 ATTRIBUTEACCESSREQUESTED_7
16:41:42.194 (index):967 WAITING_8
16:41:42.195 (index):908 UPDATE_9
16:41:42.195 (index):880 NODEACCESSRELEASED_0
16:41:42.196 (index):884 ATTRIBUTEACCESSRELEASED_1
16:41:42.196 (index):884 ATTRIBUTEACCESSRELEASED_2
16:41:42.197 (index):884 ATTRIBUTEACCESSRELEASED_3
16:41:42.198 (index):880 NODEACCESSRELEASED_4
16:41:42.198 (index):905 UPDATE_5
16:41:42.199 (index):905 UPDATE_6
16:41:42.199 (index):908 UPDATE_7
16:41:42.200 (index):967 WAITING_8
16:41:42.200 (index):884 ATTRIBUTEACCESSRELEASED_9
16:41:42.201 (index):935 ATTRIBUTEACCESSREQUESTED_0
16:41:42.201 (index):935 ATTRIBUTEACCESSREQUESTED_1
16:41:42.202 (index):935 ATTRIBUTEACCESSREQUESTED_2
16:41:42.202 (index):941 NODEACCESSREQUESTED_3
16:41:42.203 (index):941 NODEACCESSREQUESTED_4
16:41:42.203 (index):880 NODEACCESSRELEASED_5
16:41:42.204 (index):880 NODEACCESSRELEASED_6
16:41:42.205 (index):884 ATTRIBUTEACCESSRELEASED_7
16:41:42.205 (index):967 WAITING_8
16:41:42.206 (index):941 NODEACCESSREQUESTED_9
16:41:42.206 (index):908 UPDATE_0
16:41:42.207 (index):908 UPDATE_1
16:41:42.207 (index):908 UPDATE_2
16:41:42.208 (index):905 UPDATE_3
16:41:42.208 (index):905 UPDATE_4
16:41:42.209 (index):941 NODEACCESSREQUESTED_5
16:41:42.209 (index):941 NODEACCESSREQUESTED_6
16:41:42.210 (index):941 NODEACCESSREQUESTED_7
16:41:42.210 (index):967 WAITING_8
16:41:42.211 (index):905 UPDATE_9
16:41:42.211 (index):884 ATTRIBUTEACCESSRELEASED_0
16:41:42.212 (index):884 ATTRIBUTEACCESSRELEASED_1
16:41:42.212 (index):884 ATTRIBUTEACCESSRELEASED_2
16:41:42.213 (index):880 NODEACCESSRELEASED_3
16:41:42.214 (index):880 NODEACCESSRELEASED_4
16:41:42.214 (index):905 UPDATE_5
16:41:42.214 (index):905 UPDATE_6
16:41:42.215 (index):905 UPDATE_7
16:41:42.215 (index):967 WAITING_8
16:41:42.216 (index):880 NODEACCESSRELEASED_9
16:41:42.216 (index):941 NODEACCESSREQUESTED_0
16:41:42.217 (index):941 NODEACCESSREQUESTED_1
16:41:42.218 (index):941 NODEACCESSREQUESTED_2
16:41:42.218 (index):935 ATTRIBUTEACCESSREQUESTED_3
16:41:42.219 (index):941 NODEACCESSREQUESTED_4
16:41:42.219 (index):880 NODEACCESSRELEASED_5
16:41:42.220 (index):880 NODEACCESSRELEASED_6
16:41:42.221 (index):880 NODEACCESSRELEASED_7
16:41:42.221 (index):967 WAITING_8
16:41:42.221 (index):935 ATTRIBUTEACCESSREQUESTED_9
16:41:42.222 (index):905 UPDATE_0
16:41:42.222 (index):905 UPDATE_1
16:41:42.223 (index):905 UPDATE_2
16:41:42.223 (index):908 UPDATE_3
16:41:42.224 (index):905 UPDATE_4
16:41:42.224 (index):941 NODEACCESSREQUESTED_5
16:41:42.225 (index):941 NODEACCESSREQUESTED_6
16:41:42.225 (index):941 NODEACCESSREQUESTED_7
16:41:42.226 (index):967 WAITING_8
16:41:42.227 (index):908 UPDATE_9
16:41:42.227 (index):880 NODEACCESSRELEASED_0
16:41:42.228 (index):880 NODEACCESSRELEASED_1
16:41:42.229 (index):880 NODEACCESSRELEASED_2
16:41:42.229 (index):884 ATTRIBUTEACCESSRELEASED_3
16:41:42.230 (index):880 NODEACCESSRELEASED_4
16:41:42.230 (index):905 UPDATE_5
16:41:42.231 (index):905 UPDATE_6
16:41:42.231 (index):905 UPDATE_7
16:41:42.232 (index):967 WAITING_8
16:41:42.232 (index):884 ATTRIBUTEACCESSRELEASED_9
16:41:42.233 (index):941 NODEACCESSREQUESTED_0
16:41:42.233 (index):941 NODEACCESSREQUESTED_1
16:41:42.234 (index):935 ATTRIBUTEACCESSREQUESTED_2
16:41:42.234 (index):941 NODEACCESSREQUESTED_3
16:41:42.235 (index):935 ATTRIBUTEACCESSREQUESTED_4
16:41:42.236 (index):880 NODEACCESSRELEASED_5
16:41:42.236 (index):880 NODEACCESSRELEASED_6
16:41:42.237 (index):880 NODEACCESSRELEASED_7
16:41:42.237 (index):967 WAITING_8
16:41:42.238 (index):941 NODEACCESSREQUESTED_9
16:41:42.238 (index):905 UPDATE_0
16:41:42.239 (index):905 UPDATE_1
16:41:42.239 (index):908 UPDATE_2
16:41:42.240 (index):905 UPDATE_3
16:41:42.240 (index):908 UPDATE_4
16:41:42.241 (index):935 ATTRIBUTEACCESSREQUESTED_5
16:41:42.241 (index):941 NODEACCESSREQUESTED_6
16:41:42.242 (index):941 NODEACCESSREQUESTED_7
16:41:42.242 (index):967 WAITING_8
16:41:42.243 (index):905 UPDATE_9
16:41:42.243 (index):880 NODEACCESSRELEASED_0
16:41:42.244 (index):880 NODEACCESSRELEASED_1
16:41:42.244 (index):884 ATTRIBUTEACCESSRELEASED_2
16:41:42.245 (index):880 NODEACCESSRELEASED_3
16:41:42.245 (index):884 ATTRIBUTEACCESSRELEASED_4
16:41:42.246 (index):908 UPDATE_5
16:41:42.246 (index):905 UPDATE_6
16:41:42.247 (index):905 UPDATE_7
16:41:42.247 (index):967 WAITING_8
16:41:42.248 (index):880 NODEACCESSRELEASED_9
16:41:42.248 (index):941 NODEACCESSREQUESTED_0
16:41:42.249 (index):941 NODEACCESSREQUESTED_1
16:41:42.249 (index):935 ATTRIBUTEACCESSREQUESTED_2
16:41:42.250 (index):941 NODEACCESSREQUESTED_3
16:41:42.251 (index):941 NODEACCESSREQUESTED_4
16:41:42.251 (index):884 ATTRIBUTEACCESSRELEASED_5
16:41:42.252 (index):880 NODEACCESSRELEASED_6
16:41:42.253 (index):880 NODEACCESSRELEASED_7
16:41:42.254 (index):967 WAITING_8
16:41:42.254 (index):941 NODEACCESSREQUESTED_9
16:41:42.255 (index):967 WAITING_0
16:41:42.255 (index):905 UPDATE_1
16:41:42.255 (index):908 UPDATE_2
16:41:42.256 (index):905 UPDATE_3
16:41:42.256 (index):967 WAITING_4
16:41:42.257 (index):941 NODEACCESSREQUESTED_5
16:41:42.257 (index):941 NODEACCESSREQUESTED_6
16:41:42.258 (index):935 ATTRIBUTEACCESSREQUESTED_7
16:41:42.258 (index):967 WAITING_8
16:41:42.259 (index):905 UPDATE_9
16:41:42.259 (index):967 WAITING_0
16:41:42.260 (index):880 NODEACCESSRELEASED_1
16:41:42.261 (index):884 ATTRIBUTEACCESSRELEASED_2
16:41:42.262 (index):880 NODEACCESSRELEASED_3
16:41:42.262 (index):967 WAITING_4
16:41:42.263 (index):905 UPDATE_5
16:41:42.263 (index):905 UPDATE_6
16:41:42.264 (index):908 UPDATE_7
16:41:42.264 (index):967 WAITING_8
16:41:42.265 (index):880 NODEACCESSRELEASED_9
16:41:42.265 (index):967 WAITING_0
16:41:42.266 (index):941 NODEACCESSREQUESTED_1
16:41:42.266 (index):935 ATTRIBUTEACCESSREQUESTED_2
16:41:42.267 (index):941 NODEACCESSREQUESTED_3
16:41:42.267 (index):967 WAITING_4
16:41:42.268 (index):880 NODEACCESSRELEASED_5
16:41:42.269 (index):880 NODEACCESSRELEASED_6
16:41:42.270 (index):884 ATTRIBUTEACCESSRELEASED_7
16:41:42.270 (index):967 WAITING_8
16:41:42.270 (index):941 NODEACCESSREQUESTED_9
16:41:42.271 (index):967 WAITING_0
16:41:42.271 (index):905 UPDATE_1
16:41:42.272 (index):908 UPDATE_2
16:41:42.272 (index):905 UPDATE_3
16:41:42.273 (index):967 WAITING_4
16:41:42.273 (index):935 ATTRIBUTEACCESSREQUESTED_5
16:41:42.274 (index):935 ATTRIBUTEACCESSREQUESTED_6
16:41:42.274 (index):941 NODEACCESSREQUESTED_7
16:41:42.275 (index):967 WAITING_8
16:41:42.275 (index):905 UPDATE_9
16:41:42.276 (index):967 WAITING_0
16:41:42.276 (index):880 NODEACCESSRELEASED_1
16:41:42.277 (index):884 ATTRIBUTEACCESSRELEASED_2
16:41:42.278 (index):880 NODEACCESSRELEASED_3
16:41:42.278 (index):967 WAITING_4
16:41:42.279 (index):908 UPDATE_5
16:41:42.279 (index):908 UPDATE_6
16:41:42.280 (index):905 UPDATE_7
16:41:42.280 (index):967 WAITING_8
16:41:42.281 (index):880 NODEACCESSRELEASED_9
16:41:42.282 (index):967 WAITING_0
16:41:42.282 (index):941 NODEACCESSREQUESTED_1
16:41:42.283 (index):941 NODEACCESSREQUESTED_2
16:41:42.283 (index):941 NODEACCESSREQUESTED_3
16:41:42.284 (index):967 WAITING_4
16:41:42.285 (index):884 ATTRIBUTEACCESSRELEASED_5
16:41:42.286 (index):884 ATTRIBUTEACCESSRELEASED_6
16:41:42.287 (index):880 NODEACCESSRELEASED_7
16:41:42.287 (index):967 WAITING_8
16:41:42.288 (index):941 NODEACCESSREQUESTED_9
16:41:42.288 (index):967 WAITING_0
16:41:42.289 (index):905 UPDATE_1
16:41:42.289 (index):905 UPDATE_2
16:41:42.290 (index):905 UPDATE_3
16:41:42.290 (index):967 WAITING_4
16:41:42.291 (index):941 NODEACCESSREQUESTED_5
16:41:42.291 (index):941 NODEACCESSREQUESTED_6
16:41:42.292 (index):941 NODEACCESSREQUESTED_7
16:41:42.292 (index):967 WAITING_8
16:41:42.293 (index):905 UPDATE_9
16:41:42.293 (index):967 WAITING_0
16:41:42.294 (index):880 NODEACCESSRELEASED_1
16:41:42.295 (index):880 NODEACCESSRELEASED_2
16:41:42.296 (index):880 NODEACCESSRELEASED_3
16:41:42.296 (index):967 WAITING_4
16:41:42.297 (index):905 UPDATE_5
16:41:42.297 (index):967 WAITING_6
16:41:42.298 (index):905 UPDATE_7
16:41:42.298 (index):967 WAITING_8
16:41:42.299 (index):880 NODEACCESSRELEASED_9
16:41:42.299 (index):967 WAITING_0
16:41:42.300 (index):935 ATTRIBUTEACCESSREQUESTED_1
16:41:42.300 (index):941 NODEACCESSREQUESTED_2
16:41:42.301 (index):935 ATTRIBUTEACCESSREQUESTED_3
16:41:42.301 (index):967 WAITING_4
16:41:42.302 (index):880 NODEACCESSRELEASED_5
16:41:42.303 (index):905 UPDATE_6
16:41:42.304 (index):880 NODEACCESSRELEASED_7
16:41:42.304 (index):967 WAITING_8
16:41:42.304 (index):941 NODEACCESSREQUESTED_9
16:41:42.305 (index):967 WAITING_0
16:41:42.305 (index):908 UPDATE_1
16:41:42.306 (index):905 UPDATE_2
16:41:42.306 (index):967 WAITING_3
16:41:42.307 (index):967 WAITING_4
16:41:42.307 (index):941 NODEACCESSREQUESTED_5
16:41:42.308 (index):880 NODEACCESSRELEASED_6
16:41:42.309 (index):935 ATTRIBUTEACCESSREQUESTED_7
16:41:42.309 (index):967 WAITING_8
16:41:42.310 (index):905 UPDATE_9
16:41:42.310 (index):967 WAITING_0
16:41:42.311 (index):884 ATTRIBUTEACCESSRELEASED_1
16:41:42.312 (index):880 NODEACCESSRELEASED_2
16:41:42.312 (index):908 UPDATE_3
16:41:42.312 (index):967 WAITING_4
16:41:42.313 (index):905 UPDATE_5
16:41:42.313 (index):941 NODEACCESSREQUESTED_6
16:41:42.314 (index):908 UPDATE_7
16:41:42.314 (index):967 WAITING_8
16:41:42.315 (index):880 NODEACCESSRELEASED_9
16:41:42.316 (index):967 WAITING_0
16:41:42.316 (index):941 NODEACCESSREQUESTED_1
16:41:42.317 (index):941 NODEACCESSREQUESTED_2
16:41:42.317 (index):884 ATTRIBUTEACCESSRELEASED_3
16:41:42.318 (index):967 WAITING_4
16:41:42.319 (index):880 NODEACCESSRELEASED_5
16:41:42.319 (index):905 UPDATE_6
16:41:42.320 (index):884 ATTRIBUTEACCESSRELEASED_7
16:41:42.320 (index):967 WAITING_8
16:41:42.321 (index):935 ATTRIBUTEACCESSREQUESTED_9
16:41:42.321 (index):967 WAITING_0
16:41:42.322 (index):905 UPDATE_1
16:41:42.322 (index):905 UPDATE_2
16:41:42.323 (index):935 ATTRIBUTEACCESSREQUESTED_3
16:41:42.323 (index):967 WAITING_4
16:41:42.323 (index):941 NODEACCESSREQUESTED_5
16:41:42.324 (index):880 NODEACCESSRELEASED_6
16:41:42.325 (index):941 NODEACCESSREQUESTED_7
16:41:42.325 (index):967 WAITING_8
16:41:42.326 (index):908 UPDATE_9
16:41:42.326 (index):967 WAITING_0
16:41:42.327 (index):978 END_1
16:41:42.328 (index):978 END_2
16:41:42.328 (index):908 UPDATE_3
16:41:42.329 (index):967 WAITING_4
16:41:42.329 (index):905 UPDATE_5
16:41:42.330 (index):935 ATTRIBUTEACCESSREQUESTED_6
16:41:42.330 (index):905 UPDATE_7
16:41:42.331 (index):967 WAITING_8
16:41:42.331 (index):978 END_9
16:41:42.332 (index):967 WAITING_0
16:41:42.333 (index):978 END_3
16:41:42.334 (index):967 WAITING_4
16:41:42.334 (index):978 END_5
16:41:42.335 (index):908 UPDATE_6
16:41:42.335 (index):978 END_7
16:41:42.336 (index):905 UPDATE_8
16:41:42.337 (index):967 WAITING_0
16:41:42.338 (index):967 WAITING_4
16:41:42.339 (index):978 END_6
16:41:42.341 (index):880 NODEACCESSRELEASED_8
16:41:42.342 (index):905 UPDATE_0
16:41:42.343 (index):967 WAITING_4
16:41:42.346 (index):935 ATTRIBUTEACCESSREQUESTED_8
16:41:42.347 (index):880 NODEACCESSRELEASED_0
16:41:42.347 (index):905 UPDATE_4
16:41:42.351 (index):967 WAITING_8
16:41:42.352 (index):935 ATTRIBUTEACCESSREQUESTED_0
16:41:42.352 (index):880 NODEACCESSRELEASED_4
16:41:42.355 (index):908 UPDATE_8
16:41:42.356 (index):967 WAITING_0
16:41:42.357 (index):935 ATTRIBUTEACCESSREQUESTED_4
16:41:42.360 (index):884 ATTRIBUTEACCESSRELEASED_8
16:41:42.361 (index):908 UPDATE_0
16:41:42.361 (index):908 UPDATE_4
16:41:42.364 (index):941 NODEACCESSREQUESTED_8
16:41:42.365 (index):884 ATTRIBUTEACCESSRELEASED_0
16:41:42.366 (index):884 ATTRIBUTEACCESSRELEASED_4
16:41:42.369 (index):905 UPDATE_8
16:41:42.370 (index):941 NODEACCESSREQUESTED_0
16:41:42.370 (index):935 ATTRIBUTEACCESSREQUESTED_4
16:41:42.374 (index):880 NODEACCESSRELEASED_8
16:41:42.374 (index):905 UPDATE_0
16:41:42.375 (index):908 UPDATE_4
16:41:42.378 (index):941 NODEACCESSREQUESTED_8
16:41:42.379 (index):880 NODEACCESSRELEASED_0
16:41:42.380 (index):884 ATTRIBUTEACCESSRELEASED_4
16:41:42.383 (index):905 UPDATE_8
16:41:42.384 (index):941 NODEACCESSREQUESTED_0
16:41:42.385 (index):941 NODEACCESSREQUESTED_4
16:41:42.388 (index):880 NODEACCESSRELEASED_8
16:41:42.389 (index):905 UPDATE_0
16:41:42.390 (index):905 UPDATE_4
16:41:42.393 (index):941 NODEACCESSREQUESTED_8
16:41:42.394 (index):880 NODEACCESSRELEASED_0
16:41:42.395 (index):880 NODEACCESSRELEASED_4
16:41:42.402 (index):905 UPDATE_8
16:41:42.403 (index):935 ATTRIBUTEACCESSREQUESTED_0
16:41:42.403 (index):941 NODEACCESSREQUESTED_4
16:41:42.407 (index):880 NODEACCESSRELEASED_8
16:41:42.408 (index):908 UPDATE_0
16:41:42.408 (index):905 UPDATE_4
16:41:42.412 (index):941 NODEACCESSREQUESTED_8
16:41:42.412 (index):978 END_0
16:41:42.413 (index):978 END_4
16:41:42.417 (index):905 UPDATE_8
16:41:42.421 (index):880 NODEACCESSRELEASED_8
16:41:42.426 (index):941 NODEACCESSREQUESTED_8
16:41:42.431 (index):905 UPDATE_8
16:41:42.435 (index):880 NODEACCESSRELEASED_8
16:41:42.440 (index):941 NODEACCESSREQUESTED_8
16:41:42.444 (index):905 UPDATE_8
16:41:42.449 (index):880 NODEACCESSRELEASED_8
16:41:42.454 (index):935 ATTRIBUTEACCESSREQUESTED_8
16:41:42.458 (index):908 UPDATE_8
16:41:42.463 (index):884 ATTRIBUTEACCESSRELEASED_8
16:41:42.467 (index):941 NODEACCESSREQUESTED_8
16:41:42.472 (index):905 UPDATE_8
16:41:42.477 (index):880 NODEACCESSRELEASED_8
16:41:42.481 (index):935 ATTRIBUTEACCESSREQUESTED_8
16:41:42.486 (index):908 UPDATE_8
16:41:42.491 (index):978 END_8
