16:41:42.492 (index):3492 Tasks: 25; Collaborators: 10    =========================>
16:41:42.492 (index):941 NODEACCESSREQUESTED_0
16:41:42.493 (index):941 NODEACCESSREQUESTED_1
16:41:42.493 (index):935 ATTRIBUTEACCESSREQUESTED_2
16:41:42.494 (index):935 ATTRIBUTEACCESSREQUESTED_3
16:41:42.494 (index):935 ATTRIBUTEACCESSREQUESTED_4
16:41:42.495 (index):935 ATTRIBUTEACCESSREQUESTED_5
16:41:42.495 (index):941 NODEACCESSREQUESTED_6
16:41:42.496 (index):941 NODEACCESSREQUESTED_7
16:41:42.496 (index):935 ATTRIBUTEACCESSREQUESTED_8
16:41:42.497 (index):935 ATTRIBUTEACCESSREQUESTED_9
16:41:42.497 (index):880 NODEACCESSRELEASED_0
16:41:42.498 (index):880 NODEACCESSRELEASED_1
16:41:42.498 (index):884 ATTRIBUTEACCESSRELEASED_2
16:41:42.499 (index):884 ATTRIBUTEACCESSRELEASED_3
16:41:42.499 (index):884 ATTRIBUTEACCESSRELEASED_4
16:41:42.500 (index):884 ATTRIBUTEACCESSRELEASED_5
16:41:42.500 (index):880 NODEACCESSRELEASED_6
16:41:42.501 (index):880 NODEACCESSRELEASED_7
16:41:42.501 (index):884 ATTRIBUTEACCESSRELEASED_8
16:41:42.502 (index):884 ATTRIBUTEACCESSRELEASED_9
16:41:42.502 (index):941 NODEACCESSREQUESTED_0
16:41:42.503 (index):941 NODEACCESSREQUESTED_1
16:41:42.503 (index):935 ATTRIBUTEACCESSREQUESTED_2
16:41:42.504 (index):935 ATTRIBUTEACCESSREQUESTED_3
16:41:42.504 (index):935 ATTRIBUTEACCESSREQUESTED_4
16:41:42.505 (index):935 ATTRIBUTEACCESSREQUESTED_5
16:41:42.505 (index):941 NODEACCESSREQUESTED_6
16:41:42.506 (index):941 NODEACCESSREQUESTED_7
16:41:42.506 (index):935 ATTRIBUTEACCESSREQUESTED_8
16:41:42.507 (index):935 ATTRIBUTEACCESSREQUESTED_9
16:41:42.507 (index):905 UPDATE_0
16:41:42.507 (index):905 UPDATE_1
16:41:42.508 (index):908 UPDATE_2
16:41:42.508 (index):908 UPDATE_3
16:41:42.509 (index):908 UPDATE_4
16:41:42.509 (index):908 UPDATE_5
16:41:42.510 (index):905 UPDATE_6
16:41:42.510 (index):905 UPDATE_7
16:41:42.511 (index):908 UPDATE_8
16:41:42.512 (index):908 UPDATE_9
16:41:42.513 (index):880 NODEACCESSRELEASED_0
16:41:42.514 (index):880 NODEACCESSRELEASED_1
16:41:42.515 (index):884 ATTRIBUTEACCESSRELEASED_2
16:41:42.515 (index):884 ATTRIBUTEACCESSRELEASED_3
16:41:42.516 (index):884 ATTRIBUTEACCESSRELEASED_4
16:41:42.516 (index):884 ATTRIBUTEACCESSRELEASED_5
16:41:42.517 (index):880 NODEACCESSRELEASED_6
16:41:42.517 (index):880 NODEACCESSRELEASED_7
16:41:42.518 (index):884 ATTRIBUTEACCESSRELEASED_8
16:41:42.518 (index):884 ATTRIBUTEACCESSRELEASED_9
16:41:42.519 (index):941 NODEACCESSREQUESTED_0
16:41:42.519 (index):941 NODEACCESSREQUESTED_1
16:41:42.520 (index):941 NODEACCESSREQUESTED_2
16:41:42.520 (index):941 NODEACCESSREQUESTED_3
16:41:42.521 (index):935 ATTRIBUTEACCESSREQUESTED_4
16:41:42.521 (index):941 NODEACCESSREQUESTED_5
16:41:42.522 (index):941 NODEACCESSREQUESTED_6
16:41:42.522 (index):935 ATTRIBUTEACCESSREQUESTED_7
16:41:42.523 (index):941 NODEACCESSREQUESTED_8
16:41:42.523 (index):941 NODEACCESSREQUESTED_9
16:41:42.524 (index):905 UPDATE_0
16:41:42.524 (index):905 UPDATE_1
16:41:42.525 (index):905 UPDATE_2
16:41:42.525 (index):967 WAITING_3
16:41:42.526 (index):908 UPDATE_4
16:41:42.526 (index):905 UPDATE_5
16:41:42.526 (index):905 UPDATE_6
16:41:42.527 (index):908 UPDATE_7
16:41:42.527 (index):905 UPDATE_8
16:41:42.528 (index):905 UPDATE_9
16:41:42.529 (index):880 NODEACCESSRELEASED_0
16:41:42.529 (index):880 NODEACCESSRELEASED_1
16:41:42.530 (index):880 NODEACCESSRELEASED_2
16:41:42.531 (index):905 UPDATE_3
16:41:42.531 (index):884 ATTRIBUTEACCESSRELEASED_4
16:41:42.532 (index):880 NODEACCESSRELEASED_5
16:41:42.533 (index):880 NODEACCESSRELEASED_6
16:41:42.533 (index):884 ATTRIBUTEACCESSRELEASED_7
16:41:42.534 (index):880 NODEACCESSRELEASED_8
16:41:42.535 (index):880 NODEACCESSRELEASED_9
16:41:42.535 (index):935 ATTRIBUTEACCESSREQUESTED_0
16:41:42.536 (index):941 NODEACCESSREQUESTED_1
16:41:42.537 (index):941 NODEACCESSREQUESTED_2
16:41:42.538 (index):880 NODEACCESSRELEASED_3
16:41:42.538 (index):941 NODEACCESSREQUESTED_4
16:41:42.539 (index):941 NODEACCESSREQUESTED_5
16:41:42.540 (index):941 NODEACCESSREQUESTED_6
16:41:42.541 (index):941 NODEACCESSREQUESTED_7
16:41:42.541 (index):941 NODEACCESSREQUESTED_8
16:41:42.542 (index):941 NODEACCESSREQUESTED_9
16:41:42.543 (index):908 UPDATE_0
16:41:42.543 (index):905 UPDATE_1
16:41:42.544 (index):905 UPDATE_2
16:41:42.545 (index):941 NODEACCESSREQUESTED_3
16:41:42.545 (index):905 UPDATE_4
16:41:42.546 (index):905 UPDATE_5
16:41:42.547 (index):905 UPDATE_6
16:41:42.547 (index):905 UPDATE_7
16:41:42.548 (index):905 UPDATE_8
16:41:42.548 (index):967 WAITING_9
16:41:42.549 (index):884 ATTRIBUTEACCESSRELEASED_0
16:41:42.550 (index):880 NODEACCESSRELEASED_1
16:41:42.551 (index):880 NODEACCESSRELEASED_2
16:41:42.551 (index):967 WAITING_3
16:41:42.553 (index):880 NODEACCESSRELEASED_4
16:41:42.553 (index):880 NODEACCESSRELEASED_5
16:41:42.554 (index):880 NODEACCESSRELEASED_6
16:41:42.555 (index):880 NODEACCESSRELEASED_7
16:41:42.556 (index):880 NODEACCESSRELEASED_8
16:41:42.556 (index):967 WAITING_9
16:41:42.557 (index):941 NODEACCESSREQUESTED_0
16:41:42.557 (index):941 NODEACCESSREQUESTED_1
16:41:42.558 (index):941 NODEACCESSREQUESTED_2
16:41:42.559 (index):905 UPDATE_3
16:41:42.559 (index):935 ATTRIBUTEACCESSREQUESTED_4
16:41:42.560 (index):935 ATTRIBUTEACCESSREQUESTED_5
16:41:42.561 (index):941 NODEACCESSREQUESTED_6
16:41:42.561 (index):941 NODEACCESSREQUESTED_7
16:41:42.562 (index):935 ATTRIBUTEACCESSREQUESTED_8
16:41:42.563 (index):967 WAITING_9
16:41:42.563 (index):905 UPDATE_0
16:41:42.564 (index):905 UPDATE_1
16:41:42.565 (index):905 UPDATE_2
16:41:42.565 (index):880 NODEACCESSRELEASED_3
16:41:42.566 (index):908 UPDATE_4
16:41:42.567 (index):908 UPDATE_5
16:41:42.567 (index):905 UPDATE_6
16:41:42.568 (index):905 UPDATE_7
16:41:42.568 (index):908 UPDATE_8
16:41:42.569 (index):967 WAITING_9
16:41:42.570 (index):880 NODEACCESSRELEASED_0
16:41:42.571 (index):880 NODEACCESSRELEASED_1
16:41:42.571 (index):880 NODEACCESSRELEASED_2
16:41:42.572 (index):935 ATTRIBUTEACCESSREQUESTED_3
16:41:42.573 (index):884 ATTRIBUTEACCESSRELEASED_4
16:41:42.573 (index):884 ATTRIBUTEACCESSRELEASED_5
16:41:42.574 (index):880 NODEACCESSRELEASED_6
16:41:42.575 (index):880 NODEACCESSRELEASED_7
16:41:42.576 (index):884 ATTRIBUTEACCESSRELEASED_8
16:41:42.576 (index):967 WAITING_9
16:41:42.577 (index):941 NODEACCESSREQUESTED_0
16:41:42.578 (index):935 ATTRIBUTEACCESSREQUESTED_1
16:41:42.578 (index):935 ATTRIBUTEACCESSREQUESTED_2
16:41:42.579 (index):908 UPDATE_3
16:41:42.580 (index):941 NODEACCESSREQUESTED_4
16:41:42.580 (index):941 NODEACCESSREQUESTED_5
16:41:42.581 (index):941 NODEACCESSREQUESTED_6
16:41:42.581 (index):935 ATTRIBUTEACCESSREQUESTED_7
16:41:42.582 (index):941 NODEACCESSREQUESTED_8
16:41:42.583 (index):967 WAITING_9
16:41:42.583 (index):905 UPDATE_0
16:41:42.584 (index):908 UPDATE_1
16:41:42.585 (index):908 UPDATE_2
16:41:42.586 (index):884 ATTRIBUTEACCESSRELEASED_3
16:41:42.586 (index):905 UPDATE_4
16:41:42.587 (index):905 UPDATE_5
16:41:42.587 (index):905 UPDATE_6
16:41:42.588 (index):908 UPDATE_7
16:41:42.589 (index):905 UPDATE_8
16:41:42.589 (index):967 WAITING_9
16:41:42.590 (index):880 NODEACCESSRELEASED_0
16:41:42.591 (index):884 ATTRIBUTEACCESSRELEASED_1
16:41:42.592 (index):884 ATTRIBUTEACCESSRELEASED_2
16:41:42.592 (index):935 ATTRIBUTEACCESSREQUESTED_3
16:41:42.593 (index):880 NODEACCESSRELEASED_4
16:41:42.594 (index):880 NODEACCESSRELEASED_5
16:41:42.594 (index):880 NODEACCESSRELEASED_6
16:41:42.595 (index):884 ATTRIBUTEACCESSRELEASED_7
16:41:42.596 (index):880 NODEACCESSRELEASED_8
16:41:42.597 (index):967 WAITING_9
16:41:42.597 (index):935 ATTRIBUTEACCESSREQUESTED_0
16:41:42.598 (index):935 ATTRIBUTEACCESSREQUESTED_1
16:41:42.599 (index):935 ATTRIBUTEACCESSREQUESTED_2
16:41:42.599 (index):908 UPDATE_3
16:41:42.600 (index):941 NODEACCESSREQUESTED_4
16:41:42.601 (index):941 NODEACCESSREQUESTED_5
16:41:42.601 (index):941 NODEACCESSREQUESTED_6
16:41:42.602 (index):941 NODEACCESSREQUESTED_7
16:41:42.603 (index):941 NODEACCESSREQUESTED_8
16:41:42.603 (index):967 WAITING_9
16:41:42.604 (index):908 UPDATE_0
16:41:42.604 (index):908 UPDATE_1
16:41:42.605 (index):908 UPDATE_2
16:41:42.606 (index):884 ATTRIBUTEACCESSRELEASED_3
16:41:42.606 (index):905 UPDATE_4
16:41:42.607 (index):905 UPDATE_5
16:41:42.607 (index):905 UPDATE_6
16:41:42.607 (index):967 WAITING_7
16:41:42.608 (index):967 WAITING_8
16:41:42.608 (index):967 WAITING_9
16:41:42.609 (index):884 ATTRIBUTEACCESSRELEASED_0
16:41:42.610 (index):884 ATTRIBUTEACCESSRELEASED_1
16:41:42.610 (index):884 ATTRIBUTEACCESSRELEASED_2
16:41:42.611 (index):941 NODEACCESSREQUESTED_3
16:41:42.611 (index):880 NODEACCESSRELEASED_4
16:41:42.612 (index):880 NODEACCESSRELEASED_5
16:41:42.613 (index):880 NODEACCESSRELEASED_6
16:41:42.613 (index):905 UPDATE_7
16:41:42.614 (index):905 UPDATE_8
16:41:42.614 (index):967 WAITING_9
16:41:42.614 (index):941 NODEACCESSREQUESTED_0
16:41:42.615 (index):941 NODEACCESSREQUESTED_1
16:41:42.616 (index):941 NODEACCESSREQUESTED_2
16:41:42.616 (index):967 WAITING_3
16:41:42.617 (index):941 NODEACCESSREQUESTED_4
16:41:42.617 (index):941 NODEACCESSREQUESTED_5
16:41:42.618 (index):941 NODEACCESSREQUESTED_6
16:41:42.618 (index):880 NODEACCESSRELEASED_7
16:41:42.619 (index):880 NODEACCESSRELEASED_8
16:41:42.620 (index):967 WAITING_9
16:41:42.620 (index):905 UPDATE_0
16:41:42.620 (index):905 UPDATE_1
16:41:42.621 (index):905 UPDATE_2
16:41:42.621 (index):905 UPDATE_3
16:41:42.622 (index):905 UPDATE_4
16:41:42.622 (index):905 UPDATE_5
16:41:42.623 (index):905 UPDATE_6
16:41:42.623 (index):941 NODEACCESSREQUESTED_7
16:41:42.624 (index):941 NODEACCESSREQUESTED_8
16:41:42.624 (index):967 WAITING_9
16:41:42.625 (index):880 NODEACCESSRELEASED_0
16:41:42.625 (index):880 NODEACCESSRELEASED_1
16:41:42.626 (index):880 NODEACCESSRELEASED_2
16:41:42.627 (index):880 NODEACCESSRELEASED_3
16:41:42.627 (index):880 NODEACCESSRELEASED_4
16:41:42.628 (index):880 NODEACCESSRELEASED_5
16:41:42.628 (index):880 NODEACCESSRELEASED_6
16:41:42.629 (index):905 UPDATE_7
16:41:42.629 (index):905 UPDATE_8
16:41:42.630 (index):967 WAITING_9
16:41:42.630 (index):941 NODEACCESSREQUESTED_0
16:41:42.631 (index):941 NODEACCESSREQUESTED_1
16:41:42.631 (index):935 ATTRIBUTEACCESSREQUESTED_2
16:41:42.632 (index):935 ATTRIBUTEACCESSREQUESTED_3
16:41:42.632 (index):935 ATTRIBUTEACCESSREQUESTED_4
16:41:42.633 (index):935 ATTRIBUTEACCESSREQUESTED_5
16:41:42.633 (index):941 NODEACCESSREQUESTED_6
16:41:42.634 (index):880 NODEACCESSRELEASED_7
16:41:42.635 (index):880 NODEACCESSRELEASED_8
16:41:42.635 (index):967 WAITING_9
16:41:42.635 (index):905 UPDATE_0
16:41:42.636 (index):905 UPDATE_1
16:41:42.636 (index):908 UPDATE_2
16:41:42.637 (index):908 UPDATE_3
16:41:42.637 (index):908 UPDATE_4
16:41:42.638 (index):908 UPDATE_5
16:41:42.638 (index):967 WAITING_6
16:41:42.639 (index):941 NODEACCESSREQUESTED_7
16:41:42.639 (index):941 NODEACCESSREQUESTED_8
16:41:42.640 (index):967 WAITING_9
16:41:42.640 (index):880 NODEACCESSRELEASED_0
16:41:42.641 (index):880 NODEACCESSRELEASED_1
16:41:42.642 (index):884 ATTRIBUTEACCESSRELEASED_2
16:41:42.642 (index):884 ATTRIBUTEACCESSRELEASED_3
16:41:42.643 (index):884 ATTRIBUTEACCESSRELEASED_4
16:41:42.644 (index):884 ATTRIBUTEACCESSRELEASED_5
16:41:42.644 (index):905 UPDATE_6
16:41:42.645 (index):905 UPDATE_7
16:41:42.645 (index):905 UPDATE_8
16:41:42.646 (index):967 WAITING_9
16:41:42.646 (index):941 NODEACCESSREQUESTED_0
16:41:42.647 (index):941 NODEACCESSREQUESTED_1
16:41:42.647 (index):935 ATTRIBUTEACCESSREQUESTED_2
16:41:42.648 (index):941 NODEACCESSREQUESTED_3
16:41:42.648 (index):941 NODEACCESSREQUESTED_4
16:41:42.649 (index):941 NODEACCESSREQUESTED_5
16:41:42.650 (index):880 NODEACCESSRELEASED_6
16:41:42.650 (index):880 NODEACCESSRELEASED_7
16:41:42.651 (index):880 NODEACCESSRELEASED_8
16:41:42.652 (index):967 WAITING_9
16:41:42.652 (index):905 UPDATE_0
16:41:42.652 (index):905 UPDATE_1
16:41:42.653 (index):908 UPDATE_2
16:41:42.653 (index):905 UPDATE_3
16:41:42.654 (index):905 UPDATE_4
16:41:42.654 (index):905 UPDATE_5
16:41:42.655 (index):941 NODEACCESSREQUESTED_6
16:41:42.655 (index):935 ATTRIBUTEACCESSREQUESTED_7
16:41:42.656 (index):941 NODEACCESSREQUESTED_8
16:41:42.656 (index):967 WAITING_9
16:41:42.657 (index):880 NODEACCESSRELEASED_0
16:41:42.658 (index):880 NODEACCESSRELEASED_1
16:41:42.658 (index):884 ATTRIBUTEACCESSRELEASED_2
16:41:42.659 (index):880 NODEACCESSRELEASED_3
16:41:42.659 (index):880 NODEACCESSRELEASED_4
16:41:42.660 (index):880 NODEACCESSRELEASED_5
16:41:42.660 (index):905 UPDATE_6
16:41:42.661 (index):908 UPDATE_7
16:41:42.661 (index):905 UPDATE_8
16:41:42.662 (index):967 WAITING_9
16:41:42.662 (index):935 ATTRIBUTEACCESSREQUESTED_0
16:41:42.663 (index):941 NODEACCESSREQUESTED_1
16:41:42.663 (index):935 ATTRIBUTEACCESSREQUESTED_2
16:41:42.664 (index):941 NODEACCESSREQUESTED_3
16:41:42.664 (index):935 ATTRIBUTEACCESSREQUESTED_4
16:41:42.665 (index):935 ATTRIBUTEACCESSREQUESTED_5
16:41:42.665 (index):880 NODEACCESSRELEASED_6
16:41:42.666 (index):884 ATTRIBUTEACCESSRELEASED_7
16:41:42.667 (index):880 NODEACCESSRELEASED_8
16:41:42.667 (index):967 WAITING_9
16:41:42.668 (index):908 UPDATE_0
16:41:42.668 (index):905 UPDATE_1
16:41:42.669 (index):908 UPDATE_2
16:41:42.669 (index):967 WAITING_3
16:41:42.669 (index):908 UPDATE_4
16:41:42.670 (index):908 UPDATE_5
16:41:42.670 (index):935 ATTRIBUTEACCESSREQUESTED_6
16:41:42.671 (index):941 NODEACCESSREQUESTED_7
16:41:42.671 (index):941 NODEACCESSREQUESTED_8
16:41:42.672 (index):967 WAITING_9
16:41:42.673 (index):884 ATTRIBUTEACCESSRELEASED_0
16:41:42.673 (index):880 NODEACCESSRELEASED_1
16:41:42.674 (index):884 ATTRIBUTEACCESSRELEASED_2
16:41:42.674 (index):967 WAITING_3
16:41:42.675 (index):884 ATTRIBUTEACCESSRELEASED_4
16:41:42.676 (index):884 ATTRIBUTEACCESSRELEASED_5
16:41:42.676 (index):908 UPDATE_6
16:41:42.677 (index):905 UPDATE_7
16:41:42.677 (index):905 UPDATE_8
16:41:42.678 (index):967 WAITING_9
16:41:42.678 (index):941 NODEACCESSREQUESTED_0
16:41:42.678 (index):941 NODEACCESSREQUESTED_1
16:41:42.679 (index):941 NODEACCESSREQUESTED_2
16:41:42.680 (index):967 WAITING_3
16:41:42.680 (index):935 ATTRIBUTEACCESSREQUESTED_4
16:41:42.680 (index):941 NODEACCESSREQUESTED_5
16:41:42.681 (index):884 ATTRIBUTEACCESSRELEASED_6
16:41:42.682 (index):880 NODEACCESSRELEASED_7
16:41:42.683 (index):880 NODEACCESSRELEASED_8
16:41:42.683 (index):967 WAITING_9
16:41:42.684 (index):905 UPDATE_0
16:41:42.684 (index):905 UPDATE_1
16:41:42.685 (index):905 UPDATE_2
16:41:42.685 (index):967 WAITING_3
16:41:42.685 (index):908 UPDATE_4
16:41:42.686 (index):905 UPDATE_5
16:41:42.686 (index):941 NODEACCESSREQUESTED_6
16:41:42.687 (index):941 NODEACCESSREQUESTED_7
16:41:42.687 (index):935 ATTRIBUTEACCESSREQUESTED_8
16:41:42.688 (index):967 WAITING_9
16:41:42.689 (index):880 NODEACCESSRELEASED_0
16:41:42.689 (index):880 NODEACCESSRELEASED_1
16:41:42.690 (index):880 NODEACCESSRELEASED_2
16:41:42.691 (index):967 WAITING_3
16:41:42.691 (index):884 ATTRIBUTEACCESSRELEASED_4
16:41:42.692 (index):880 NODEACCESSRELEASED_5
16:41:42.692 (index):967 WAITING_6
16:41:42.693 (index):905 UPDATE_7
16:41:42.693 (index):908 UPDATE_8
16:41:42.694 (index):967 WAITING_9
16:41:42.694 (index):941 NODEACCESSREQUESTED_0
16:41:42.695 (index):935 ATTRIBUTEACCESSREQUESTED_1
16:41:42.695 (index):941 NODEACCESSREQUESTED_2
16:41:42.696 (index):967 WAITING_3
16:41:42.696 (index):941 NODEACCESSREQUESTED_4
16:41:42.697 (index):941 NODEACCESSREQUESTED_5
16:41:42.697 (index):967 WAITING_6
16:41:42.698 (index):880 NODEACCESSRELEASED_7
16:41:42.699 (index):884 ATTRIBUTEACCESSRELEASED_8
16:41:42.699 (index):967 WAITING_9
16:41:42.700 (index):905 UPDATE_0
16:41:42.700 (index):908 UPDATE_1
16:41:42.700 (index):905 UPDATE_2
16:41:42.701 (index):967 WAITING_3
16:41:42.701 (index):905 UPDATE_4
16:41:42.702 (index):905 UPDATE_5
16:41:42.702 (index):967 WAITING_6
16:41:42.703 (index):935 ATTRIBUTEACCESSREQUESTED_7
16:41:42.703 (index):941 NODEACCESSREQUESTED_8
16:41:42.704 (index):967 WAITING_9
16:41:42.704 (index):880 NODEACCESSRELEASED_0
16:41:42.705 (index):884 ATTRIBUTEACCESSRELEASED_1
16:41:42.706 (index):880 NODEACCESSRELEASED_2
16:41:42.706 (index):967 WAITING_3
16:41:42.707 (index):880 NODEACCESSRELEASED_4
16:41:42.708 (index):880 NODEACCESSRELEASED_5
16:41:42.708 (index):905 UPDATE_6
16:41:42.709 (index):908 UPDATE_7
16:41:42.709 (index):905 UPDATE_8
16:41:42.709 (index):967 WAITING_9
16:41:42.710 (index):935 ATTRIBUTEACCESSREQUESTED_0
16:41:42.710 (index):941 NODEACCESSREQUESTED_1
16:41:42.711 (index):941 NODEACCESSREQUESTED_2
16:41:42.711 (index):967 WAITING_3
16:41:42.712 (index):941 NODEACCESSREQUESTED_4
16:41:42.712 (index):941 NODEACCESSREQUESTED_5
16:41:42.713 (index):880 NODEACCESSRELEASED_6
16:41:42.714 (index):884 ATTRIBUTEACCESSRELEASED_7
16:41:42.715 (index):880 NODEACCESSRELEASED_8
16:41:42.715 (index):967 WAITING_9
16:41:42.715 (index):908 UPDATE_0
16:41:42.716 (index):905 UPDATE_1
16:41:42.716 (index):905 UPDATE_2
16:41:42.717 (index):967 WAITING_3
16:41:42.717 (index):905 UPDATE_4
16:41:42.717 (index):905 UPDATE_5
16:41:42.718 (index):941 NODEACCESSREQUESTED_6
16:41:42.719 (index):941 NODEACCESSREQUESTED_7
16:41:42.719 (index):935 ATTRIBUTEACCESSREQUESTED_8
16:41:42.720 (index):967 WAITING_9
16:41:42.720 (index):978 END_0
16:41:42.721 (index):978 END_1
16:41:42.721 (index):978 END_2
16:41:42.722 (index):967 WAITING_3
16:41:42.722 (index):978 END_4
16:41:42.723 (index):978 END_5
16:41:42.724 (index):905 UPDATE_6
16:41:42.724 (index):905 UPDATE_7
16:41:42.725 (index):908 UPDATE_8
16:41:42.725 (index):967 WAITING_9
16:41:42.726 (index):967 WAITING_3
16:41:42.728 (index):880 NODEACCESSRELEASED_6
16:41:42.729 (index):978 END_7
16:41:42.730 (index):978 END_8
16:41:42.730 (index):905 UPDATE_9
16:41:42.731 (index):967 WAITING_3
16:41:42.733 (index):935 ATTRIBUTEACCESSREQUESTED_6
16:41:42.735 (index):880 NODEACCESSRELEASED_9
16:41:42.736 (index):905 UPDATE_3
16:41:42.738 (index):967 WAITING_6
16:41:42.740 (index):941 NODEACCESSREQUESTED_9
16:41:42.741 (index):880 NODEACCESSRELEASED_3
16:41:42.742 (index):908 UPDATE_6
16:41:42.744 (index):905 UPDATE_9
16:41:42.745 (index):941 NODEACCESSREQUESTED_3
16:41:42.747 (index):978 END_6
16:41:42.749 (index):880 NODEACCESSRELEASED_9
16:41:42.750 (index):905 UPDATE_3
16:41:42.753 (index):935 ATTRIBUTEACCESSREQUESTED_9
16:41:42.754 (index):880 NODEACCESSRELEASED_3
16:41:42.758 (index):908 UPDATE_9
16:41:42.759 (index):941 NODEACCESSREQUESTED_3
16:41:42.763 (index):884 ATTRIBUTEACCESSRELEASED_9
16:41:42.763 (index):905 UPDATE_3
16:41:42.767 (index):941 NODEACCESSREQUESTED_9
16:41:42.768 (index):880 NODEACCESSRELEASED_3
16:41:42.772 (index):905 UPDATE_9
16:41:42.773 (index):935 ATTRIBUTEACCESSREQUESTED_3
16:41:42.777 (index):880 NODEACCESSRELEASED_9
16:41:42.778 (index):908 UPDATE_3
16:41:42.782 (index):935 ATTRIBUTEACCESSREQUESTED_9
16:41:42.783 (index):884 ATTRIBUTEACCESSRELEASED_3
16:41:42.787 (index):908 UPDATE_9
16:41:42.787 (index):935 ATTRIBUTEACCESSREQUESTED_3
16:41:42.791 (index):884 ATTRIBUTEACCESSRELEASED_9
16:41:42.792 (index):908 UPDATE_3
16:41:42.796 (index):941 NODEACCESSREQUESTED_9
16:41:42.797 (index):978 END_3
16:41:42.801 (index):905 UPDATE_9
16:41:42.805 (index):880 NODEACCESSRELEASED_9
16:41:42.810 (index):941 NODEACCESSREQUESTED_9
16:41:42.815 (index):905 UPDATE_9
16:41:42.819 (index):880 NODEACCESSRELEASED_9
16:41:42.824 (index):941 NODEACCESSREQUESTED_9
16:41:42.829 (index):905 UPDATE_9
16:41:42.833 (index):880 NODEACCESSRELEASED_9
16:41:42.838 (index):941 NODEACCESSREQUESTED_9
16:41:42.843 (index):905 UPDATE_9
16:41:42.847 (index):880 NODEACCESSRELEASED_9
16:41:42.852 (index):941 NODEACCESSREQUESTED_9
16:41:42.856 (index):905 UPDATE_9
16:41:42.861 (index):880 NODEACCESSRELEASED_9
16:41:42.866 (index):935 ATTRIBUTEACCESSREQUESTED_9
16:41:42.870 (index):908 UPDATE_9
16:41:42.875 (index):978 END_9
